0.000000 -0.000000 0.000000
0.000000 -0.000000 0.000000
0.000000 -0.000000 0.000000
0.000000 -0.000000 0.000000
0.000000 -0.000000 0.000000
0.000000 -0.000000 0.000000
0.000000 -0.000000 0.000000
0.000000 -0.000000 0.000000
0.000000 -0.000000 0.000000
0.000000 -0.000000 0.000000
0.000000 -0.000000 0.000000
0.000000 -0.000000 0.000000
0.000000 -0.000000 0.000000
0.000000 -0.000000 0.000000
0.000000 -0.000000 0.000000
0.000000 -0.000000 0.000000
0.000000 -0.000000 0.000000
0.000000 -0.000000 0.000000
0.000000 -0.000000 0.000000
0.000000 -0.000000 0.000000
0.000000 -0.000000 0.000000
0.000000 -0.000000 0.000000
0.000000 -0.000000 0.000000
0.000000 -0.000000 0.000000
0.000000 -0.000000 0.000000
0.000000 -0.000000 0.000000
0.000000 -0.000000 0.000000
0.000000 -0.000000 0.000000
0.000000 -0.000000 0.000000
0.000000 -0.000000 0.000000
0.000000 -0.000000 0.000000
0.000000 -0.000000 0.000000
0.000000 -0.000000 0.000000
0.000000 -0.000000 0.000000
0.000000 -0.000000 0.000000
0.000000 -0.000000 0.000000
0.000000 -0.000000 0.000000
0.000000 -0.000000 0.000000
0.000000 -0.000000 0.000000
0.000000 -0.000000 0.000000
0.000000 -0.000000 0.000000
0.000000 -0.000000 0.000000
0.000000 -0.000000 0.000000
0.000000 -0.000000 0.000000
0.000000 -0.000000 0.000000
0.000000 -0.000000 0.000000
0.000000 -0.000000 0.000000
0.000000 -0.000000 0.000000
0.000000 -0.000000 0.000000
0.000000 -0.000000 0.000000
0.000000 -0.000000 0.000000
0.000000 -0.000000 0.000000
0.000000 -0.000000 0.000000
0.871757 0.045741 0.031068
1.749104 0.125570 0.063078
2.696428 0.234881 0.097882
3.644804 0.383017 0.130549
4.661940 0.575806 0.162452
5.673662 0.781834 0.188782
6.762142 1.021968 0.209165
7.881084 1.280513 0.222388
8.958710 1.507375 0.226168
10.125506 1.752368 0.226830
11.272222 1.999657 0.225969
12.509378 2.254551 0.225365
13.740316 2.518327 0.223816
15.040626 2.790967 0.222837
16.323497 3.059719 0.224937
17.695350 3.374877 0.231895
19.056383 3.691647 0.240321
20.504247 4.040110 0.249627
21.980985 4.435372 0.261244
23.411516 4.822189 0.275331
24.948680 5.269126 0.288914
26.471099 5.747025 0.307886
28.064152 6.286578 0.330989
29.616399 6.867978 0.355820
31.263694 7.526651 0.385947
32.927871 8.261219 0.417506
34.538217 9.021546 0.447908
36.147896 9.849256 0.478384
37.816880 10.764983 0.507430
39.495090 11.747835 0.535290
41.117155 12.736410 0.555411
42.798723 13.775633 0.568426
44.432643 14.816208 0.581814
46.135244 15.941963 0.594074
47.761931 17.026881 0.603066
49.473085 18.185206 0.610585
51.105062 19.304442 0.613724
52.808479 20.458901 0.611860
54.452206 21.567748 0.609754
56.159451 22.713452 0.606269
57.867181 23.840073 0.601466
59.501121 24.905215 0.594670
61.217226 25.995991 0.584886
62.873131 27.023878 0.574021
64.612355 28.071675 0.561399
66.296759 29.048494 0.548323
68.070729 30.048112 0.533731
69.789758 30.982386 0.519452
71.620728 31.942002 0.503429
73.394901 32.827383 0.485423
75.268715 33.721058 0.466352
77.080218 34.547236 0.445632
78.961750 35.341144 0.421454
80.778180 36.055520 0.397786
82.709255 36.765164 0.373567
84.660074 37.432619 0.348981
86.568594 38.033956 0.326644
88.585960 38.625655 0.303003
90.531070 39.146468 0.280085
92.583600 39.648016 0.256251
94.564584 40.078459 0.234123
96.648187 40.494176 0.214126
98.655173 40.851232 0.195959
100.772543 41.190796 0.178724
102.795545 41.480551 0.161797
104.915211 41.734278 0.143781
106.998633 41.967563 0.126600
109.115545 42.153930 0.106920
111.293920 42.307686 0.086888
113.394775 42.414160 0.067194
115.583876 42.477036 0.046937
117.690539 42.492536 0.027657
119.891413 42.468399 0.006574
122.008381 42.403782 -0.013201
124.220306 42.295143 -0.034326
126.351397 42.149554 -0.054369
128.566526 41.950857 -0.076007
130.705918 41.714824 -0.094945
132.937729 41.426016 -0.113795
135.170245 41.088720 -0.131858
137.321515 40.728506 -0.148457
139.561837 40.309156 -0.166450
141.739913 39.859216 -0.184698
143.977028 39.346693 -0.204479
146.149180 38.807204 -0.223135
148.408556 38.197944 -0.243331
150.595148 37.563045 -0.262519
152.862896 36.853089 -0.282057
155.040923 36.123207 -0.297946
157.307675 35.327183 -0.314154
159.574657 34.499468 -0.329730
161.768180 33.667634 -0.346250
164.049896 32.749562 -0.364071
166.231098 31.825202 -0.381034
168.499321 30.824205 -0.398240
170.679719 29.823062 -0.411030
172.937565 28.752716 -0.424695
175.104739 27.686106 -0.439167
177.365276 26.532967 -0.456762
179.519288 25.370558 -0.475616
181.739333 24.125811 -0.496074
183.846884 22.879037 -0.517463
186.006134 21.536157 -0.541589
188.006089 20.207614 -0.569352
190.043589 18.761417 -0.598369
192.032805 17.271913 -0.627086
193.874406 15.808942 -0.654281
195.666990 14.296516 -0.681529
197.487757 12.668096 -0.710626
199.244242 11.003846 -0.740582
200.877944 9.353359 -0.770753
202.520692 7.591393 -0.802154
204.034873 5.865979 -0.832116
205.552910 4.022582 -0.862742
206.943342 2.228290 -0.891155
208.327882 0.339821 -0.917330
209.607374 -1.494244 -0.938479
210.910623 -3.403144 -0.953124
212.133407 -5.234051 -0.965438
213.375201 -7.150087 -0.977125
214.544466 -8.999100 -0.985508
215.753954 -10.916270 -0.986240
216.931644 -12.737562 -0.981664
218.175954 -14.624754 -0.974488
219.381733 -16.414906 -0.966478
220.660431 -18.266342 -0.953902
221.905883 -20.004934 -0.938916
223.234439 -21.782943 -0.919420
224.542611 -23.462227 -0.896523
225.938929 -25.156981 -0.869380
227.392349 -26.819130 -0.840791
228.829889 -28.365958 -0.809949
230.392623 -29.919061 -0.771509
231.963791 -31.349707 -0.730524
233.679994 -32.769964 -0.683472
235.382868 -34.061774 -0.637137
237.230583 -35.324876 -0.587642
239.100592 -36.452674 -0.539593
241.108513 -37.541899 -0.488894
243.087587 -38.504455 -0.441147
245.221535 -39.427712 -0.398991
247.303363 -40.264124 -0.373110
249.497383 -41.094274 -0.349924
251.640913 -41.849973 -0.331197
253.908883 -42.625687 -0.315270
256.204432 -43.377737 -0.301863
258.433338 -44.083030 -0.293251
260.772648 -44.803369 -0.284078
263.044105 -45.483101 -0.275552
265.444355 -46.181265 -0.265357
267.755293 -46.826350 -0.255799
270.197243 -47.483183 -0.246200
272.564394 -48.093476 -0.237047
275.052740 -48.719199 -0.228480
277.467746 -49.304765 -0.222766
279.993267 -49.904695 -0.217390
282.542180 -50.494277 -0.211965
285.017328 -51.054938 -0.207386
287.604716 -51.635816 -0.203014
290.111872 -52.188364 -0.198643
292.723293 -52.747862 -0.194292
295.217957 -53.264881 -0.190021
297.801352 -53.788352 -0.186003
300.272991 -54.274567 -0.181903
302.819808 -54.765914 -0.178174
305.263740 -55.226185 -0.174132
307.787630 -55.691936 -0.170191
310.189921 -56.128115 -0.165542
312.688562 -56.571102 -0.160109
315.059874 -56.988158 -0.155515
317.504441 -57.399595 -0.152074
319.868180 -57.790197 -0.149575
322.297752 -58.192582 -0.149164
324.635706 -58.573996 -0.150907
327.063836 -58.986034 -0.156099
329.491566 -59.423226 -0.165714
331.773861 -59.873620 -0.177066
334.217912 -60.378607 -0.186358
336.513632 -60.862052 -0.191052
338.939160 -61.373288 -0.191117
341.254904 -61.868562 -0.191595
343.654947 -62.394205 -0.192702
345.984369 -62.882756 -0.188730
348.401228 -63.360334 -0.183506
350.703546 -63.812486 -0.179532
353.082548 -64.278308 -0.178413
355.356470 -64.729731 -0.179108
357.693996 -65.195287 -0.179809
359.929846 -65.639710 -0.180619
362.245291 -66.095559 -0.180233
364.441823 -66.517327 -0.177866
366.664571 -66.936308 -0.175532
368.756112 -67.334369 -0.173380
370.856606 -67.729847 -0.171378
372.794887 -68.097323 -0.169506
374.740099 -68.458377 -0.167802
376.558320 -68.799442 -0.166502
378.412995 -69.135106 -0.165518
380.197238 -69.474022 -0.165099
381.837433 -69.777307 -0.166034
383.477113 -70.089318 -0.169671
384.978792 -70.389384 -0.181062
386.452338 -70.732337 -0.206332
387.772530 -71.116322 -0.245168
389.046470 -71.566343 -0.295997
390.172268 -72.043920 -0.351877
391.256274 -72.602026 -0.420242
392.190710 -73.209976 -0.493610
393.107825 -73.903099 -0.574357
393.905307 -74.622602 -0.656337
394.645846 -75.450456 -0.748304
395.261965 -76.293966 -0.834670
395.848561 -77.224524 -0.916986
396.357576 -78.152315 -0.994023
396.788857 -79.170191 -1.069939
397.192583 -80.168344 -1.134895
397.562934 -81.268908 -1.197275
397.840539 -82.356430 -1.255746
398.106140 -83.526857 -1.305983
398.326098 -84.741546 -1.351781
398.470515 -85.951998 -1.396874
398.593039 -87.262586 -1.443344
398.628687 -88.577169 -1.489111
398.605836 -89.985749 -1.540108
398.515061 -91.392018 -1.589464
398.341995 -92.886125 -1.635022
398.140809 -94.378553 -1.670139
397.881513 -95.976195 -1.701103
397.580632 -97.550552 -1.729433
397.222641 -99.247792 -1.751834
396.844576 -100.926574 -1.768444
396.420011 -102.706351 -1.782073
395.985392 -104.476827 -1.787071
395.536522 -106.377134 -1.786160
395.098792 -108.245102 -1.785187
394.630689 -110.257749 -1.784002
394.171695 -112.240600 -1.783509
393.686093 -114.353401 -1.782115
393.207969 -116.436509 -1.780882
392.701842 -118.647863 -1.780955
392.170621 -120.914555 -1.782952
391.646794 -123.129862 -1.785207
391.116366 -125.373009 -1.787408
390.564757 -127.683798 -1.787090
390.045125 -129.932937 -1.784906
389.492407 -132.290248 -1.783084
388.944154 -134.661921 -1.781251
388.406362 -136.984068 -1.779814
387.857714 -139.408013 -1.778167
387.319304 -141.777397 -1.777243
386.756977 -144.284962 -1.776725
386.206472 -146.702155 -1.778246
385.617782 -149.266626 -1.780477
385.041030 -151.746461 -1.782605
384.428772 -154.372265 -1.785164
383.823638 -156.907171 -1.789656
383.167058 -159.587712 -1.794588
382.517816 -162.181595 -1.800132
381.818367 -164.902729 -1.806759
381.112216 -167.546851 -1.814383
380.342171 -170.316626 -1.824235
379.568130 -172.994867 -1.834471
378.732720 -175.796409 -1.845309
377.890317 -178.510729 -1.855804
376.978859 -181.342857 -1.867562
376.048863 -184.188217 -1.878906
375.082496 -186.946796 -1.891737
374.083731 -189.707855 -1.904535
373.003432 -192.548963 -1.920304
371.897682 -195.299719 -1.937113
370.681996 -198.146688 -1.958032
369.450414 -200.867910 -1.976887
368.124036 -203.703726 -1.994550
366.795687 -206.416763 -2.011399
365.345599 -209.236278 -2.027892
363.865251 -212.043008 -2.041167
362.401666 -214.751730 -2.053549
360.836251 -217.547273 -2.066594
359.295422 -220.218012 -2.078951
357.642301 -222.997257 -2.092277
356.008220 -225.661562 -2.104703
354.274341 -228.426085 -2.117766
352.581053 -231.029650 -2.131121
350.739928 -233.765487 -2.144629
348.956424 -236.387164 -2.157305
347.047234 -239.085085 -2.171164
345.177408 -241.652071 -2.183582
343.191597 -244.300216 -2.191789
341.326780 -246.803234 -2.192056
339.387329 -249.441250 -2.189647
337.560175 -251.934424 -2.188039
335.662324 -254.535367 -2.187167
333.846593 -257.020552 -2.186236
331.964118 -259.597805 -2.185497
330.169963 -262.055843 -2.184856
328.313828 -264.605640 -2.184476
326.538316 -267.038072 -2.185060
324.693528 -269.557997 -2.185661
322.920597 -271.968902 -2.186447
321.083701 -274.450530 -2.188098
319.344043 -276.819185 -2.190081
317.518325 -279.292377 -2.192458
315.694141 -281.745088 -2.195465
313.944200 -284.077638 -2.199161
312.108771 -286.494446 -2.203300
310.354666 -288.805231 -2.206846
308.515006 -291.191206 -2.211206
306.752613 -293.459138 -2.215218
304.911441 -295.808159 -2.220362
303.131051 -298.062001 -2.227114
301.269416 -300.385103 -2.234775
299.457592 -302.609688 -2.241897
297.562981 -304.902165 -2.249162
295.719835 -307.083584 -2.257782
293.753416 -309.345249 -2.268303
291.845285 -311.472502 -2.279105
289.824019 -313.679849 -2.290015
287.874516 -315.798625 -2.300277
285.858326 -317.978013 -2.310239
283.858693 -320.082224 -2.319669
281.758391 -322.176202 -2.330416
279.734761 -324.202255 -2.338930
277.596900 -326.334631 -2.347335
275.549397 -328.320605 -2.355390
273.373069 -330.397035 -2.359485
271.318914 -332.370852 -2.363045
269.154245 -334.443233 -2.366463
267.049657 -336.424879 -2.369683
264.872026 -338.464268 -2.373580
262.758462 -340.430965 -2.377469
260.567356 -342.455062 -2.381521
258.429913 -344.400374 -2.385962
256.207669 -346.403227 -2.388560
254.069105 -348.347428 -2.385550
251.868548 -350.388179 -2.380758
249.742535 -352.367701 -2.374483
247.546262 -354.457122 -2.366388
245.444928 -356.491619 -2.355708
243.273475 -358.652199 -2.342136
241.192100 -360.776125 -2.329223
239.049368 -363.023322 -2.315538
236.932999 -365.304934 -2.302280
234.919324 -367.543567 -2.289677
232.846045 -369.903684 -2.277093
230.866370 -372.200064 -2.264792
228.814117 -374.637889 -2.253114
226.823134 -377.076397 -2.242354
224.880498 -379.492247 -2.232882
222.981702 -381.892496 -2.224633
220.999559 -384.439312 -2.220099
219.086756 -386.883073 -2.221827
217.087397 -389.421735 -2.223816
215.142005 -391.878126 -2.225746
213.103023 -394.426065 -2.226588
211.175617 -396.887839 -2.221158
209.147752 -399.498816 -2.216164
207.207837 -401.999770 -2.211383
205.194491 -404.615598 -2.208290
203.254481 -407.149864 -2.206289
201.244702 -409.802049 -2.204133
199.312378 -412.366051 -2.202256
197.305438 -415.047585 -2.200152
195.386692 -417.632460 -2.198278
193.390476 -420.314144 -2.197300
191.492497 -422.859089 -2.198582
189.514361 -425.486434 -2.200184
187.629562 -427.997817 -2.200715
185.675298 -430.617890 -2.198447
183.806656 -433.126022 -2.196197
181.873412 -435.723784 -2.196673
180.006598 -438.209411 -2.198289
178.059271 -440.798497 -2.199704
176.186735 -443.282099 -2.201001
174.229871 -445.861978 -2.202429
172.352221 -448.337114 -2.203343
170.389641 -450.910130 -2.204636
168.496327 -453.381912 -2.205746
166.529246 -455.950154 -2.206981
164.640633 -458.410048 -2.206163
162.686845 -460.995597 -2.202922
160.838847 -463.477866 -2.200071
158.909423 -466.069567 -2.197036
157.095650 -468.521363 -2.193978
155.202352 -471.098775 -2.191038
153.413464 -473.540318 -2.188860
151.550027 -476.070693 -2.188899
149.786221 -478.456803 -2.188939
147.936219 -480.974273 -2.186528
146.202664 -483.353109 -2.184292
144.408547 -485.817594 -2.182134
142.695557 -488.180104 -2.180467
140.941756 -490.619773 -2.178926
139.292377 -492.948645 -2.177143
137.599431 -495.328490 -2.175487
136.013894 -497.543292 -2.173424
134.384647 -499.818566 -2.172145
132.838354 -501.993301 -2.171240
131.229903 -504.258442 -2.169955
129.716639 -506.396506 -2.170155
128.157447 -508.605031 -2.170812
126.674415 -510.711817 -2.171348
125.138986 -512.882699 -2.171950
123.689864 -514.898965 -2.176348
122.166954 -516.992722 -2.182997
120.714864 -518.969128 -2.189697
119.220001 -520.962450 -2.197125
117.795804 -522.848235 -2.203898
116.339548 -524.747418 -2.211300
114.982242 -526.485268 -2.218359
113.600034 -528.207365 -2.228929
112.313669 -529.764466 -2.243648
111.014045 -531.270177 -2.268274
109.757871 -532.609668 -2.304312
108.441494 -533.838336 -2.357450
107.112550 -534.911978 -2.423679
105.830923 -535.768120 -2.491266
104.496119 -536.495795 -2.562639
103.263613 -537.098346 -2.634378
102.039775 -537.577882 -2.706200
100.914796 -537.937100 -2.777273
99.749278 -538.215910 -2.851340
98.631111 -538.366262 -2.925913
97.459875 -538.440870 -3.010476
96.336661 -538.412289 -3.088399
95.198022 -538.283228 3.114325
94.102952 -538.104581 3.048396
92.925108 -537.858505 2.999424
91.770339 -537.622032 2.974107
90.539020 -537.376561 2.961070
89.344640 -537.115720 2.954114
88.064121 -536.838506 2.948023
86.792892 -536.569463 2.948328
85.430869 -536.285549 2.953835
84.031333 -536.023147 2.958502
82.641269 -535.747458 2.962745
81.159169 -535.463817 2.965847
79.700029 -535.191446 2.967899
78.133845 -534.882219 2.967115
76.628665 -534.576620 2.964768
74.982275 -534.254924 2.963733
73.389245 -533.931732 2.963198
71.668557 -533.596447 2.963469
69.996937 -533.258952 2.963551
68.216732 -532.903158 2.964131
66.471198 -532.567906 2.967721
64.609408 -532.213961 2.968816
62.791170 -531.866425 2.968712
60.867010 -531.499876 2.967012
58.979418 -531.140429 2.965707
56.984572 -530.755543 2.965695
55.036067 -530.391517 2.967727
52.968483 -530.009641 2.969791
50.943016 -529.630609 2.971384
48.809731 -529.228972 2.972282
46.651980 -528.819647 2.971255
44.542732 -528.433292 2.970752
42.310329 -527.993789 2.970599
40.169258 -527.586245 2.972023
37.884816 -527.168172 2.972947
35.658907 -526.759458 2.973866
33.332586 -526.313558 2.973824
31.084814 -525.891789 2.974083
28.702279 -525.453076 2.973969
26.414258 -525.029233 2.973643
24.021896 -524.582056 2.973361
21.715429 -524.139662 2.972666
19.292928 -523.678633 2.971998
16.974976 -523.235992 2.971107
14.576416 -522.783173 2.970455
12.295494 -522.352685 2.969724
9.936632 -521.911975 2.969076
7.685211 -521.484950 2.968569
5.364103 -521.042443 2.967938
3.151682 -520.624615 2.967624
0.857378 -520.184300 2.967234
-1.322371 -519.757668 2.966545
-3.582277 -519.314344 2.966678
-5.730728 -518.903002 2.968095
-7.958866 -518.476220 2.969286
-10.086663 -518.067678 2.970077
-12.280895 -517.646536 2.970860
-14.390069 -517.248202 2.971138
-16.537160 -516.848989 2.971227
-18.594070 -516.463904 2.970742
-20.729839 -516.059673 2.971437
-22.821864 -515.666893 2.971809
-24.782210 -515.305644 2.972488
-26.777430 -514.937553 2.972985
-28.640712 -514.584570 2.972950
-30.472501 -514.238267 2.971347
-32.326789 -513.871986 2.966080
-34.135724 -513.491532 2.954431
-35.837541 -513.102117 2.937304
-37.524643 -512.667333 2.910053
-39.043072 -512.213247 2.874243
-40.543548 -511.670672 2.827798
-41.888587 -511.091538 2.776154
-43.164559 -510.418645 2.711682
-44.293650 -509.729735 2.645062
-45.409462 -508.930766 2.576598
-46.425628 -508.099212 2.505208
-47.384562 -507.161105 2.427482
-48.209316 -506.172544 2.350106
-48.998508 -505.097474 2.272887
-49.690146 -504.070723 2.202974
-50.282703 -502.944800 2.131742
-50.808760 -501.818965 2.064722
-51.265894 -500.608859 2.001836
-51.652949 -499.405530 1.938118
-51.969253 -498.244691 1.879227
-52.210574 -497.005697 1.818678
-52.365575 -495.756934 1.760243
-52.488488 -494.438748 1.707612
-52.547483 -493.167689 1.663154
-52.545397 -491.805027 1.621764
-52.528168 -490.457676 1.588516
-52.471945 -489.029637 1.556449
-52.359331 -487.616591 1.528265
-52.230093 -486.101741 1.504326
-52.067082 -484.615398 1.483345
-51.859423 -483.033125 1.465476
-51.645137 -481.481948 1.450683
-51.383160 -479.831916 1.437073
-51.109926 -478.217459 1.425430
-50.802267 -476.506269 1.414442
-50.483363 -474.828148 1.408434
-50.159208 -473.036303 1.405784
-49.820623 -471.203927 1.403042
-49.476552 -469.412235 1.400007
-49.111335 -467.516037 1.396421
-48.751534 -465.649905 1.393427
-48.345749 -463.683789 1.390125
-47.955299 -461.756028 1.386767
-47.528717 -459.718999 1.383734
-47.109931 -457.724190 1.380100
-46.665070 -455.621950 1.377122
-46.217696 -453.577319 1.373787
-45.743787 -451.429814 1.371855
-45.284742 -449.330919 1.371922
-44.805158 -447.129550 1.373643
-44.343976 -444.988245 1.375221
-43.856188 -442.719253 1.378885
-43.407996 -440.533164 1.382936
-42.941064 -438.219227 1.386742
-42.493630 -435.984652 1.389655
-42.035020 -433.634056 1.392860
-41.594008 -431.369011 1.394775
-41.137192 -429.018560 1.397268
-40.708339 -426.771249 1.399362
-40.280431 -424.461197 1.401256
-39.863569 -422.159706 1.401931
-39.451694 -419.975011 1.400975
-39.017876 -417.741719 1.399104
-38.598804 -415.609950 1.395968
-38.153004 -413.386035 1.393905
-37.736147 -411.310698 1.390064
-37.298783 -409.159844 1.386682
-36.875725 -407.110214 1.383721
-36.434505 -405.004822 1.380136
-36.000271 -403.014351 1.377208
-35.550694 -400.952068 1.377959
-35.139392 -398.976857 1.383633
-34.729053 -396.918216 1.390406
-34.352017 -394.943727 1.398038
-33.977709 -392.880788 1.406295
-33.633854 -390.871592 1.413756
-33.278260 -388.761263 1.418567
-32.933019 -386.719026 1.421194
-32.581299 -384.574796 1.423012
-32.225689 -382.413676 1.422219
-31.881485 -380.323686 1.421121
-31.521457 -378.145277 1.420934
-31.175236 -376.031166 1.421431
-30.804540 -373.817511 1.421566
-30.427147 -371.595935 1.421000
-30.067822 -369.450163 1.420897
-29.708504 -367.289756 1.420647
-29.321447 -365.029588 1.419282
-28.939881 -362.760330 1.416156
-28.550832 -360.564743 1.412116
-28.153716 -358.374135 1.408035
-27.729597 -356.064852 1.404081
-27.313164 -353.843580 1.400238
-26.871293 -351.521001 1.399227
-26.457083 -349.273327 1.400059
-26.010896 -346.931433 1.401020
-25.565691 -344.571291 1.401324
-25.135502 -342.288570 1.402015
-24.690637 -339.900472 1.402785
-24.241521 -337.617147 1.404297
-23.828186 -335.211835 1.407870
-23.422743 -332.873687 1.409317
-22.994608 -330.452963 1.412417
-22.589575 -328.114179 1.414449
-22.167336 -325.660448 1.416131
-21.759990 -323.281151 1.415879
-21.328401 -320.807184 1.414192
-20.909027 -318.404838 1.413256
-20.473043 -315.885748 1.412904
-20.050683 -313.450217 1.414695
-19.614917 -310.895775 1.416323
-19.189894 -308.418260 1.417507
-18.750007 -305.827555 1.418636
-18.326579 -303.317394 1.418368
-17.874292 -300.681591 1.417618
-17.413033 -298.034435 1.416606
-16.970281 -295.478430 1.415624
-16.510428 -292.802325 1.414880
-16.065961 -290.202920 1.415049
-15.593106 -287.491592 1.415023
-15.129447 -284.884419 1.414504
-14.648203 -282.149916 1.414047
-14.189209 -279.527495 1.413757
-13.699118 -276.730827 1.413165
-13.256646 -274.099977 1.413542
-12.790173 -271.331698 1.414166
-12.348837 -268.715807 1.415030
-11.881815 -265.991929 1.415595
-11.436578 -263.398001 1.416210
-10.964847 -260.699078 1.416372
-10.520700 -258.082490 1.417199
-10.067413 -255.362759 1.417251
-9.610489 -252.745811 1.415402
-9.128482 -249.980685 1.413967
-8.661420 -247.339468 1.412090
-8.164549 -244.548764 1.410546
-7.684944 -241.863451 1.409916
-7.192562 -239.069005 1.411737
-6.722751 -236.357577 1.413559
-6.234491 -233.533314 1.415062
-5.769783 -230.805349 1.414691
-5.279761 -227.977980 1.413490
-4.792143 -225.232090 1.411974
-4.282447 -222.382068 1.411406
-3.781692 -219.636994 1.410457
-3.261553 -216.771687 1.410079
-2.779773 -214.057163 1.409620
-2.275664 -211.226145 1.409215
-1.775962 -208.431149 1.409115
-1.301819 -205.768548 1.409060
-0.829654 -203.099383 1.409124
-0.325182 -200.331913 1.408249
0.177592 -197.555854 1.407264
0.663706 -194.898174 1.405685
1.174675 -192.105427 1.404403
1.663210 -189.435276 1.403754
2.176290 -186.639376 1.404748
2.675278 -183.939468 1.405280
3.192356 -181.128184 1.405972
3.693317 -178.397706 1.406404
4.216135 -175.560187 1.406738
4.716491 -172.835810 1.407268
5.224387 -169.973853 1.409141
5.711259 -167.223278 1.411535
6.209411 -164.348811 1.414029
6.687106 -161.589277 1.415610
7.183525 -158.684183 1.416972
7.671245 -155.786652 1.417597
8.135489 -152.998662 1.417328
8.635360 -150.074043 1.416959
9.119559 -147.266001 1.416485
9.622693 -144.347166 1.415993
10.108939 -141.521711 1.415555
10.622049 -138.581342 1.415070
11.123493 -135.751862 1.414293
11.631826 -132.793013 1.413976
12.124144 -129.941978 1.413408
12.646821 -126.988139 1.412777
13.152300 -124.138598 1.411667
13.673793 -121.151693 1.411258
14.170035 -118.353403 1.410417
14.710440 -115.434840 1.409358
15.214665 -112.618027 1.408768
15.725333 -109.743724 1.407197
16.231170 -106.961177 1.406070
16.763512 -104.082396 1.404688
17.272701 -101.318835 1.403761
17.804495 -98.437805 1.403098
18.315406 -95.689847 1.402853
18.842831 -92.830672 1.403757
19.373567 -89.964277 1.404517
19.871143 -87.233272 1.405750
20.388241 -84.386686 1.406777
20.881513 -81.660033 1.408562
21.384569 -78.835557 1.411183
21.854013 -76.129900 1.414053
22.327383 -73.322827 1.417197
22.773056 -70.635372 1.419677
23.251394 -67.733598 1.421281
23.679543 -65.180926 1.421540
24.142055 -62.417536 1.422103
24.593664 -59.793307 1.422130
25.037450 -57.074125 1.422603
25.459404 -54.479788 1.422060
25.903897 -51.807218 1.421721
26.343242 -49.156035 1.421034
26.766629 -46.620506 1.420358
27.223297 -43.996617 1.418409
27.657525 -41.516160 1.414826
28.135969 -38.920995 1.410150
28.594819 -36.486997 1.404206
29.076082 -33.944973 1.397999
29.543450 -31.533104 1.391648
30.050187 -29.051872 1.383246
30.566915 -26.679661 1.373976
31.127962 -24.242908 1.361457
31.695270 -21.938405 1.347002
32.318401 -19.565056 1.330511
32.939085 -17.316857 1.312505
33.632402 -14.999971 1.289760
34.371801 -12.849402 1.264484
35.190656 -10.618347 1.238340
36.022798 -8.521404 1.212081
36.949070 -6.411038 1.181801
37.938594 -4.327996 1.151310
38.956960 -2.320657 1.122200
40.042068 -0.323850 1.091674
41.141047 1.570600 1.065472
42.334527 3.531505 1.041797
43.532052 5.398734 1.020270
44.818921 7.306950 0.997340
46.106149 9.121337 0.974613
47.489503 10.953729 0.946986
48.871807 12.696023 0.921560
50.359348 14.470663 0.894788
51.826479 16.115223 0.868565
53.399022 17.823194 0.841957
54.934487 19.404896 0.814992
56.602030 21.012299 0.786764
58.260239 22.512790 0.759446
60.009171 24.019671 0.729830
61.805941 25.469311 0.698658
63.592511 26.820741 0.668487
65.489997 28.173793 0.637775
67.357991 29.422209 0.608326
69.244529 30.599426 0.577839
71.242915 31.757238 0.543851
73.287462 32.839003 0.507847
75.295238 33.804988 0.473589
77.440132 34.753413 0.440450
79.528760 35.603634 0.414751
81.713947 36.450031 0.390491
83.849915 37.222032 0.366603
86.069357 37.959028 0.338674
88.238719 38.608735 0.311803
90.509980 39.221511 0.282282
92.706288 39.749184 0.253613
95.003603 40.227329 0.223120
97.224118 40.618173 0.194192
99.562921 40.965972 0.168153
101.830907 41.257034 0.147952
104.173143 41.522467 0.130259
106.573465 41.763294 0.112744
108.851633 41.946535 0.095458
111.236427 42.096831 0.077858
113.539945 42.198016 0.060948
115.932762 42.258726 0.043156
118.238951 42.269392 0.026003
120.656232 42.240441 0.008001
122.974220 42.179914 -0.008868
125.408780 42.079666 -0.026441
127.758796 41.942578 -0.044109
130.215693 41.747438 -0.063755
132.585457 41.513196 -0.082872
135.060163 41.212644 -0.104046
137.450508 40.864599 -0.126708
139.936164 40.441994 -0.149854
142.347763 39.975287 -0.172705
144.837796 39.431941 -0.195913
147.255555 38.858291 -0.215749
149.784840 38.207694 -0.235751
152.209768 37.530440 -0.253554
154.745127 36.780234 -0.271233
157.296476 35.977260 -0.289070
159.743706 35.163134 -0.306261
162.300912 34.253736 -0.326251
164.748136 33.316708 -0.346300
167.293331 32.286345 -0.366461
169.740793 31.247321 -0.386123
172.255188 30.110964 -0.408327
174.613885 28.974868 -0.429466
177.055124 27.742162 -0.453260
179.333564 26.509772 -0.478755
181.677843 25.158444 -0.506490
183.874627 23.812268 -0.534434
186.140048 22.328371 -0.565396
188.331299 20.776407 -0.600315
190.390460 19.201757 -0.633567
192.488137 17.495195 -0.667886
194.438184 15.800951 -0.699310
196.417589 13.963448 -0.731138
198.267953 12.133003 -0.761645
200.127956 10.188192 -0.790764
201.875949 8.257945 -0.818183
203.628811 6.216940 -0.845535
205.256065 4.228948 -0.869031
206.890638 2.128462 -0.893383
208.396784 0.088574 -0.916769
209.907781 -2.058521 -0.937604
211.382214 -4.212461 -0.954658
212.751501 -6.286113 -0.968461
214.149166 -8.450639 -0.979217
215.467784 -10.527679 -0.980754
216.863868 -12.646167 -0.971601
218.233378 -14.656980 -0.961286
219.675510 -16.713756 -0.945536
221.094740 -18.648336 -0.925883
222.602556 -20.607257 -0.904823
224.144739 -22.527807 -0.881620
225.675823 -24.313777 -0.849281
227.330361 -26.104569 -0.812118
228.986160 -27.763208 -0.776614
230.757656 -29.423168 -0.740224
232.528217 -30.955782 -0.704955
234.431671 -32.497485 -0.667350
236.301001 -33.908954 -0.627802
238.333965 -35.281375 -0.581822
240.372776 -36.521653 -0.536149
242.542278 -37.708397 -0.487547
244.695074 -38.769985 -0.442471
247.015446 -39.784254 -0.402212
249.273592 -40.706319 -0.377201
251.656688 -41.628979 -0.355359
254.095885 -42.520362 -0.336170
256.464280 -43.342873 -0.319402
258.963628 -44.162750 -0.302525
261.389010 -44.912618 -0.286541
263.948187 -45.671399 -0.272678
266.437109 -46.381499 -0.261333
269.038860 -47.094341 -0.250309
271.575928 -47.757432 -0.240435
274.235107 -48.432579 -0.231466
276.816512 -49.065534 -0.223121
279.523077 -49.697898 -0.215975
282.244323 -50.327043 -0.211472
284.880122 -50.928528 -0.207843
287.638590 -51.547750 -0.203392
290.302000 -52.137246 -0.199184
293.074624 -52.732742 -0.195346
295.733655 -53.295967 -0.194048
298.513477 -53.880326 -0.192330
301.185530 -54.430994 -0.190508
303.967174 -54.995812 -0.188342
306.656357 -55.540460 -0.186095
309.453722 -56.096962 -0.183110
312.259675 -56.655081 -0.180385
314.956556 -57.192041 -0.177794
317.647012 -57.713582 -0.175456
320.478456 -58.253156 -0.173299
323.188292 -58.763744 -0.171650
326.017611 -59.285300 -0.169833
328.749852 -59.788384 -0.170409
331.538455 -60.323241 -0.174432
334.295704 -60.860256 -0.176914
337.114878 -61.406340 -0.178123
339.948571 -61.963356 -0.176262
342.628541 -62.493676 -0.173671
345.405657 -63.025729 -0.171608
348.082988 -63.520286 -0.169919
350.830967 -64.028641 -0.168698
353.450855 -64.519289 -0.167878
356.173858 -65.024838 -0.166683
358.749053 -65.499240 -0.165573
361.406707 -65.978245 -0.164257
363.883547 -66.418391 -0.162993
366.364747 -66.851420 -0.161895
368.679230 -67.264358 -0.162462
370.998851 -67.686519 -0.163054
373.126334 -68.078668 -0.163095
375.257791 -68.468377 -0.163135
377.220076 -68.830249 -0.163084
379.187375 -69.189815 -0.164132
380.993205 -69.544198 -0.170496
382.786530 -69.915732 -0.184502
384.430473 -70.306852 -0.210665
386.097392 -70.776136 -0.250903
387.672792 -71.334935 -0.302748
389.079307 -71.925239 -0.353343
390.411130 -72.571043 -0.411119
391.564589 -73.240868 -0.473271
392.693075 -74.016326 -0.548407
393.690903 -74.834757 -0.630863
394.614045 -75.780078 -0.721389
395.407066 -76.761478 -0.808832
396.156495 -77.839340 -0.899163
396.765712 -78.943616 -0.984738
397.327867 -80.141253 -1.073303
397.809250 -81.416920 -1.156540
398.164842 -82.678020 -1.237174
398.439614 -84.046914 -1.320015
398.586138 -85.410904 -1.395926
398.665563 -86.870525 -1.465553
398.664727 -88.335984 -1.516360
398.625865 -89.885660 -1.556931
398.539520 -91.404181 -1.594540
398.374507 -93.029379 -1.633749
398.161430 -94.632929 -1.669568
397.875489 -96.338197 -1.707353
397.522790 -98.090036 -1.741171
397.132344 -99.815352 -1.764485
396.694635 -101.654341 -1.782666
396.238970 -103.453745 -1.795028
395.749857 -105.395704 -1.796304
395.289302 -107.305703 -1.794311
394.794250 -109.355968 -1.792103
394.313566 -111.378455 -1.790469
393.800553 -113.534933 -1.789528
393.298358 -115.645671 -1.787904
392.763919 -117.898058 -1.786176
392.246375 -120.109251 -1.784413
391.696994 -122.470335 -1.783379
391.155450 -124.783449 -1.784561
390.574763 -127.236024 -1.785350
389.994687 -129.746242 -1.783619
389.425633 -132.197455 -1.782557
388.821365 -134.786089 -1.781865
388.225382 -137.339780 -1.781108
387.612897 -140.022915 -1.779872
387.013864 -142.648044 -1.779336
386.384880 -145.402370 -1.778956
385.771631 -148.071301 -1.779892
385.120465 -150.888546 -1.782142
384.484652 -153.620002 -1.784432
383.807473 -156.490835 -1.787091
383.116255 -159.387860 -1.789554
382.439256 -162.193815 -1.792497
381.717045 -165.127811 -1.797515
380.988226 -167.969250 -1.804618
380.196340 -170.927182 -1.817045
379.393872 -173.746251 -1.832322
378.512798 -176.667269 -1.847657
377.620918 -179.487219 -1.862316
376.650609 -182.414563 -1.876482
375.698820 -185.234883 -1.887587
374.638002 -188.200270 -1.898207
373.605758 -191.031351 -1.906464
372.484680 -193.989837 -1.919520
371.346116 -196.837596 -1.934658
370.103410 -199.788993 -1.951764
368.857712 -202.623800 -1.969526
367.504869 -205.568832 -1.988043
366.083732 -208.517887 -2.005907
364.663141 -211.323085 -2.022950
363.130727 -214.257175 -2.038116
361.610055 -217.062593 -2.053098
359.974005 -219.975275 -2.068420
358.348402 -222.766070 -2.083726
356.593483 -225.663284 -2.100251
354.854247 -228.444472 -2.118612
352.985982 -231.260510 -2.138686
351.102035 -233.987869 -2.156008
349.109370 -236.833670 -2.172875
347.139625 -239.512629 -2.186663
345.052195 -242.305205 -2.193652
342.941580 -245.104208 -2.196410
340.930301 -247.811997 -2.195083
338.821102 -250.658238 -2.193465
336.820197 -253.367796 -2.192233
334.736587 -256.193816 -2.191495
332.749307 -258.888972 -2.190827
330.689345 -261.673553 -2.191939
328.713591 -264.331092 -2.194985
326.653853 -267.077405 -2.198531
324.672367 -269.695340 -2.200337
322.608073 -272.421790 -2.198992
320.649645 -275.020595 -2.198700
318.626047 -277.724554 -2.199525
316.600493 -280.418193 -2.201828
314.656713 -282.970998 -2.208086
312.633442 -285.577998 -2.214301
310.723383 -288.017401 -2.220451
308.780623 -290.447395 -2.230392
306.955361 -292.677012 -2.240906
305.102674 -294.887647 -2.253712
303.358404 -296.917483 -2.266529
301.614808 -298.903152 -2.282546
299.962383 -300.707053 -2.299739
298.292677 -302.452667 -2.314983
296.764704 -304.028106 -2.321594
295.213852 -305.611975 -2.324634
293.651425 -307.205697 -2.325483
292.162454 -308.719248 -2.323323
290.623490 -310.307273 -2.319761
289.150474 -311.859512 -2.317355
287.641419 -313.507961 -2.315697
286.137286 -315.100379 -2.315861
284.558521 -316.739468 -2.317008
283.014708 -318.351129 -2.316687
281.389994 -320.022295 -2.318152
279.882021 -321.631134 -2.319529
278.259067 -323.330007 -2.321238
276.585999 -325.050658 -2.323720
275.009922 -326.646430 -2.326281
273.336323 -328.357894 -2.326565
271.728254 -329.994604 -2.325494
270.054571 -331.708263 -2.323648
268.445947 -333.401732 -2.321627
266.750833 -335.189133 -2.319446
265.117433 -336.894015 -2.320272
263.382296 -338.681747 -2.324374
261.643341 -340.468388 -2.329621
259.936247 -342.189179 -2.335028
258.130000 -343.988503 -2.341322
256.380293 -345.711923 -2.347143
254.520654 -347.525666 -2.352657
252.727551 -349.267799 -2.355441
250.836391 -351.102531 -2.355756
249.004926 -352.878400 -2.355636
247.095894 -354.741972 -2.353104
245.245773 -356.562144 -2.348847
243.325930 -358.473341 -2.342119
241.470135 -360.347496 -2.334582
239.537782 -362.335210 -2.325517
237.620476 -364.352245 -2.314901
235.779812 -366.337043 -2.303609
233.966691 -368.348133 -2.291898
232.071751 -370.489859 -2.280324
230.184723 -372.658818 -2.268887
228.379891 -374.783810 -2.260325
226.534128 -376.999001 -2.251119
224.736512 -379.195452 -2.241332
222.898517 -381.481998 -2.231394
221.134166 -383.730702 -2.223589
219.296588 -386.087755 -2.218902
217.533168 -388.363083 -2.216320
215.674089 -390.762589 -2.215276
213.889125 -393.073043 -2.214219
212.019820 -395.496937 -2.211523
210.230553 -397.836696 -2.208981
208.334507 -400.308264 -2.206998
206.533687 -402.669418 -2.204920
204.631754 -405.162693 -2.203608
202.811735 -407.564603 -2.201753
200.916941 -410.098651 -2.198795
199.091940 -412.553366 -2.197107
197.184177 -415.114334 -2.198496
195.343252 -417.585094 -2.199425
193.397820 -420.177575 -2.200982
191.533465 -422.658170 -2.201305
189.583383 -425.245782 -2.201958
187.704838 -427.742447 -2.201645
185.742364 -430.363535 -2.200886
183.845786 -432.884904 -2.200372
181.874526 -435.510169 -2.200029
179.971657 -438.035929 -2.200270
177.984184 -440.675188 -2.200291
176.068254 -443.216803 -2.200739
174.072259 -445.853486 -2.201580
172.172154 -448.365058 -2.202333
170.191169 -450.968545 -2.202931
168.297838 -453.454053 -2.203294
166.345366 -456.021692 -2.203931
164.478278 -458.471734 -2.204063
162.549411 -461.023220 -2.203407
160.722747 -463.455464 -2.203260
158.821210 -465.987514 -2.200992
156.947005 -468.497021 -2.198863
155.139901 -470.928507 -2.196897
153.279522 -473.434131 -2.194721
151.489558 -475.838841 -2.191391
149.666686 -478.323363 -2.187240
147.900880 -480.747266 -2.182449
146.103988 -483.245938 -2.177508
144.387630 -485.643745 -2.173811
142.612665 -488.143432 -2.170166
140.939716 -490.528600 -2.168042
139.223151 -493.009353 -2.166433
137.568895 -495.384295 -2.165128
135.860669 -497.820726 -2.163659
134.229438 -500.141417 -2.163020
132.548155 -502.550337 -2.162297
130.865828 -504.958348 -2.162436
129.278502 -507.229964 -2.166069
127.618067 -509.586135 -2.171187
126.016371 -511.831710 -2.177884
124.335250 -514.116479 -2.187251
122.760018 -516.216768 -2.197040
121.118085 -518.379616 -2.205759
119.588896 -520.348891 -2.214103
118.021080 -522.339904 -2.222813
116.467799 -524.282925 -2.230217
115.015149 -526.079488 -2.237303
113.524340 -527.883291 -2.245250
112.063139 -529.614045 -2.256376
110.695692 -531.162819 -2.277048
109.252892 -532.677478 -2.312789
107.801256 -534.019213 -2.367259
106.392451 -535.131008 -2.431611
104.901317 -536.084284 -2.508462
103.408639 -536.882671 -2.599670
101.908376 -537.528759 -2.694192
100.300627 -538.035146 -2.793449
98.644973 -538.377850 -2.891554
97.015975 -538.560313 -2.986064
95.301163 -538.573836 -3.081084
93.602938 -538.450642 3.114004
91.918804 -538.204402 3.043063
90.155348 -537.856897 2.985518
88.391231 -537.461881 2.954972
86.660431 -537.080605 2.947766
84.825292 -536.690996 2.945239
83.034954 -536.302326 2.942358
81.153975 -535.884443 2.938862
79.222804 -535.453510 2.935950
77.352580 -535.011657 2.935299
75.383383 -534.575627 2.940062
73.366877 -534.141930 2.946315
71.387869 -533.724411 2.950201
69.312575 -533.286400 2.952287
67.202404 -532.845429 2.953557
65.141077 -532.420634 2.954815
62.967204 -531.976895 2.956125
60.858711 -531.554862 2.957340
58.625012 -531.115593 2.959061
56.364994 -530.671876 2.960746
54.174084 -530.251513 2.962449
51.863155 -529.809134 2.964325
49.536914 -529.352985 2.965225
47.305449 -528.912531 2.963796
44.996811 -528.469817 2.962518
42.784568 -528.014905 2.962577
40.516199 -527.569132 2.964500
38.264392 -527.134612 2.967273
36.092430 -526.732760 2.970545
33.845748 -526.304934 2.973126
31.699461 -525.907471 2.976239
29.442142 -525.503917 2.979264
27.272098 -525.124381 2.981554
25.012992 -524.718948 2.980062
22.742877 -524.300018 2.977227
20.557939 -523.884730 2.973755
18.264603 -523.443301 2.970578
16.057237 -523.015986 2.967381
13.741992 -522.567581 2.964497
11.425282 -522.110276 2.961473
9.185056 -521.665402 2.959236
6.839678 -521.192942 2.957231
4.588244 -520.735821 2.955343
2.241798 -520.253031 2.953848
-0.002652 -519.785724 2.953872
-2.334892 -519.305998 2.957652
-4.667475 -518.842730 2.962465
-6.897526 -518.409839 2.966242
-9.213319 -517.966105 2.970310
-11.415388 -517.552308 2.973086
-13.710096 -517.127909 2.975894
-15.879074 -516.743451 2.978511
-18.113092 -516.348393 2.980851
-20.356454 -515.955212 2.983365
-22.463416 -515.591268 2.985195
-24.604604 -515.224303 2.985876
-26.685021 -514.868611 2.986623
-28.605406 -514.533158 2.987307
-30.540260 -514.200848 2.988281
-32.316584 -513.890175 2.987284
-34.085943 -513.571983 2.984563
-35.719947 -513.274079 2.977328
-37.316572 -512.949460 2.960399
-38.743102 -512.613205 2.929892
-40.148079 -512.189684 2.884852
-41.487993 -511.684890 2.823266
-42.718203 -511.098629 2.753869
-43.934786 -510.390536 2.678515
-45.038537 -509.645649 2.604855
-46.117635 -508.787200 2.531796
-47.106364 -507.908277 2.462390
-48.036953 -506.914968 2.392051
-48.894889 -505.869647 2.320954
-49.647186 -504.818195 2.253495
-50.348431 -503.722896 2.183382
-50.918146 -502.603422 2.115063
-51.462833 -501.383991 2.043743
-51.892306 -500.127564 1.975461
-52.262634 -498.917048 1.911250
-52.551405 -497.634194 1.846016
-52.751351 -496.360700 1.781950
-52.888032 -494.987492 1.717393
-52.934156 -493.623445 1.653466
-52.885525 -492.300841 1.596056
-52.785512 -490.886958 1.544289
-52.640881 -489.518054 1.503754
-52.439216 -488.059533 1.471486
-52.227668 -486.638281 1.450822
-51.998857 -485.122289 1.436536
-51.737476 -483.577201 1.427464
-51.491303 -482.065187 1.422782
-51.216666 -480.458751 1.419924
-50.946614 -478.889309 1.417989
-50.661205 -477.235268 1.416343
-50.367560 -475.557025 1.414271
-50.076011 -473.919256 1.409946
-49.753960 -472.189255 1.404296
-49.428099 -470.501867 1.397430
-49.067213 -468.724079 1.390170
-48.701093 -466.992360 1.381405
-48.298374 -465.156362 1.368082
-47.839246 -463.300464 1.354891
-47.383460 -461.497007 1.342403
-46.864442 -459.591240 1.331689
-46.358977 -457.723617 1.328722
-45.845903 -455.751284 1.335396
-45.353019 -453.732790 1.348259
-44.910908 -451.762348 1.366301
-44.498620 -449.666024 1.385641
-44.123614 -447.622750 1.403081
-43.764846 -445.456563 1.419236
-43.414863 -443.239913 1.424846
-43.062520 -441.100132 1.424219
-42.688337 -438.832643 1.423268
-42.320565 -436.628467 1.422150
-41.938648 -434.306901 1.421537
-41.566258 -432.051637 1.421386
-41.167356 -429.682179 1.419719
-40.748688 -427.274880 1.416909
-40.348369 -424.953498 1.414660
-39.931582 -422.517477 1.412613
-39.510716 -420.152497 1.410625
-39.058430 -417.696260 1.408247
-38.612802 -415.313412 1.405475
-38.138450 -412.784363 1.403995
-37.665196 -410.288878 1.400907
-37.209573 -407.880091 1.398927
-36.725412 -405.356735 1.396240
-36.247796 -402.946464 1.393855
-35.738235 -400.425522 1.391430
-35.238782 -397.925100 1.393310
-34.781680 -395.540824 1.399212
-34.323715 -393.069356 1.405016
-33.902822 -390.712134 1.409403
-33.476932 -388.259171 1.414148
-33.061476 -385.804480 1.418428
-32.667684 -383.462935 1.420844
-32.265520 -380.985618 1.422589
-31.885575 -378.619294 1.423088
-31.481787 -376.147872 1.423642
-31.070672 -373.655389 1.423142
-30.672276 -371.267216 1.422320
-30.257738 -368.770758 1.421164
-29.850530 -366.364528 1.420192
-29.419214 -363.860481 1.416161
-28.994683 -361.442267 1.412053
-28.541119 -358.930053 1.407205
-28.073984 -356.408426 1.402033
-27.603989 -353.976922 1.396629
-27.103391 -351.450378 1.391118
-26.616106 -349.015519 1.386572
-26.085586 -346.481278 1.384341
-25.560860 -343.934508 1.384574
-25.056716 -341.477288 1.384548
-24.523273 -338.953541 1.385594
-24.038199 -336.549272 1.386527
-23.540350 -334.016906 1.387400
-23.053952 -331.593189 1.387098
-22.550774 -329.113118 1.388457
-22.062953 -326.647209 1.390786
-21.601937 -324.285814 1.392781
-21.125607 -321.852871 1.391803
-20.660637 -319.551540 1.387045
-20.170719 -317.196007 1.380187
-19.694846 -315.007055 1.372522
-19.193868 -312.801906 1.362490
-18.683551 -310.681639 1.351764
-18.188440 -308.716484 1.342024
-17.677604 -306.766201 1.331964
-17.188004 -304.978998 1.322577
-16.667271 -303.157155 1.312478
-16.126995 -301.359341 1.303758
-15.612639 -299.699712 1.299684
-15.121895 -298.046030 1.302540
-14.692615 -296.526720 1.309401
-14.281564 -295.016997 1.317308
-13.923293 -293.643435 1.326409
-13.579864 -292.292148 1.335459
-13.273151 -291.014331 1.344000
-13.005626 -289.867032 1.353446
-12.770316 -288.770900 1.363914
-12.574851 -287.806491 1.373844
-12.388730 -286.862347 1.383159
-12.232252 -285.999161 1.391507
-12.096758 -285.241586 1.397598
-11.952848 -284.440697 1.401302
-11.816814 -283.684672 1.402312
-11.672184 -282.920909 1.399747
-11.514022 -282.147042 1.391939
-11.350435 -281.409378 1.380117
-11.155895 -280.639084 1.361904
-10.940980 -279.879576 1.337390
-10.685015 -279.091758 1.307259
-10.423045 -278.276849 1.276791
-10.111519 -277.510050 1.241142
-9.706545 -276.742542 1.194324
-9.319906 -275.974496 1.138425
-8.809878 -275.193807 1.076137
-8.221409 -274.469082 1.009416
-7.590247 -273.758192 0.935676
-6.904192 -273.052935 0.856794
-6.133127 -272.463827 0.778782
-5.289323 -271.886211 0.691303
-4.394221 -271.325362 0.608303
-3.375242 -270.887717 0.517951
-2.304014 -270.489574 0.424606
-1.185624 -270.194757 0.336828
0.032669 -269.992391 0.249293
1.283627 -269.853557 0.173569
2.650740 -269.795056 0.104540
4.018984 -269.801368 0.047904
5.500145 -269.858230 0.001935
7.031833 -269.953869 -0.025747
8.562591 -270.049610 -0.045718
10.224539 -270.207155 -0.064739
11.883673 -270.370962 -0.078915
13.666992 -270.570927 -0.091878
15.515557 -270.795031 -0.101297
17.347263 -271.032556 -0.110250
19.311300 -271.308529 -0.119433
21.262929 -271.593260 -0.127834
23.351038 -271.908596 -0.133551
25.502035 -272.244337 -0.138869
27.620137 -272.587764 -0.143666
29.881233 -272.965436 -0.147657
32.106756 -273.339689 -0.148591
34.482348 -273.736485 -0.149620
36.915797 -274.149987 -0.151449
39.285937 -274.559182 -0.154056
41.801824 -274.997091 -0.156421
44.267372 -275.427356 -0.158752
46.867433 -275.883454 -0.160978
49.499740 -276.354996 -0.163324
52.052449 -276.824890 -0.165376
54.741494 -277.327168 -0.166439
57.358420 -277.815523 -0.167163
60.109816 -278.327109 -0.167021
62.901476 -278.844107 -0.166432
65.601285 -279.341896 -0.165982
68.437259 -279.859840 -0.165367
71.211041 -280.371685 -0.165147
74.103789 -280.897543 -0.164405
76.919366 -281.399190 -0.163037
79.899419 -281.937654 -0.161864
82.876725 -282.489550 -0.161285
85.777007 -283.003765 -0.161302
88.833228 -283.545611 -0.161725
91.786276 -284.079701 -0.161657
94.883564 -284.631738 -0.161746
98.016295 -285.189140 -0.161864
101.051221 -285.735732 -0.162132
104.221127 -286.300754 -0.162226
107.300562 -286.854793 -0.162667
110.488626 -287.432381 -0.163374
113.653173 -287.994434 -0.163951
116.680617 -288.533844 -0.164281
119.813236 -289.110757 -0.164939
122.787890 -289.656483 -0.165133
125.883950 -290.226159 -0.166995
128.954675 -290.809328 -0.169876
131.874130 -291.376043 -0.171779
134.911029 -291.952822 -0.171628
137.809977 -292.504521 -0.171350
140.810065 -293.074821 -0.171101
143.784297 -293.632434 -0.171513
146.630401 -294.171712 -0.171745
149.567358 -294.717724 -0.171422
152.380048 -295.235499 -0.169375
155.292333 -295.772332 -0.166423
158.068254 -296.272622 -0.163776
160.964199 -296.795118 -0.162813
163.838314 -297.309967 -0.161795
166.605335 -297.796391 -0.162011
169.462342 -298.321434 -0.165990
172.186140 -298.841165 -0.169952
175.081193 -299.378119 -0.170331
177.769346 -299.911906 -0.171158
180.595229 -300.420293 -0.173294
183.472549 -300.977026 -0.178343
186.154369 -301.513560 -0.180601
188.976672 -302.064409 -0.179946
191.699348 -302.605223 -0.178664
194.518969 -303.189315 -0.178719
197.348525 -303.732016 -0.178222
199.945602 -304.235515 -0.178293
202.705039 -304.774242 -0.176324
205.206134 -305.248123 -0.175793
207.688572 -305.749551 -0.175241
209.945143 -306.192248 -0.175495
212.197514 -306.621091 -0.176851
214.298823 -307.036064 -0.178023
216.270408 -307.430105 -0.179959
218.259361 -307.806106 -0.181211
220.299816 -308.232554 -0.181101
222.343829 -308.616088 -0.179423
224.263936 -309.003518 -0.178267
226.339514 -309.387114 -0.177351
228.356341 -309.783663 -0.176857
230.357558 -310.174399 -0.176505
232.468100 -310.585048 -0.176231
234.488639 -310.978317 -0.175515
236.638993 -311.393393 -0.174224
238.810774 -311.803948 -0.173530
240.909763 -312.204634 -0.172527
243.139437 -312.650665 -0.172580
245.270088 -313.056376 -0.174723
247.517549 -313.498943 -0.177451
249.791539 -313.955386 -0.180465
251.961022 -314.397516 -0.182882
254.240406 -314.865586 -0.184944
256.380410 -315.298303 -0.186075
258.619437 -315.747868 -0.184587
260.741577 -316.157850 -0.182139
262.927650 -316.592635 -0.176953
265.102368 -316.983026 -0.168212
267.160969 -317.312758 -0.157033
269.312439 -317.670724 -0.141994
271.348246 -317.945872 -0.119202
273.453109 -318.144026 -0.090142
275.591766 -318.292813 -0.058311
277.605473 -318.353604 -0.022294
279.675757 -318.321450 0.025616
281.668781 -318.170039 0.075330
283.719487 -317.921465 0.129925
285.744015 -317.534812 0.185435
287.667640 -317.056774 0.240384
289.630597 -316.458401 0.305475
291.505550 -315.736113 0.375874
293.386326 -314.826522 0.452058
295.131350 -313.835246 0.523453
296.911033 -312.630051 0.593437
298.638908 -311.310462 0.661567
300.226732 -309.906502 0.726181
301.811633 -308.291253 0.782547
303.314960 -306.733702 0.819848
304.862890 -305.004461 0.858549
306.381130 -303.181365 0.886043
307.845512 -301.400091 0.902111
309.372190 -299.491410 0.917686
310.825113 -297.623090 0.928471
312.337116 -295.623589 0.939490
313.842161 -293.561597 0.950808
315.283792 -291.547873 0.962240
316.784597 -289.436733 0.972042
318.236011 -287.317091 0.983047
319.708947 -285.090443 0.994280
321.134997 -282.894751 1.004689
322.633608 -280.584819 1.009873
324.158311 -278.261920 1.009577
325.637493 -275.968247 1.009579
327.202259 -273.620631 1.007324
328.742299 -271.314689 1.006078
330.348086 -268.891471 1.001913
331.897993 -266.570323 0.998315
333.546017 -264.132687 0.993237
335.209735 -261.689004 0.988172
336.841375 -259.329449 0.981698
338.532822 -256.901713 0.973782
340.213337 -254.532590 0.965974
341.958561 -252.115428 0.957637
343.720809 -249.741329 0.950850
345.413559 -247.472583 0.949637
347.141080 -245.117888 0.952401
348.780520 -242.855384 0.957065
350.475270 -240.510912 0.964333
352.154842 -238.149042 0.970879
353.746910 -235.877784 0.973908
355.399125 -233.499557 0.976999
356.975023 -231.184383 0.981293
358.597458 -228.845259 0.990848
360.163084 -226.476526 1.008034
361.686019 -224.015374 1.030990
363.152239 -221.491025 1.055588
364.518212 -219.027560 1.074404
365.925731 -216.440504 1.089819
367.246177 -213.918296 1.104075
368.593082 -211.251589 1.115828
369.871805 -208.688145 1.124225
371.198356 -205.981583 1.132418
372.506869 -203.248972 1.141100
373.726296 -200.612309 1.153261
374.950483 -197.818370 1.171262
376.093459 -195.098763 1.189651
377.232706 -192.247669 1.210103
378.304341 -189.362372 1.231231
379.292354 -186.557814 1.250217
380.258553 -183.629102 1.269781
381.138332 -180.744514 1.287304
382.020743 -177.757381 1.299584
382.892673 -174.738279 1.309449
383.680481 -171.854986 1.317915
384.483839 -168.846264 1.325412
385.229234 -165.986454 1.334781
385.967483 -163.018245 1.344883
386.644229 -160.177083 1.352933
387.338163 -157.207909 1.358912
387.964529 -154.434818 1.361145
388.623691 -151.516306 1.362718
389.264335 -148.633747 1.360789
389.895893 -145.897080 1.355947
390.576629 -143.054709 1.351345
391.227199 -140.347425 1.349369
391.900989 -137.574534 1.349213
392.539821 -134.906450 1.348674
393.194794 -132.163678 1.348087
393.828098 -129.550805 1.348558
394.484169 -126.840253 1.350102
395.096342 -124.263024 1.351567
395.726205 -121.593893 1.353162
396.349128 -118.943578 1.354330
396.937824 -116.441211 1.355320
397.537799 -113.896737 1.355510
398.103924 -111.511743 1.354967
398.666668 -109.106519 1.355126
399.203523 -106.795333 1.354585
399.701669 -104.680508 1.353121
400.196260 -102.588169 1.350910
400.659145 -100.662018 1.348727
401.127232 -98.713566 1.346387
401.573396 -96.928014 1.345069
401.999559 -95.187206 1.343942
402.393305 -93.594113 1.343651
402.786181 -91.951672 1.346471
403.138071 -90.426509 1.355432
403.456346 -88.896742 1.375017
403.698075 -87.391695 1.411146
403.857857 -85.943949 1.454666
403.941129 -84.457590 1.503747
403.938973 -83.060119 1.551588
403.865151 -81.605056 1.608783
403.709799 -80.199774 1.664196
403.458287 -78.758405 1.726185
403.129456 -77.334939 1.789696
402.711629 -75.996270 1.852260
402.176115 -74.600360 1.924743
401.545384 -73.332930 2.004690
400.764083 -72.095384 2.096475
399.876513 -70.946893 2.192473
398.829562 -69.869593 2.301840
397.659446 -68.880344 2.413420
396.420523 -68.057497 2.519927
395.033660 -67.288198 2.620189
393.597517 -66.650589 2.701151
392.060771 -66.057128 2.772776
390.509748 -65.582242 2.832883
388.807309 -65.140972 2.883873
387.083874 -64.748938 2.917836
385.370681 -64.394184 2.937343
383.520151 -64.020563 2.951350
381.713241 -63.679856 2.961431
379.769175 -63.305307 2.966323
377.861390 -62.944738 2.970625
375.829805 -62.567175 2.974520
373.743366 -62.195342 2.978395
371.698363 -61.833905 2.979688
369.528544 -61.443993 2.979028
367.406045 -61.063941 2.978889
365.145282 -60.663997 2.978825
362.848458 -60.249152 2.978292
360.610210 -59.840805 2.977884
358.231815 -59.407678 2.977527
355.907134 -58.982980 2.977109
353.449869 -58.540164 2.976896
351.071830 -58.107853 2.976610
348.577490 -57.651554 2.975944
346.058516 -57.190877 2.975266
343.647432 -56.757471 2.974816
341.170823 -56.312426 2.974315
338.807814 -55.880509 2.973961
336.366255 -55.427138 2.973390
334.042361 -54.988821 2.972757
331.639753 -54.522158 2.972075
329.312811 -54.088539 2.973022
326.892604 -53.640625 2.973823
324.515585 -53.190905 2.974042
322.195057 -52.756448 2.974874
319.798940 -52.313314 2.975336
317.505865 -51.886449 2.974854
315.108167 -51.438860 2.974584
312.806713 -51.006989 2.973893
310.378753 -50.550364 2.973837
307.933798 -50.095328 2.974457
305.566439 -49.656095 2.974776
303.068017 -49.194045 2.975333
300.663179 -48.747968 2.975479
298.138039 -48.286593 2.975827
295.708816 -47.835967 2.975135
293.146217 -47.358755 2.974564
290.549067 -46.876919 2.973157
288.086707 -46.404870 2.969445
285.531023 -45.903824 2.965964
283.095780 -45.424663 2.962379
280.583582 -44.921838 2.958777
278.180208 -44.433872 2.955461
275.707819 -43.928375 2.951179
273.357837 -43.430743 2.944716
270.955586 -42.896958 2.933575
268.631581 -42.339984 2.918649
266.500040 -41.779199 2.900665
264.389668 -41.172483 2.880982
262.463142 -40.571659 2.862731
260.578355 -39.950790 2.844823
258.875467 -39.357727 2.832703
257.134155 -38.755765 2.824699
255.486544 -38.174163 2.820063
253.981644 -37.648302 2.822246
252.407884 -37.124072 2.833540
250.904422 -36.650647 2.848418
249.374932 -36.204039 2.870338
247.919071 -35.839499 2.899449
246.415243 -35.523768 2.932748
244.953694 -35.273130 2.969774
243.555648 -35.104406 3.011650
242.106793 -35.000478 3.063013
240.739185 -34.987234 3.117194
239.333844 -35.061810 -3.101943
238.003919 -35.241067 -3.029866
236.644412 -35.562025 -2.946091
235.321362 -36.004800 -2.859511
234.094086 -36.538404 -2.776188
232.835284 -37.186387 -2.690852
231.669587 -37.915839 -2.616070
230.501070 -38.752775 -2.536216
229.425248 -39.658323 -2.460870
228.369199 -40.722462 -2.380491
227.385869 -41.889814 -2.299293
226.491874 -43.098509 -2.218829
225.665841 -44.459350 -2.137060
224.962157 -45.863626 -2.059066
224.288404 -47.381668 -1.983212
223.728699 -49.018323 -1.918157
223.214337 -50.637642 -1.877498
222.710283 -52.343777 -1.846638
222.270995 -54.052736 -1.818418
221.850182 -55.883008 -1.788435
221.493437 -57.672352 -1.760435
221.159975 -59.596988 -1.738928
220.837756 -61.465430 -1.726998
220.513052 -63.462191 -1.717239
220.193068 -65.486833 -1.713086
219.874341 -67.460288 -1.714324
219.532888 -69.555336 -1.716062
219.199465 -71.591645 -1.717832
218.840897 -73.753067 -1.719763
218.474400 -75.943722 -1.721149
218.116291 -78.080420 -1.722322
217.734096 -80.333632 -1.723434
217.359121 -82.528639 -1.724587
216.960558 -84.860735 -1.725544
216.572094 -87.120999 -1.725976
216.159816 -89.504946 -1.726033
215.741973 -91.909022 -1.725569
215.326629 -94.246068 -1.725484
214.905958 -96.711818 -1.725451
214.507270 -99.104213 -1.725917
214.082893 -101.607166 -1.726052
213.671559 -104.026219 -1.725999
213.235050 -106.579642 -1.725646
212.811377 -109.047850 -1.724816
212.376679 -111.607666 -1.723574
211.936017 -114.189445 -1.722884
211.517913 -116.631737 -1.722517
211.087871 -119.153681 -1.722259
210.676048 -121.578657 -1.722083
210.257579 -124.072319 -1.721618
209.862693 -126.448919 -1.720699
209.461146 -128.906223 -1.719146
209.080182 -131.253091 -1.717629
208.693631 -133.676580 -1.715199
208.315192 -136.068202 -1.712705
207.969174 -138.293511 -1.710651
207.624520 -140.520056 -1.709400
207.307241 -142.582322 -1.708062
206.990495 -144.676440 -1.706855
206.694156 -146.632386 -1.706336
206.390191 -148.654652 -1.707233
206.077633 -150.623989 -1.711869
205.770815 -152.487058 -1.717222
205.438418 -154.442079 -1.722277
205.134425 -156.247777 -1.724218
204.805559 -158.153743 -1.723678
204.505475 -159.963367 -1.723991
204.184749 -161.836117 -1.722987
203.893502 -163.636977 -1.723000
203.585063 -165.499602 -1.722502
203.269943 -167.377635 -1.722822
202.973606 -169.158078 -1.723212
202.656355 -171.026187 -1.724574
202.341465 -172.831053 -1.727236
202.002535 -174.710822 -1.731300
201.665469 -176.522636 -1.736281
201.304026 -178.423503 -1.741932
200.926107 -180.332698 -1.747646
200.561868 -182.175213 -1.753185
200.176457 -184.092364 -1.757898
199.781084 -185.954228 -1.758974
199.383072 -187.890206 -1.757455
199.004915 -189.752281 -1.756373
198.616389 -191.704167 -1.755925
198.233939 -193.567540 -1.757798
197.826284 -195.513926 -1.760718
197.409976 -197.472280 -1.763153
197.006762 -199.349520 -1.764073
196.589675 -201.317380 -1.762333
196.196157 -203.224271 -1.757191
195.809517 -205.219495 -1.749117
195.443685 -207.149229 -1.741250
195.083483 -209.163739 -1.734268
194.725125 -211.211140 -1.730093
194.389892 -213.165585 -1.729721
194.040103 -215.196402 -1.729578
193.707749 -217.133058 -1.730258
193.357456 -219.125181 -1.731046
193.015388 -221.030269 -1.731935
192.661020 -222.997200 -1.732982
192.331617 -224.883523 -1.733488
191.970225 -226.810768 -1.736308
191.604840 -228.752515 -1.740452
191.241762 -230.614885 -1.744277
190.867715 -232.533251 -1.748223
190.503299 -234.389724 -1.749126
190.135730 -236.308027 -1.748176
189.786492 -238.133545 -1.747057
189.421649 -240.028386 -1.746140
189.071562 -241.902418 -1.745389
188.726329 -243.687362 -1.744241
188.375714 -245.548983 -1.743712
188.043815 -247.300638 -1.743659
187.699821 -249.116058 -1.743407
187.370231 -250.839617 -1.743088
187.031846 -252.602360 -1.742933
186.699196 -254.361604 -1.742827
186.381606 -256.042595 -1.742390
186.042103 -257.808849 -1.742390
185.719234 -259.506246 -1.742381
185.377618 -261.285474 -1.742434
185.049584 -263.001493 -1.742460
184.704966 -264.794108 -1.742634
184.362322 -266.596243 -1.742715
184.038363 -268.324584 -1.742764
183.699242 -270.131688 -1.741511
183.388545 -271.866360 -1.733692
183.100493 -273.673024 -1.717748
182.864136 -275.418801 -1.693128
182.717627 -277.213725 -1.654192
182.650757 -278.931670 -1.608372
182.711544 -280.709697 -1.551806
182.890558 -282.443644 -1.483657
183.180350 -284.105404 -1.414712
183.594579 -285.796642 -1.334991
184.146699 -287.351499 -1.255312
184.836112 -288.935559 -1.172264
185.631513 -290.412634 -1.094693
186.558121 -291.878096 -1.012856
187.627174 -293.318406 -0.931423
188.774614 -294.597580 -0.849576
190.067251 -295.817811 -0.764336
191.471054 -296.908574 -0.680531
193.009890 -297.936493 -0.592506
194.582818 -298.805258 -0.508354
196.332980 -299.575367 -0.419725
198.153972 -300.196914 -0.338285
199.950025 -300.713745 -0.287520
201.850490 -301.214877 -0.250395
203.704048 -301.642848 -0.222004
205.671800 -302.047948 -0.198432
207.584121 -302.424108 -0.186006
209.579099 -302.818417 -0.181432
211.575396 -303.211988 -0.179424
213.424482 -303.577186 -0.177598
215.281917 -303.940765 -0.175972
217.043100 -304.276933 -0.174131
218.800279 -304.597906 -0.172067
220.623996 -304.954340 -0.172152
222.480953 -305.306417 -0.171004
224.072746 -305.616046 -0.170748
226.016761 -305.980011 -0.170400
227.780097 -306.320386 -0.169603
229.672214 -306.672433 -0.170627
231.622433 -307.038466 -0.173392
233.470793 -307.395375 -0.176039
235.379224 -307.776314 -0.179487
237.253289 -308.150122 -0.182195
239.221496 -308.551891 -0.185423
241.128761 -308.948236 -0.188880
243.151994 -309.374356 -0.191999
245.180151 -309.814023 -0.195460
247.155426 -310.252117 -0.198207
249.239176 -310.714792 -0.200342
251.242169 -311.166488 -0.202535
253.362174 -311.643310 -0.203670
255.389258 -312.096461 -0.204456
257.476701 -312.562702 -0.204439
259.549520 -313.018810 -0.199895
261.532702 -313.423946 -0.193577
263.564934 -313.839599 -0.187395
265.508083 -314.225648 -0.181386
267.495812 -314.609839 -0.175667
269.408501 -314.965146 -0.169123
271.390027 -315.313015 -0.160819
273.272920 -315.607955 -0.147401
275.231107 -315.892018 -0.120884
277.227384 -316.078050 -0.079119
279.141535 -316.145314 -0.024453
281.121325 -316.044048 0.040528
283.019819 -315.840838 0.107501
284.988703 -315.495777 0.176758
286.888917 -315.003658 0.245319
288.775326 -314.372946 0.327389
290.658413 -313.547094 0.405123
292.450119 -312.620028 0.480176
294.204788 -311.528435 0.561146
295.877300 -310.300344 0.634690
297.526038 -308.905219 0.709197
299.047092 -307.456120 0.775299
300.572507 -305.805317 0.835322
302.008706 -304.111283 0.873873
303.449603 -302.355613 0.894517
304.926879 -300.524491 0.908918
306.342441 -298.725741 0.919337
307.832427 -296.776545 0.927751
309.278694 -294.881536 0.929285
310.816836 -292.895461 0.929121
312.401042 -290.853234 0.928956
313.905348 -288.896078 0.928936
315.528547 -286.775912 0.929246
317.103336 -284.731463 0.929294
318.770132 -282.582338 0.929689
320.393815 -280.498575 0.929983
322.093584 -278.290703 0.932107
323.820075 -276.046023 0.933616
325.484152 -273.876532 0.934776
327.225458 -271.594854 0.936824
328.926824 -269.346055 0.938939
330.695664 -267.003493 0.940742
332.412472 -264.721463 0.942535
334.209927 -262.315362 0.944308
335.955357 -259.976203 0.945878
337.746988 -257.544914 0.947585
339.566801 -255.068971 0.948329
341.316813 -252.680760 0.949452
343.149444 -250.197562 0.950175
344.913486 -247.817221 0.950506
346.725629 -245.354732 0.951506
348.439219 -242.999608 0.953058
350.219017 -240.577026 0.956526
351.914409 -238.256692 0.959984
353.646155 -235.847022 0.963477
355.353446 -233.436944 0.970141
356.945733 -231.088057 0.985124
358.552064 -228.706325 1.001814
360.090273 -226.308778 1.020236
361.586166 -223.838741 1.040232
362.977495 -221.436107 1.057800
364.381090 -218.919737 1.075542
365.744111 -216.400876 1.092915
367.004732 -213.964543 1.107111
368.291396 -211.418064 1.116032
369.503779 -208.989084 1.123818
370.749744 -206.444637 1.132509
371.927014 -203.980469 1.141229
373.115110 -201.418174 1.152499
374.257130 -198.826754 1.168712
375.313908 -196.311520 1.186146
376.398455 -193.655145 1.203414
377.371586 -191.106017 1.220340
378.362817 -188.385858 1.236118
379.277549 -185.784776 1.251757
380.183980 -183.040458 1.265969
381.031328 -180.367556 1.277182
381.881251 -177.607400 1.287962
382.718868 -174.803472 1.298333
383.475117 -172.143451 1.308123
384.241103 -169.363389 1.317041
384.948057 -166.719991 1.325754
385.663855 -163.974809 1.333901
386.317102 -161.362950 1.342108
386.980532 -158.623773 1.348655
387.599211 -156.039841 1.351330
388.220917 -153.395706 1.353465
388.843082 -150.708845 1.354867
389.416671 -148.197843 1.356525
390.013434 -145.580001 1.357555
390.598034 -143.076727 1.356476
391.208078 -140.469981 1.354105
391.802860 -137.996154 1.351535
392.424450 -135.399659 1.350147
393.011807 -132.924613 1.350097
393.631990 -130.342087 1.349515
394.254981 -127.767736 1.349697
394.848766 -125.296396 1.349744
395.461463 -122.754245 1.349592
396.046828 -120.320356 1.349877
396.639861 -117.817500 1.350501
397.214377 -115.445471 1.350706
397.797072 -113.023445 1.351704
398.337360 -110.768682 1.351444
398.872505 -108.504588 1.351060
399.389513 -106.317224 1.350587
399.870232 -104.307391 1.349764
400.347015 -102.303989 1.348659
400.780944 -100.480521 1.347207
401.219303 -98.655866 1.344977
401.658869 -96.904084 1.343062
402.102288 -95.118886 1.341465
402.537147 -93.376653 1.340199
402.940308 -91.735698 1.339834
403.342147 -90.092963 1.345622
403.686464 -88.546552 1.360399
403.993527 -86.950152 1.384566
404.230262 -85.445804 1.416325
404.394367 -83.932544 1.458869
404.464923 -82.476148 1.514293
404.413977 -81.072671 1.579823
404.254431 -79.610260 1.653494
404.008647 -78.276695 1.725657
403.640760 -76.906301 1.805107
403.203760 -75.590265 1.883301
402.588964 -74.280919 1.969867
401.901640 -73.098530 2.061021
401.064391 -71.915284 2.153410
400.091363 -70.806720 2.247784
399.070778 -69.813876 2.340263
397.890339 -68.849610 2.436292
396.652798 -68.029490 2.530000
395.261405 -67.252457 2.623361
393.812740 -66.599867 2.700751
392.239697 -65.986927 2.773068
390.577006 -65.466817 2.828338
388.892426 -64.981814 2.865934
387.124857 -64.509425 2.895648
385.344934 -64.105902 2.924577
383.420972 -63.725139 2.948611
381.458428 -63.347705 2.961303
379.497826 -62.971792 2.968692
377.408659 -62.589700 2.975477
375.353520 -62.224302 2.981043
373.158259 -61.850990 2.985820
371.007948 -61.486293 2.987415
368.728247 -61.092244 2.984317
366.408264 -60.682513 2.981370
364.139975 -60.275380 2.978682
361.749645 -59.833658 2.975991
359.420725 -59.399331 2.974368
356.955688 -58.936244 2.972746
354.565524 -58.485556 2.971190
352.055590 -58.011464 2.969905
349.530467 -57.522777 2.967565
347.074853 -57.048164 2.966167
344.489768 -56.555165 2.964521
341.995530 -56.075053 2.962172
339.376989 -55.557590 2.958316
336.840476 -55.032977 2.953623
334.182461 -54.462155 2.948492
331.510934 -53.869292 2.943363
328.900860 -53.287517 2.939607
326.197684 -52.677048 2.935470
323.576111 -52.067905 2.932549
320.837261 -51.436909 2.930541
318.240941 -50.827733 2.928113
315.552916 -50.190412 2.926452
312.872723 -49.553654 2.925271
310.307400 -48.942226 2.924476
307.638962 -48.298101 2.923538
305.072913 -47.682668 2.923395
302.399226 -47.049427 2.923960
299.834118 -46.450029 2.926824
297.165030 -45.833963 2.930351
294.599248 -45.231773 2.933333
291.910027 -44.618517 2.936550
289.234313 -44.027610 2.939046
286.669458 -43.473368 2.940029
284.013587 -42.900576 2.940475
281.500722 -42.341893 2.939719
278.890635 -41.756469 2.937457
276.411349 -41.180052 2.928921
273.867283 -40.539085 2.912647
271.363664 -39.843692 2.889246
268.991303 -39.109169 2.861094
266.573571 -38.279046 2.831078
264.293616 -37.428296 2.803203
261.954494 -36.487809 2.776026
259.759749 -35.534697 2.752193
257.489268 -34.494781 2.730897
255.254624 -33.422201 2.709593
253.127915 -32.350022 2.689698
250.953342 -31.187614 2.668682
248.874980 -30.026666 2.649483
246.729943 -28.772167 2.629154
244.676020 -27.533569 2.610156
242.559690 -26.182009 2.589708
240.560730 -24.843398 2.570241
238.485124 -23.404050 2.549319
236.432258 -21.906487 2.524726
234.490600 -20.400997 2.497168
232.514555 -18.761441 2.467342
230.653927 -17.118791 2.436800
228.758011 -15.337112 2.404780
226.911227 -13.491297 2.373813
225.187841 -11.668424 2.346156
223.419494 -9.702989 2.322098
221.743901 -7.789868 2.307041
220.012698 -5.770349 2.296404
218.356884 -3.810769 2.291310
216.626457 -1.771647 2.291262
214.949052 0.197644 2.292221
213.190905 2.242920 2.296852
211.402434 4.272359 2.308167
209.644509 6.203393 2.323877
207.770764 8.184034 2.341680
205.933942 10.060644 2.358258
203.983869 11.993427 2.375888
201.992095 13.898561 2.393726
200.047953 15.692679 2.411483
198.009553 17.504141 2.430627
196.030488 19.190366 2.450389
193.954720 20.892833 2.472911
191.935129 22.455447 2.496973
189.800740 24.012118 2.523425
187.732805 25.435323 2.551726
185.553918 26.839294 2.583800
183.345188 28.164923 2.613706
181.225100 29.375056 2.638510
178.968045 30.571766 2.665477
176.772252 31.666791 2.689968
174.471084 32.742261 2.714419
172.229615 33.741304 2.733899
169.883481 34.750554 2.752683
167.502300 35.719477 2.771567
165.204806 36.607954 2.788715
162.791556 37.499234 2.806549
160.441380 38.314737 2.823599
157.971322 39.120932 2.841667
155.573660 39.858009 2.859636
153.042516 40.581464 2.878619
150.474654 41.253785 2.899713
147.986396 41.852171 2.919366
145.356928 42.425006 2.940304
142.810469 42.922128 2.960416
140.131305 43.386410 2.981030
137.534196 43.794449 3.000067
134.837063 44.157777 3.022247
132.215357 44.440033 3.047265
129.458046 44.671003 3.073983
126.695540 44.830383 3.099740
124.037280 44.909862 3.123728
121.267305 44.925501 -3.137184
118.642519 44.901385 -3.122617
115.909262 44.848782 -3.109754
113.195693 44.769632 -3.099475
110.604913 44.671465 -3.091676
107.922577 44.563741 -3.084535
105.363893 44.464167 -3.077776
102.702501 44.300093 -3.066573
100.171795 44.103014 -3.051388
97.557635 43.853847 -3.031679
94.976426 43.541333 -3.006058
92.517002 43.164104 -2.977137
89.980395 42.687565 -2.944890
87.571678 42.152585 -2.913923
85.074540 41.517081 -2.881445
82.709077 40.838151 -2.850974
80.250265 40.063850 -2.821679
77.916228 39.260761 -2.796257
75.512360 38.365702 -2.771249
73.121715 37.411022 -2.748923
70.846596 36.456899 -2.730229
68.514794 35.437271 -2.714682
66.299288 34.450215 -2.703435
64.000672 33.398393 -2.693640
61.724724 32.337929 -2.686939
59.550145 31.301131 -2.681602
57.322317 30.242866 -2.677347
55.200374 29.219501 -2.672013
52.995399 28.141477 -2.666524
50.905502 27.102003 -2.661616
48.754256 26.018036 -2.656767
46.621030 24.939833 -2.655040
44.575575 23.922027 -2.656430
42.447969 22.858499 -2.658696
40.421900 21.855522 -2.664378
38.324602 20.856702 -2.674339
36.235693 19.870644 -2.686245
34.194430 18.953747 -2.700116
32.086304 18.049826 -2.718548
30.062858 17.242460 -2.739238
27.922990 16.441709 -2.761042
25.878794 15.731935 -2.782848
23.742673 15.040749 -2.808507
21.693527 14.423459 -2.838388
19.555226 13.856722 -2.872819
17.404592 13.378215 -2.908427
15.334260 13.008011 -2.943698
13.191626 12.694858 -2.981112
11.127130 12.449542 -3.015004
8.994848 12.262619 -3.046002
6.958357 12.144274 -3.073163
4.862838 12.083001 -3.094594
2.803240 12.066844 -3.112940
0.872387 12.078168 -3.128140
-1.066457 12.116144 3.140597
-2.871995 12.170284 3.127697
-4.691293 12.253302 3.114878
-6.364792 12.358304 3.100327
-8.042455 12.492582 3.084962
-9.656983 12.643905 3.069705
-11.143275 12.807929 3.055513
-12.635305 12.992699 3.041054
-14.037136 13.187496 3.027390
-15.474464 13.411486 3.013347
-16.824523 13.640235 3.000196
-18.189662 13.894284 2.989381
-19.469053 14.128930 2.984788
-20.781179 14.356434 2.986393
-22.058502 14.574763 2.987257
-23.252189 14.779288 2.988166
-24.461507 14.981982 2.988367
-25.559607 15.169824 2.986461
-26.657519 15.366895 2.984515
-27.656111 15.541359 2.982677
-28.636888 15.718358 2.981009
-29.527151 15.876253 2.980818
-30.405449 16.029309 2.981730
-31.229978 16.175573 2.982381
-31.972161 16.304306 2.982999
-32.696706 16.432531 2.983713
-33.341724 16.544650 2.984303
-33.960535 16.651496 2.984631
-34.499981 16.744430 2.985202
-35.004603 16.832233 2.985693
-35.448290 16.908834 2.986079
-35.817264 16.969904 2.986289
-36.132210 17.024496 2.986620
-36.367247 17.064289 2.986685
-36.545115 17.095544 2.986997
-36.660681 17.116125 2.987059
-36.732672 17.127174 2.987049
-36.773798 17.134156 2.987104
-36.794612 17.137558 2.987179
-36.794113 17.137502 2.987142
-36.794113 17.137502 2.987142
-36.794113 17.137502 2.987142
-36.794197 17.137382 2.987181
-36.794197 17.137382 2.987181
-36.794185 17.137342 2.987204
-36.794185 17.137342 2.987204
-36.794224 17.137236 2.987223
-36.794224 17.137236 2.987223
-36.794257 17.137035 2.987247
-36.794257 17.137035 2.987247
-36.794251 17.136963 2.987281
-36.794251 17.136963 2.987281
-36.794305 17.136887 2.987317
-36.794305 17.136887 2.987317
-36.794316 17.136740 2.987344
-36.794316 17.136740 2.987344
-36.794342 17.136627 2.987373
-36.794342 17.136627 2.987373
-36.794384 17.136540 2.987402
-36.794384 17.136540 2.987402
-36.794426 17.136443 2.987430
-36.794426 17.136443 2.987430
-36.794425 17.136320 2.987462
-36.794425 17.136320 2.987462
-36.794425 17.136320 2.987462
