-68.688363 9.607472 -0.151715
-68.688363 9.607472 -0.151715
-68.688363 9.607472 -0.151715
-68.688363 9.607472 -0.151715
-68.688363 9.607472 -0.151715
-68.688363 9.607472 -0.151715
-68.688363 9.607472 -0.151715
-68.688363 9.607472 -0.151715
-68.688363 9.607472 -0.151715
-68.688363 9.607472 -0.151715
-68.688363 9.607472 -0.151715
-68.688363 9.607472 -0.151715
-68.688363 9.607472 -0.151715
-68.688363 9.607472 -0.151715
-68.688363 9.607472 -0.151715
-68.688363 9.607472 -0.151715
-68.688363 9.607472 -0.151715
-68.688363 9.607472 -0.151715
-68.688363 9.607472 -0.151715
-68.688363 9.607472 -0.151715
-68.688363 9.607472 -0.151715
-68.688363 9.607472 -0.151715
-68.688363 9.607472 -0.151715
-68.688363 9.607472 -0.151715
-68.688363 9.607472 -0.151715
-68.688363 9.607472 -0.151715
-68.688363 9.607472 -0.151715
-68.688363 9.607472 -0.151715
-68.445296 9.566169 -0.152138
-68.015883 9.497136 -0.153000
-67.524516 9.413823 -0.153613
-67.006066 9.326585 -0.154378
-66.421768 9.229972 -0.155166
-65.811974 9.123332 -0.155889
-65.128028 9.007586 -0.155936
-64.430351 8.892213 -0.155666
-63.662009 8.756100 -0.155577
-62.893228 8.619313 -0.155616
-62.049306 8.475419 -0.155751
-61.199325 8.329815 -0.155347
-60.287393 8.169925 -0.154717
-59.386740 8.019465 -0.153829
-58.418322 7.858765 -0.152742
-57.460406 7.695824 -0.151807
-56.429304 7.527064 -0.151294
-55.410977 7.356368 -0.150954
-54.317680 7.176824 -0.151006
-53.253188 7.001574 -0.150383
-52.114104 6.807215 -0.151150
-50.976783 6.639490 -0.151874
-49.781202 6.432026 -0.151860
-48.624145 6.233902 -0.153182
-47.403521 6.033664 -0.153545
-46.216175 5.805085 -0.151576
-44.989535 5.637150 -0.145066
-43.824087 5.455157 -0.132883
-42.592206 5.310573 -0.121626
-41.406878 5.181425 -0.106065
-40.143308 5.051541 -0.092333
-38.925985 4.954739 -0.080358
-37.713266 4.863804 -0.068193
-36.436540 4.767712 -0.055903
-35.206138 4.713454 -0.046656
-33.917443 4.642897 -0.040060
-32.658312 4.572014 -0.038751
-31.332926 4.495536 -0.038805
-30.052605 4.410509 -0.040449
-28.709355 4.329295 -0.042008
-27.406402 4.238773 -0.043984
-26.024453 4.162328 -0.046267
-24.681034 4.077119 -0.046824
-23.265095 3.988750 -0.045290
-21.884341 3.926838 -0.042789
-20.423106 3.844625 -0.038363
-18.996921 3.782767 -0.033866
-17.504372 3.740186 -0.026056
-16.046922 3.698454 -0.017988
-14.500567 3.677841 -0.008569
-13.010325 3.657819 -0.000886
-11.443028 3.654217 0.007136
-9.927408 3.652797 0.014994
-8.418125 3.666996 0.022159
-6.861981 3.691166 0.029750
-5.369743 3.724856 0.036701
-3.828535 3.768854 0.040361
-2.353031 3.805128 0.040505
-0.820494 3.838234 0.039930
0.647951 3.876913 0.038570
2.151105 3.904527 0.036527
3.563909 3.933107 0.033894
4.984966 3.951432 0.030651
6.270094 3.957788 0.027202
7.478228 3.965530 0.024059
8.660810 3.964523 0.021837
9.721775 3.966741 0.019774
10.746514 3.967131 0.017984
11.642800 3.962201 0.016608
12.480573 3.963447 0.016044
13.186907 3.964791 0.016501
13.819002 3.969460 0.017702
14.337809 3.971156 0.019130
14.780655 3.973416 0.020042
15.172139 3.976486 0.021142
15.518068 3.981782 0.022580
15.885437 3.986994 0.023335
16.237193 3.994600 0.024548
16.606249 4.000286 0.026101
16.968610 4.009313 0.028708
17.376539 4.023667 0.034689
17.801923 4.042511 0.041682
18.291790 4.070839 0.049616
18.811640 4.105881 0.057790
19.404602 4.148466 0.066916
20.028215 4.204008 0.076856
20.743990 4.255143 0.089251
21.474555 4.373475 0.103843
22.281164 4.471854 0.122268
23.111672 4.586359 0.140956
24.021947 4.767772 0.162678
24.948495 4.955122 0.186920
25.957710 5.164551 0.211197
25.957710 5.164551 0.211197
28.041867 5.738114 0.268719
29.114097 6.080706 0.299215
30.263125 6.490822 0.333847
31.393899 6.934165 0.369364
32.595920 7.463035 0.407604
33.769103 8.032476 0.445933
34.960149 8.665951 0.484696
36.220565 9.401369 0.524142
37.446279 10.160948 0.557402
38.737177 10.999370 0.583962
39.992418 11.852674 0.604564
41.314967 12.780902 0.619383
42.598126 13.693827 0.627313
43.983551 14.670334 0.627898
45.345649 15.617054 0.622342
46.797180 16.603064 0.614813
48.221694 17.563272 0.608269
49.747004 18.571780 0.601994
51.249584 19.547040 0.597108
52.838526 20.570606 0.592687
54.398745 21.569875 0.589118
56.057575 22.632460 0.585355
57.676585 23.652028 0.581356
59.383784 24.715982 0.577236
61.053633 25.749740 0.573119
62.807442 26.828953 0.567680
64.498236 27.857579 0.561095
66.271669 28.910485 0.551470
68.011814 29.911289 0.539506
69.771321 30.888467 0.524979
71.645188 31.882013 0.508349
73.474641 32.811044 0.492828
75.407210 33.754471 0.476695
77.286053 34.640586 0.461218
79.257907 35.534010 0.443734
81.164384 36.347857 0.425525
83.184141 37.165891 0.404036
85.141303 37.908374 0.380270
87.185826 38.616638 0.352904
89.174038 39.243967 0.325972
91.245500 39.836029 0.298647
93.247181 40.357509 0.273027
95.339422 40.839426 0.246178
97.354702 41.252955 0.221350
99.376472 41.620844 0.201001
101.508547 41.969115 0.180901
103.550440 42.265462 0.161112
105.696375 42.518249 0.136383
107.798581 42.717099 0.112135
109.941375 42.861922 0.088034
112.043562 42.963431 0.066077
114.248303 43.020238 0.044907
116.361985 43.026309 0.026507
118.578008 43.006129 0.010565
120.701945 42.952847 -0.004911
122.926874 42.869403 -0.020886
125.065900 42.760054 -0.036201
127.311987 42.617364 -0.051613
129.467638 42.442928 -0.065605
131.701681 42.230083 -0.078026
133.816296 42.007803 -0.089754
135.997971 41.740837 -0.104759
138.080671 41.448677 -0.120928
140.142162 41.119556 -0.137806
142.297998 40.724514 -0.158891
144.346938 40.319703 -0.176335
146.470181 39.858146 -0.193702
148.518787 39.387409 -0.209403
150.645824 38.860123 -0.225378
152.688140 38.316368 -0.241225
154.793077 37.716903 -0.258124
156.822983 37.110607 -0.271946
158.935048 36.453013 -0.284825
160.959572 35.798160 -0.296617
163.062078 35.083805 -0.310036
165.084045 34.364008 -0.323326
167.082791 33.604930 -0.339737
169.163399 32.784631 -0.355487
171.148546 31.969556 -0.372431
173.200708 31.075852 -0.391749
175.145044 30.180270 -0.409798
177.165317 29.220468 -0.424058
179.087425 28.288289 -0.437304
181.052571 27.271327 -0.458589
182.929324 26.239494 -0.483134
184.827461 25.127174 -0.510580
186.627824 24.002159 -0.539213
188.405463 22.810438 -0.568424
190.211101 21.522794 -0.598565
191.987578 20.172046 -0.629657
193.659953 18.819822 -0.659446
195.287417 17.426575 -0.688386
196.938834 15.935134 -0.713535
198.481864 14.488446 -0.734437
200.049969 12.955700 -0.753517
201.513955 11.475896 -0.770820
202.999910 9.920397 -0.788396
204.394945 8.408866 -0.806034
205.797614 6.833785 -0.824462
207.112683 5.298383 -0.844246
208.435942 3.672772 -0.866420
209.672152 2.088871 -0.887151
210.871734 0.487300 -0.907167
212.086399 -1.205336 -0.926601
213.226419 -2.846581 -0.942852
214.385296 -4.563615 -0.957619
215.470261 -6.213977 -0.970273
216.578692 -7.941321 -0.981930
217.621401 -9.614114 -0.991653
218.689735 -11.356826 -0.998420
219.715306 -13.019499 -1.001059
220.781056 -14.744155 -1.002912
221.797179 -16.377910 -1.001124
222.870313 -18.059954 -0.993579
223.907062 -19.645834 -0.981530
224.964235 -21.195199 -0.965571
226.080278 -22.774760 -0.946660
227.175948 -24.271764 -0.926797
228.348258 -25.784505 -0.902396
229.505743 -27.203595 -0.878354
230.752475 -28.645320 -0.852581
231.966538 -29.988763 -0.825670
233.226629 -31.292989 -0.794442
234.593628 -32.600021 -0.757280
235.956689 -33.799068 -0.719197
237.433599 -35.000127 -0.677228
238.894892 -36.095171 -0.632341
240.475242 -37.147863 -0.582175
242.076241 -38.086146 -0.529280
243.796682 -38.970939 -0.474071
245.489241 -39.727767 -0.422186
247.315894 -40.452185 -0.375520
249.092295 -41.105133 -0.345374
250.969566 -41.750635 -0.317928
252.803626 -42.310441 -0.292348
254.734221 -42.854044 -0.267260
256.617833 -43.352738 -0.247871
258.604502 -43.845544 -0.232938
260.520941 -44.305293 -0.222772
262.446680 -44.744349 -0.216552
264.460008 -45.214258 -0.216427
266.400872 -45.677832 -0.218890
268.444488 -46.175106 -0.224121
270.426003 -46.672782 -0.228509
272.493417 -47.201825 -0.232803
274.489944 -47.721125 -0.236104
276.579923 -48.269333 -0.239131
278.592749 -48.803374 -0.242069
280.701586 -49.374525 -0.245170
282.738486 -49.928822 -0.247952
284.855975 -50.510234 -0.250802
286.907774 -51.086001 -0.250994
289.055005 -51.680418 -0.249297
291.127656 -52.243041 -0.246141
293.302040 -52.819235 -0.242684
295.402321 -53.369104 -0.238888
297.601459 -53.933796 -0.235169
299.732233 -54.475564 -0.231087
301.864384 -54.999721 -0.223144
304.124561 -55.522574 -0.213756
306.295137 -56.004069 -0.206556
308.570403 -56.502781 -0.201785
310.768302 -56.972214 -0.196371
313.072251 -57.444595 -0.191566
315.267265 -57.895693 -0.187264
317.547024 -58.357725 -0.182899
319.698778 -58.791027 -0.179391
321.921939 -59.222919 -0.176527
324.062607 -59.636702 -0.176862
326.265751 -60.074298 -0.177962
328.376207 -60.482993 -0.177716
330.581825 -60.902401 -0.176810
332.706155 -61.317072 -0.176412
334.821177 -61.717847 -0.176756
336.997571 -62.142688 -0.178722
339.149778 -62.562686 -0.179572
341.335647 -62.990483 -0.180534
343.464246 -63.409192 -0.180431
345.642145 -63.842894 -0.179301
347.702294 -64.257796 -0.177398
349.840898 -64.679698 -0.175646
351.894331 -65.070361 -0.173403
353.994260 -65.460621 -0.170581
356.000513 -65.821330 -0.165181
357.985471 -66.175679 -0.160857
360.040748 -66.533223 -0.157871
361.993533 -66.873950 -0.156008
364.015876 -67.221239 -0.153903
365.953475 -67.543221 -0.152337
367.942350 -67.875547 -0.151148
369.840804 -68.185549 -0.150182
371.775144 -68.498726 -0.149230
373.625301 -68.799939 -0.149286
375.533665 -69.120495 -0.150417
377.335048 -69.424343 -0.151797
379.121215 -69.737245 -0.152849
380.943634 -70.052672 -0.154337
382.627726 -70.352462 -0.155054
384.315873 -70.646800 -0.156576
385.875742 -70.938202 -0.158708
387.443412 -71.228906 -0.163342
388.904352 -71.512702 -0.170396
390.289606 -71.807548 -0.182989
391.667521 -72.115649 -0.200650
392.936253 -72.457015 -0.228778
394.182186 -72.861648 -0.275898
395.320445 -73.325438 -0.330270
396.452445 -73.863784 -0.393675
397.488872 -74.452378 -0.455531
398.502590 -75.128142 -0.526221
399.413791 -75.851115 -0.599898
400.260391 -76.627119 -0.672052
401.086220 -77.510214 -0.753149
401.783142 -78.428624 -0.836630
402.421203 -79.445074 -0.929845
402.932279 -80.477133 -1.023893
403.348664 -81.601619 -1.126530
403.671915 -82.736504 -1.225335
403.864790 -83.958836 -1.328976
403.947003 -85.147829 -1.418756
403.973162 -86.374120 -1.483107
403.956471 -87.675451 -1.532417
403.919267 -88.964223 -1.567302
403.849343 -90.345045 -1.591457
403.755715 -91.691591 -1.611790
403.634072 -93.139743 -1.632355
403.474324 -94.553704 -1.647367
403.304503 -96.064505 -1.660917
403.106734 -97.549386 -1.673002
402.883504 -99.130316 -1.684967
402.652479 -100.678196 -1.696088
402.385420 -102.335905 -1.707559
402.114804 -103.951217 -1.718613
401.818931 -105.593991 -1.729556
401.481887 -107.347698 -1.740449
401.139224 -109.056611 -1.750224
400.760135 -110.871047 -1.757092
400.392387 -112.645708 -1.761583
399.984637 -114.522363 -1.765695
399.590638 -116.353376 -1.767128
399.172427 -118.290504 -1.767439
398.762359 -120.171964 -1.768139
398.334448 -122.149109 -1.768888
397.917650 -124.040563 -1.772046
397.489786 -125.919355 -1.777223
397.031297 -127.892868 -1.782797
396.581794 -129.788785 -1.785701
396.119036 -131.795304 -1.784255
395.673137 -133.729824 -1.782287
395.206502 -135.747228 -1.781398
394.750953 -137.726084 -1.780820
394.265707 -139.799615 -1.781982
393.806122 -141.797774 -1.782720
393.311765 -143.909069 -1.783570
392.837542 -145.951275 -1.784691
392.333044 -148.080321 -1.785967
391.841671 -150.146258 -1.787153
391.346584 -152.222661 -1.788820
390.821773 -154.396686 -1.791006
390.308373 -156.508744 -1.795073
389.755366 -158.708204 -1.800020
389.211564 -160.837696 -1.806585
388.613432 -163.073025 -1.815632
388.015544 -165.219831 -1.824632
387.369796 -167.470390 -1.833881
386.720499 -169.642038 -1.842824
386.045851 -171.819866 -1.851818
385.321836 -174.097298 -1.859212
384.615096 -176.287483 -1.866456
383.870824 -178.530865 -1.873629
383.147400 -180.674962 -1.880550
382.385789 -182.874119 -1.887584
381.648969 -184.966349 -1.894447
380.914560 -187.053520 -1.900363
380.102444 -189.241698 -1.907039
379.321022 -191.344938 -1.913952
378.478692 -193.539987 -1.922519
377.643836 -195.648136 -1.931187
376.738763 -197.864498 -1.940366
375.847561 -199.997248 -1.949016
374.922526 -202.139992 -1.957852
373.934051 -204.385701 -1.967149
372.965139 -206.553911 -1.976765
371.917332 -208.814837 -1.988791
370.870413 -211.003204 -2.001467
369.737305 -213.263557 -2.017543
368.606933 -215.443514 -2.032858
367.383575 -217.720036 -2.048433
366.169737 -219.893420 -2.061550
364.871823 -222.163249 -2.074808
363.581142 -224.348695 -2.087422
362.266143 -226.517739 -2.099007
360.843961 -228.793991 -2.111616
359.447444 -230.977989 -2.124953
357.960644 -233.216623 -2.138764
356.501567 -235.336036 -2.150960
354.974972 -237.531104 -2.162294
353.507998 -239.611469 -2.172933
352.024101 -241.639852 -2.183830
350.462052 -243.736236 -2.193566
348.944781 -245.735663 -2.202757
347.338352 -247.800749 -2.210417
345.809901 -249.764041 -2.215833
344.193911 -251.830568 -2.220972
342.634021 -253.784136 -2.226729
341.003456 -255.808340 -2.233268
339.420960 -257.754436 -2.238776
337.835121 -259.674851 -2.244531
336.172464 -261.667470 -2.249676
334.578560 -263.555199 -2.254475
332.922650 -265.494837 -2.259138
331.337880 -267.340907 -2.263625
329.689181 -269.240848 -2.266973
328.123982 -271.050331 -2.267353
326.563468 -272.855416 -2.268802
324.945526 -274.717021 -2.268820
323.411641 -276.494224 -2.268623
321.841762 -278.304828 -2.268724
320.321818 -280.069709 -2.266819
318.770319 -281.870129 -2.265019
317.299089 -283.602077 -2.261869
315.780024 -285.390158 -2.257630
314.337803 -287.101019 -2.253148
312.922731 -288.798751 -2.248836
311.468455 -290.565120 -2.244764
310.091158 -292.249697 -2.241603
308.677025 -293.991196 -2.238564
307.342012 -295.646837 -2.237128
305.967502 -297.344799 -2.235712
304.692103 -298.920579 -2.234627
303.472030 -300.423825 -2.233298
302.239223 -301.947670 -2.232500
301.104695 -303.357122 -2.231640
299.973612 -304.760835 -2.232850
298.924083 -306.047108 -2.236672
297.863987 -307.317369 -2.248074
296.851174 -308.452542 -2.271395
295.835784 -309.503613 -2.307468
294.742585 -310.486477 -2.366011
293.606867 -311.324838 -2.437544
292.376913 -312.096810 -2.516727
291.204155 -312.754420 -2.591985
289.919261 -313.300170 -2.667834
288.654281 -313.768341 -2.741666
287.314366 -314.154647 -2.812380
286.031218 -314.411028 -2.879726
284.724180 -314.631346 -2.942353
283.396655 -314.717692 -3.000279
282.053969 -314.790984 -3.050569
280.759590 -314.794497 -3.092617
279.497660 -314.737144 -3.128657
278.193984 -314.694471 3.121392
276.936576 -314.575481 3.091697
275.638834 -314.425478 3.061924
274.392411 -314.273896 3.041257
273.156841 -314.080524 3.027418
271.871032 -313.897991 3.015965
270.648422 -313.709016 3.008400
269.387541 -313.508030 3.002425
268.184353 -313.312405 2.996738
266.937095 -313.093479 2.990941
265.748246 -312.887309 2.985527
264.522997 -312.651451 2.980237
263.343893 -312.432575 2.974585
262.174142 -312.208471 2.970032
260.960853 -311.963693 2.964880
259.790597 -311.732291 2.960278
258.553648 -311.471048 2.956876
257.344516 -311.226157 2.956056
256.075008 -310.974902 2.958948
254.833350 -310.734881 2.960421
253.552651 -310.482161 2.960971
252.190580 -310.210186 2.960773
250.859957 -309.952371 2.962256
249.439295 -309.676226 2.963789
248.039889 -309.412376 2.966650
246.574317 -309.139376 2.970300
245.146073 -308.879826 2.973801
243.651022 -308.615259 2.977584
242.206753 -308.360220 2.981428
240.756209 -308.104225 2.983749
239.243121 -307.848697 2.986040
237.781892 -307.602036 2.988537
236.239339 -307.347046 2.990881
234.778631 -307.105070 2.992148
233.285331 -306.855636 2.993426
231.842708 -306.611844 2.993736
230.376111 -306.377023 2.993638
228.987684 -306.136595 2.994672
227.593823 -305.918848 2.996702
226.142029 -305.686910 2.998388
224.741250 -305.465480 2.999587
223.341415 -305.230883 2.998236
221.954484 -305.008401 2.996958
220.354532 -304.759069 2.999642
218.976302 -304.536550 2.997695
217.625743 -304.313249 2.994359
216.185550 -304.073416 2.993957
214.824037 -303.844078 2.992423
213.439043 -303.604587 2.990804
212.098850 -303.381975 2.989601
210.731588 -303.145614 2.987601
209.414890 -302.918970 2.985499
208.037003 -302.675686 2.984711
206.716791 -302.448424 2.984431
205.377593 -302.213141 2.984754
203.964523 -301.964737 2.983940
202.581927 -301.725837 2.982849
201.105987 -301.466905 2.981794
199.667987 -301.205438 2.980574
198.129609 -300.933025 2.981022
196.631657 -300.681507 2.982622
195.053936 -300.409702 2.984537
193.509075 -300.150263 2.985740
191.941136 -299.887120 2.987269
190.279528 -299.601019 2.988001
188.664924 -299.330991 2.987474
186.966347 -299.034518 2.987387
185.298301 -298.747605 2.987920
183.533215 -298.442190 2.989641
181.818372 -298.151461 2.991044
180.022163 -297.851841 2.993229
178.260068 -297.565205 2.993725
176.491172 -297.279435 2.994281
174.651942 -296.986795 2.994843
172.845108 -296.691003 2.995386
170.928338 -296.378300 2.994281
169.160011 -296.080057 2.992758
167.223907 -295.759566 2.990000
165.377889 -295.438813 2.987115
163.509480 -295.107308 2.984036
161.546349 -294.756956 2.982033
159.649753 -294.424339 2.980718
157.655813 -294.068114 2.979462
155.727627 -293.717923 2.977289
153.696658 -293.340768 2.974408
151.745120 -292.971731 2.972035
149.785543 -292.599208 2.970452
147.765716 -292.212036 2.969396
145.839462 -291.843420 2.968591
143.838500 -291.463646 2.967328
141.921485 -291.096541 2.966177
139.924069 -290.709753 2.964895
138.011694 -290.339229 2.963156
136.022214 -289.939575 2.960252
134.117920 -289.556681 2.957218
132.121618 -289.143593 2.953616
130.214604 -288.733355 2.948036
128.316981 -288.309881 2.942121
126.341639 -287.861375 2.935928
124.457313 -287.426333 2.930100
122.506341 -286.958692 2.924542
120.650261 -286.509184 2.920144
118.745399 -286.037923 2.915303
116.931198 -285.574709 2.910571
115.047494 -285.088248 2.905904
113.248032 -284.611786 2.900386
111.451482 -284.129584 2.895730
109.587127 -283.611098 2.893399
107.801416 -283.135224 2.895024
105.929507 -282.647629 2.900070
104.132457 -282.189742 2.906422
102.328823 -281.750149 2.913042
100.437661 -281.298335 2.920264
98.614502 -280.875484 2.926985
96.693139 -280.435648 2.933703
94.850496 -280.032140 2.940217
92.922008 -279.625379 2.946657
91.050610 -279.240950 2.951631
89.098003 -278.841936 2.954620
87.214724 -278.454762 2.955276
85.320385 -278.066891 2.955445
83.345166 -277.666095 2.954864
81.447816 -277.275303 2.954135
79.466395 -276.871530 2.953293
77.499855 -276.462575 2.953442
75.495737 -276.039821 2.952582
73.559600 -275.638940 2.951785
71.628095 -275.242532 2.951892
69.572399 -274.822517 2.951544
67.613323 -274.410320 2.951170
65.553366 -273.982845 2.950635
63.561896 -273.573183 2.949712
61.466142 -273.124330 2.948448
59.437506 -272.700410 2.949859
57.320619 -272.263107 2.953234
55.261215 -271.842450 2.956384
53.208384 -271.429869 2.959581
51.045036 -271.006374 2.962799
48.953529 -270.597707 2.965518
46.859144 -270.191043 2.968005
44.669761 -269.773550 2.970708
42.562275 -269.381813 2.972925
40.378195 -268.976477 2.974321
38.307366 -268.599847 2.975495
36.160488 -268.214646 2.976546
34.105945 -267.852262 2.976825
31.995782 -267.472328 2.976386
29.986978 -267.108740 2.975776
27.914726 -266.725459 2.975169
25.965146 -266.372280 2.975588
24.067566 -266.020301 2.976139
22.157046 -265.675138 2.976891
20.404022 -265.352864 2.977306
18.726975 -265.050702 2.977514
17.047718 -264.741461 2.976899
15.516114 -264.457213 2.974961
13.999850 -264.165139 2.972251
12.605225 -263.897140 2.967938
11.268021 -263.629139 2.960438
9.889391 -263.326175 2.948161
8.582575 -263.016031 2.932245
7.269740 -262.652677 2.907488
6.046508 -262.276623 2.876984
4.808563 -261.849249 2.845159
3.658212 -261.413987 2.807529
2.559516 -260.912119 2.758459
1.473767 -260.333898 2.704287
0.488116 -259.746681 2.650285
-0.479827 -259.067886 2.589053
-1.357967 -258.361440 2.525398
-2.148399 -257.606244 2.457269
-2.908362 -256.744389 2.377677
-3.578147 -255.837755 2.295899
-4.197066 -254.826106 2.203756
-4.661202 -253.795273 2.112597
-5.083917 -252.703511 2.016573
-5.403615 -251.587058 1.934712
-5.669753 -250.328881 1.857992
-5.906541 -249.096614 1.799417
-6.062829 -247.836314 1.746430
-6.160340 -246.459375 1.689658
-6.186459 -245.101803 1.631386
-6.087563 -243.651299 1.568103
-5.929327 -242.208816 1.511375
-5.710840 -240.690709 1.465650
-5.436619 -239.202011 1.427255
-5.098172 -237.591746 1.396793
-4.738511 -236.020211 1.373509
-4.335588 -234.364830 1.357552
-3.926629 -232.732604 1.346870
-3.495605 -231.055189 1.340068
-3.035184 -229.273080 1.338491
-2.596497 -227.530674 1.342334
-2.137964 -225.681697 1.347660
-1.710080 -223.869667 1.355001
-1.282829 -221.957898 1.364024
-0.888709 -220.126625 1.371830
-0.489684 -218.229029 1.379273
-0.115266 -216.406404 1.385852
0.235023 -214.608253 1.391788
0.585714 -212.744886 1.397450
0.905941 -210.965343 1.401899
1.245203 -209.104527 1.405372
1.570806 -207.304630 1.406881
1.894812 -205.534966 1.407679
2.232797 -203.671992 1.408386
2.553557 -201.887000 1.409033
2.886117 -200.032643 1.408540
3.206811 -198.256835 1.407453
3.540979 -196.418615 1.406681
3.860246 -194.661154 1.406108
4.195350 -192.837310 1.405638
4.511738 -191.086220 1.408436
4.821808 -189.329872 1.411652
5.139903 -187.494306 1.414445
5.443916 -185.723910 1.415662
5.767980 -183.867059 1.415870
6.081451 -182.072572 1.416221
6.400542 -180.222357 1.416444
6.708199 -178.455977 1.417155
7.005415 -176.705423 1.418048
7.313680 -174.903569 1.419300
7.599092 -173.193357 1.420279
7.896019 -171.421401 1.420906
8.178233 -169.735108 1.420443
8.459616 -168.079883 1.419103
8.754158 -166.371195 1.417562
9.049805 -164.675911 1.415624
9.331005 -163.071548 1.413868
9.614103 -161.483943 1.412585
9.901541 -159.837091 1.412501
10.180986 -158.251092 1.412343
10.457470 -156.658733 1.412232
10.747209 -154.993553 1.413667
11.023501 -153.362138 1.415821
11.321936 -151.640210 1.417755
11.601644 -149.975309 1.418510
11.904576 -148.223112 1.419296
12.190020 -146.495839 1.419280
12.482603 -144.761101 1.419214
12.789362 -142.923225 1.419237
13.091641 -141.146709 1.417848
13.417596 -139.288187 1.415716
13.728432 -137.485917 1.414203
14.054960 -135.609883 1.415369
14.364576 -133.791017 1.416307
14.694379 -131.907207 1.415563
14.998822 -130.097887 1.415147
15.323280 -128.273602 1.412995
15.664366 -126.389186 1.410313
15.979705 -124.591028 1.409446
16.299601 -122.736016 1.410828
16.608001 -120.981280 1.411481
16.930924 -119.126210 1.412974
17.243103 -117.352087 1.413205
17.550639 -115.605579 1.413559
17.872851 -113.750107 1.414606
18.184267 -111.970422 1.414999
18.502496 -110.118977 1.415801
18.812356 -108.318025 1.416403
19.137319 -106.438710 1.416815
19.444884 -104.630465 1.416257
19.771909 -102.737882 1.416030
20.083224 -100.918976 1.416668
20.388260 -99.105696 1.419118
20.696202 -97.225749 1.423012
20.988409 -95.414369 1.425329
21.281106 -93.529202 1.427896
21.557488 -91.716507 1.434666
21.816244 -89.835085 1.446781
22.046593 -87.986160 1.463546
22.238663 -86.055477 1.482512
22.389533 -84.183656 1.497349
22.532903 -82.294766 1.507685
22.669282 -80.322489 1.514891
22.798776 -78.409854 1.515477
22.953540 -76.406501 1.509611
23.115065 -74.477780 1.503263
23.298125 -72.448056 1.494175
23.501256 -70.481976 1.484501
23.725540 -68.502369 1.473955
23.989530 -66.419494 1.463235
24.257478 -64.408313 1.456765
24.554511 -62.289788 1.447688
24.887771 -60.248517 1.436833
25.228133 -58.103258 1.425541
25.585971 -56.026925 1.415099
25.968315 -53.970827 1.403968
26.392476 -51.825326 1.392725
26.816570 -49.788794 1.382079
27.277007 -47.673469 1.373137
27.736829 -45.665473 1.366470
28.225580 -43.601999 1.359172
28.703227 -41.650537 1.351689
29.189006 -39.691362 1.344791
29.694043 -37.696756 1.336807
30.186325 -35.796837 1.333304
30.695719 -33.815817 1.333800
31.157345 -31.958129 1.337057
31.634698 -30.053588 1.341256
32.066682 -28.290013 1.345583
32.474039 -26.585695 1.350485
32.879684 -24.880056 1.355742
33.244506 -23.290296 1.360623
33.615785 -21.644156 1.365475
33.954545 -20.082054 1.368014
34.299169 -18.497050 1.369165
34.628420 -16.987380 1.368920
34.969817 -15.431126 1.368552
35.293545 -13.969168 1.367444
35.608412 -12.517411 1.363954
35.977085 -11.001034 1.352960
36.356259 -9.557314 1.336252
36.782736 -8.063621 1.317788
37.227731 -6.637141 1.293567
37.753350 -5.179567 1.260708
38.305506 -3.751595 1.228432
38.913154 -2.337789 1.195406
39.579398 -0.906285 1.159491
40.289143 0.477755 1.125392
41.075139 1.890786 1.089278
41.901660 3.246416 1.054127
42.825781 4.653774 1.019834
43.752198 5.968416 0.988082
44.773728 7.330852 0.955482
45.810296 8.618570 0.925517
46.885897 9.880408 0.895568
48.028630 11.140452 0.868046
49.136680 12.341774 0.846461
50.278592 13.512601 0.827871
51.482910 14.713440 0.812774
52.644484 15.869913 0.806185
53.843789 17.083700 0.806837
54.996517 18.265913 0.808984
56.209167 19.504271 0.807710
57.390343 20.678719 0.800368
58.652806 21.907773 0.787077
59.901346 23.065035 0.768400
61.195576 24.202525 0.746031
62.599550 25.368093 0.716407
64.006049 26.454847 0.684259
65.530884 27.555412 0.649860
67.044689 28.569924 0.617552
68.682015 29.594766 0.588993
70.279328 30.565783 0.567485
71.928770 31.516164 0.544358
73.690568 32.459951 0.517267
75.434895 33.334774 0.490992
77.296112 34.212552 0.464056
79.109028 35.014304 0.440319
81.020109 35.812228 0.417486
82.890498 36.549984 0.394412
84.789629 37.237975 0.369285
86.786544 37.912957 0.345836
88.742830 38.529932 0.324456
90.794187 39.127340 0.301537
92.781838 39.656513 0.279531
94.861402 40.162068 0.256390
96.876649 40.602806 0.234195
98.962009 41.004485 0.212268
100.975501 41.355591 0.193762
102.953351 41.661040 0.174812
104.999543 41.928266 0.154234
106.980938 42.153404 0.131797
109.017690 42.329197 0.109159
110.953050 42.454606 0.087408
113.005570 42.546850 0.066927
114.971766 42.603225 0.049649
116.953966 42.626754 0.032893
119.019813 42.609963 0.014985
121.016090 42.561705 -0.001498
123.100611 42.484616 -0.017560
125.117479 42.382654 -0.032727
127.253699 42.247252 -0.047970
129.314206 42.082024 -0.063251
131.393391 41.881825 -0.078771
133.566282 41.637327 -0.094913
135.659487 41.364831 -0.110716
137.857315 41.043914 -0.127588
139.971811 40.693523 -0.144181
142.197764 40.286809 -0.161316
144.322314 39.868523 -0.176666
146.550033 39.388296 -0.192734
148.701245 38.898387 -0.207503
150.862329 38.368225 -0.222880
153.115941 37.776729 -0.239099
155.280593 37.166183 -0.255218
157.551288 36.486694 -0.272775
159.730191 35.796320 -0.290977
161.890994 35.061774 -0.310429
164.148072 34.238393 -0.331467
166.293796 33.399854 -0.352448
168.510051 32.475375 -0.375497
170.618844 31.539040 -0.398360
172.786849 30.515730 -0.422131
174.839217 29.484537 -0.445181
176.854592 28.408761 -0.468233
178.940580 27.255925 -0.489178
180.904828 26.105289 -0.507994
182.952439 24.865057 -0.525076
184.859269 23.668568 -0.542495
186.847417 22.371441 -0.563351
188.722864 21.079367 -0.584631
190.562488 19.750077 -0.606983
192.460527 18.320703 -0.631219
194.239220 16.892597 -0.655106
196.053026 15.372303 -0.680864
197.759832 13.858154 -0.705184
199.434185 12.306673 -0.728181
201.134567 10.661941 -0.750333
202.738607 9.034347 -0.772103
204.372286 7.315301 -0.795589
205.879444 5.653422 -0.819489
207.387245 3.890239 -0.844867
208.779111 2.175509 -0.869365
210.112149 0.447839 -0.892621
211.449491 -1.356781 -0.910996
212.702675 -3.073489 -0.924005
213.969151 -4.853595 -0.934514
215.155716 -6.550283 -0.942516
216.364143 -8.304136 -0.949840
217.505343 -9.990892 -0.956356
218.671481 -11.732089 -0.959998
219.793965 -13.382087 -0.958088
220.921339 -15.019135 -0.955167
222.093465 -16.698926 -0.949925
223.229836 -18.305176 -0.942903
224.423736 -19.951001 -0.932844
225.580304 -21.505206 -0.919920
226.768739 -23.034232 -0.901691
228.042970 -24.596087 -0.878846
229.285957 -26.050970 -0.853254
230.636784 -27.536096 -0.822543
231.977002 -28.902254 -0.788920
233.414800 -30.267502 -0.753845
234.842693 -31.531134 -0.720035
236.316914 -32.753463 -0.687951
237.890995 -33.987960 -0.655143
239.428654 -35.122316 -0.623446
241.080753 -36.246425 -0.588890
242.724993 -37.281294 -0.555447
244.477749 -38.304872 -0.519112
246.203232 -39.226858 -0.481623
247.980068 -40.103569 -0.445152
249.887441 -40.943734 -0.408021
251.738771 -41.704060 -0.378432
253.691777 -42.435706 -0.348376
255.597608 -43.083909 -0.318888
257.621486 -43.712521 -0.289514
259.589893 -44.268125 -0.262548
261.684806 -44.799071 -0.241388
263.699934 -45.294912 -0.229937
265.724757 -45.784387 -0.221137
267.845120 -46.272205 -0.213453
269.898314 -46.730309 -0.206193
272.042430 -47.196378 -0.198600
274.114941 -47.626444 -0.190186
276.285103 -48.058780 -0.181314
278.380332 -48.455595 -0.173664
280.488090 -48.847097 -0.168336
282.697288 -49.255301 -0.164974
284.814727 -49.641044 -0.164097
287.034774 -50.047379 -0.164284
289.181197 -50.441042 -0.164301
291.433169 -50.856736 -0.164415
293.581606 -51.254565 -0.164955
295.849746 -51.675507 -0.165813
298.032202 -52.078979 -0.166471
300.243113 -52.471427 -0.166628
302.530311 -52.883741 -0.167020
304.746856 -53.293709 -0.167583
307.071558 -53.728296 -0.168123
309.310611 -54.149734 -0.170829
311.644015 -54.604922 -0.174887
313.897568 -55.054409 -0.178815
316.161247 -55.511647 -0.184280
318.526046 -56.013789 -0.192303
320.784323 -56.507669 -0.199397
323.155989 -57.041476 -0.205411
325.448573 -57.563946 -0.210002
327.820246 -58.123224 -0.214910
330.122720 -58.685337 -0.219997
332.418974 -59.251547 -0.224118
334.840488 -59.852294 -0.227488
337.121026 -60.412739 -0.228674
339.561344 -61.013677 -0.229136
341.847098 -61.582031 -0.228442
344.260878 -62.183027 -0.226773
346.550547 -62.758952 -0.223357
348.830739 -63.316902 -0.218915
351.229503 -63.879003 -0.214356
353.514767 -64.401453 -0.210192
355.861691 -64.932916 -0.206109
358.108841 -65.432084 -0.202769
360.338889 -65.920903 -0.199634
362.640277 -66.417608 -0.196813
364.834573 -66.882434 -0.193397
367.084076 -67.347452 -0.190618
369.183794 -67.774489 -0.187543
371.219247 -68.180126 -0.184397
373.281434 -68.586294 -0.181305
375.259449 -68.975452 -0.179324
377.282972 -69.375490 -0.179868
379.192650 -69.766480 -0.181050
381.059833 -70.144200 -0.182196
382.932203 -70.530821 -0.182707
384.661172 -70.881719 -0.183411
386.384853 -71.247967 -0.183937
387.945938 -71.568558 -0.185611
389.494609 -71.899528 -0.189349
390.906837 -72.211211 -0.199544
392.258393 -72.544831 -0.219149
393.599303 -72.935614 -0.248593
394.859360 -73.355373 -0.288759
396.108826 -73.860635 -0.338416
397.246775 -74.388673 -0.391029
398.336038 -74.998425 -0.452161
399.294379 -75.626105 -0.518447
400.166000 -76.297166 -0.588648
401.009820 -77.078111 -0.669362
401.711886 -77.876948 -0.753424
402.374421 -78.759555 -0.841647
402.911763 -79.646221 -0.927373
403.365990 -80.574235 -1.015270
403.758069 -81.582097 -1.109712
404.060939 -82.605247 -1.201248
404.265650 -83.706372 -1.293193
404.405053 -84.791189 -1.371216
404.484800 -85.975452 -1.442950
404.487195 -87.142084 -1.500379
404.457021 -88.405811 -1.549672
404.394396 -89.670761 -1.586373
404.279198 -91.028102 -1.615816
404.143636 -92.355628 -1.641366
403.961475 -93.728732 -1.667023
403.730086 -95.202999 -1.689795
403.483345 -96.658769 -1.707992
403.200707 -98.215420 -1.720176
402.921578 -99.745216 -1.729492
402.607601 -101.392147 -1.738221
402.281325 -103.019715 -1.746883
401.942825 -104.666201 -1.753852
401.572997 -106.435108 -1.757767
401.212026 -108.179866 -1.761509
400.815823 -110.019502 -1.764842
400.424015 -111.835481 -1.767182
400.012067 -113.765316 -1.768708
399.600222 -115.654783 -1.770239
399.179357 -117.574738 -1.771756
398.719586 -119.613825 -1.773644
398.277259 -121.595509 -1.775003
397.798524 -123.712388 -1.776592
397.331475 -125.758924 -1.778529
396.831724 -127.931500 -1.780911
396.343060 -130.040323 -1.782760
395.830952 -132.277832 -1.782769
395.322258 -134.446609 -1.782304
394.815874 -136.631788 -1.782001
394.271774 -138.965853 -1.781150
393.760682 -141.213049 -1.780390
393.216877 -143.570875 -1.779766
392.696038 -145.862014 -1.779559
392.169576 -148.159462 -1.779429
391.615788 -150.578176 -1.780398
391.074928 -152.912570 -1.782676
390.502151 -155.362470 -1.785974
389.934412 -157.732903 -1.790783
389.323943 -160.201867 -1.797706
388.711724 -162.599896 -1.804772
388.079792 -164.999690 -1.812790
387.393432 -167.505425 -1.821679
386.702771 -169.926860 -1.830373
385.959567 -172.450676 -1.839522
385.218911 -174.882349 -1.848511
384.424045 -177.419569 -1.859614
383.625432 -179.853717 -1.871254
382.804777 -182.268381 -1.884174
381.921460 -184.737048 -1.898237
381.069565 -187.087176 -1.910352
380.120110 -189.522912 -1.923435
379.203261 -191.842295 -1.933698
378.256603 -194.149465 -1.945287
377.233695 -196.551511 -1.956371
376.221617 -198.848500 -1.966954
375.139733 -201.231543 -1.978182
374.067808 -203.519749 -1.989100
372.982247 -205.804047 -1.999549
371.820415 -208.176287 -2.010898
370.668174 -210.454173 -2.022057
369.436971 -212.798077 -2.034597
368.235353 -215.043541 -2.046551
366.950715 -217.385132 -2.058805
365.691188 -219.611853 -2.069285
364.407710 -221.830603 -2.078540
363.040004 -224.146729 -2.087734
361.714558 -226.350313 -2.095611
360.291584 -228.669835 -2.102940
358.914598 -230.892344 -2.110033
357.523440 -233.090788 -2.119303
356.018673 -235.389538 -2.130621
354.556513 -237.590924 -2.142519
353.001076 -239.880198 -2.156075
351.461266 -242.049177 -2.169324
349.830507 -244.299659 -2.180963
348.219458 -246.454136 -2.191662
346.532400 -248.680756 -2.199299
344.905395 -250.831229 -2.205705
343.247430 -252.984559 -2.210608
341.527457 -255.205150 -2.212929
339.861604 -257.363059 -2.214185
338.128029 -259.601948 -2.213797
336.477413 -261.737730 -2.213487
334.766425 -263.942425 -2.213375
333.139809 -266.042308 -2.214873
331.512049 -268.123559 -2.219001
329.817114 -270.265978 -2.220226
328.204478 -272.323799 -2.218669
326.595644 -274.385581 -2.216564
324.913563 -276.519709 -2.214572
323.338997 -278.561157 -2.212545
321.694998 -280.708243 -2.209445
320.128597 -282.766156 -2.206392
318.504428 -284.911261 -2.204639
316.951806 -286.963950 -2.203478
315.393259 -289.014037 -2.202882
313.777219 -291.151509 -2.201884
312.233074 -293.198649 -2.201300
310.621256 -295.332897 -2.202152
309.078990 -297.360766 -2.204864
307.530281 -299.382697 -2.208765
305.908599 -301.485577 -2.214391
304.350949 -303.484630 -2.221445
302.699642 -305.561488 -2.229482
301.108129 -307.536919 -2.236875
299.498804 -309.491666 -2.245147
297.792895 -311.510591 -2.255450
296.123888 -313.429058 -2.266558
294.369308 -315.394913 -2.278123
292.660230 -317.265354 -2.288047
290.964404 -319.111470 -2.295973
289.218858 -321.005025 -2.304917
287.460969 -322.886454 -2.313153
285.754947 -324.659064 -2.320582
284.063561 -326.365790 -2.327169
282.252887 -328.208010 -2.332020
280.519160 -329.963536 -2.337956
278.716935 -331.753008 -2.345264
276.942755 -333.481782 -2.352644
275.172822 -335.186207 -2.360015
273.318496 -336.948184 -2.368669
271.506633 -338.635332 -2.378502
269.591686 -340.373499 -2.389085
267.740757 -342.020634 -2.399182
265.858662 -343.656491 -2.409611
263.881723 -345.347152 -2.419763
261.953919 -346.962966 -2.427455
259.931499 -348.639650 -2.428256
257.982747 -350.277141 -2.423922
256.038516 -351.938473 -2.418900
254.031072 -353.683134 -2.410935
252.102455 -355.388647 -2.402111
250.107848 -357.188561 -2.391946
248.208935 -358.948468 -2.379851
246.239420 -360.818434 -2.366766
244.372868 -362.630935 -2.354543
242.499673 -364.494619 -2.342811
240.570360 -366.459901 -2.330548
238.737088 -368.378072 -2.316400
236.846683 -370.431477 -2.300690
235.070080 -372.425706 -2.285877
233.216242 -374.552515 -2.272811
231.451078 -376.609518 -2.262333
229.698522 -378.705302 -2.251364
227.920039 -380.888747 -2.240737
226.188713 -383.052356 -2.232002
224.410885 -385.288182 -2.226447
222.697479 -387.467803 -2.223200
220.907859 -389.745626 -2.221603
219.199281 -391.939530 -2.219998
217.400801 -394.248924 -2.218453
215.673626 -396.471534 -2.216754
213.938812 -398.702199 -2.216015
212.131053 -401.026176 -2.217683
210.366215 -403.280738 -2.218835
208.592953 -405.525811 -2.219534
206.754170 -407.867278 -2.217950
204.969770 -410.143018 -2.216787
203.121394 -412.513765 -2.215537
201.342842 -414.811364 -2.214414
199.506235 -417.193344 -2.212799
197.747143 -419.487585 -2.211108
195.997477 -421.793702 -2.209333
194.161057 -424.192748 -2.208758
192.409703 -426.490472 -2.208893
190.581116 -428.881494 -2.208637
188.832001 -431.170025 -2.207020
187.088753 -433.469732 -2.205925
185.272457 -435.871396 -2.204464
183.531972 -438.171451 -2.203269
181.724216 -440.568254 -2.202181
179.986987 -442.862920 -2.202886
178.242688 -445.159045 -2.204133
176.425003 -447.548612 -2.204502
174.690922 -449.824727 -2.204449
172.893763 -452.186062 -2.204794
171.177071 -454.434122 -2.205402
169.462962 -456.674943 -2.206486
167.675602 -459.003072 -2.208810
165.970848 -461.206737 -2.211284
164.193322 -463.496788 -2.213830
162.490095 -465.694331 -2.214864
160.818086 -467.869092 -2.212454
159.094744 -470.143069 -2.209062
157.460689 -472.287758 -2.205643
155.768167 -474.536294 -2.201553
154.169314 -476.684069 -2.197571
152.594033 -478.804215 -2.193697
150.961070 -481.018375 -2.189626
149.432651 -483.100762 -2.186289
147.831270 -485.303053 -2.182487
146.334792 -487.384693 -2.179064
144.851149 -489.451998 -2.176018
143.321706 -491.594843 -2.173013
141.875696 -493.639306 -2.171503
140.380523 -495.747229 -2.174514
138.946853 -497.753490 -2.180698
137.499876 -499.726869 -2.189293
135.984955 -501.741576 -2.200828
134.494713 -503.627425 -2.213810
132.947683 -505.557136 -2.226230
131.452309 -507.383886 -2.237437
129.949174 -509.185572 -2.244556
128.423124 -511.021809 -2.246960
126.972403 -512.777406 -2.245486
125.500948 -514.571653 -2.242744
124.126952 -516.265501 -2.239365
122.730324 -518.011850 -2.234643
121.416492 -519.644138 -2.230594
120.103144 -521.297798 -2.225497
118.776798 -522.989786 -2.220591
117.536886 -524.593613 -2.216524
116.260743 -526.240520 -2.213858
115.059123 -527.791659 -2.212896
113.904093 -529.285597 -2.211995
112.760276 -530.774549 -2.211574
111.703446 -532.143651 -2.217012
110.605054 -533.476973 -2.232249
109.587789 -534.657436 -2.256170
108.487257 -535.817169 -2.295206
107.347847 -536.865242 -2.347558
106.166981 -537.806393 -2.412847
104.889870 -538.669349 -2.489597
103.607969 -539.401695 -2.565527
102.255707 -540.065451 -2.643388
100.938579 -540.592211 -2.716004
99.493993 -541.054527 -2.790224
98.125064 -541.393521 -2.857523
96.733284 -541.637865 -2.921489
95.242022 -541.798268 -2.982123
93.852237 -541.917056 -3.032946
92.409167 -541.912879 -3.077037
91.012087 -541.925242 -3.110771
89.585782 -541.891254 -3.139720
88.103261 -541.790747 3.118099
86.669843 -541.703775 3.094488
85.103366 -541.539428 3.072203
83.699611 -541.387632 3.057669
82.219254 -541.226007 3.043392
80.674130 -541.012129 3.034128
79.163163 -540.808252 3.026092
77.560401 -540.593121 3.020318
76.046685 -540.347232 3.015491
74.438073 -540.124030 3.010248
72.879135 -539.873782 3.007788
71.241705 -539.616127 3.001679
69.652217 -539.348553 2.994501
68.066121 -539.062367 2.986902
66.389760 -538.752536 2.979140
64.767125 -538.442572 2.973920
63.054857 -538.120162 2.972206
61.397165 -537.808888 2.970702
59.659371 -537.479349 2.968981
57.972092 -537.162457 2.969015
56.264273 -536.851436 2.971609
54.473451 -536.527714 2.973077
52.739073 -536.217374 2.974363
50.903993 -535.887892 2.975375
49.130540 -535.563329 2.974855
47.272944 -535.213254 2.973878
45.482468 -534.875956 2.973504
43.680125 -534.550253 2.972755
41.772943 -534.189329 2.972586
39.931284 -533.834423 2.970529
38.022905 -533.464296 2.970514
36.149544 -533.112499 2.969221
34.188151 -532.744314 2.969834
32.290356 -532.383270 2.971356
30.382642 -532.034285 2.973380
28.373125 -531.656811 2.974776
26.434544 -531.305080 2.976895
24.394248 -530.931315 2.978480
22.423360 -530.576496 2.978219
20.363477 -530.192355 2.978108
18.361429 -529.825027 2.977402
16.354014 -529.456950 2.977076
14.247756 -529.070959 2.976819
12.217596 -528.700336 2.976236
10.105654 -528.311601 2.974678
8.059315 -527.933751 2.973138
5.922198 -527.536513 2.971607
3.862708 -527.152988 2.970357
1.784947 -526.761209 2.969185
-0.379803 -526.344597 2.967489
-2.447474 -525.941342 2.966349
-4.592923 -525.522288 2.967204
-6.628648 -525.146846 2.969031
-8.734889 -524.745381 2.971622
-10.750847 -524.365488 2.973652
-12.744836 -523.992402 2.975578
-14.824312 -523.618120 2.977876
-16.808929 -523.263361 2.979528
-18.855615 -522.898305 2.980892
-20.799933 -522.560539 2.982300
-22.729594 -522.213332 2.983547
-24.727617 -521.864659 2.984755
-26.631456 -521.531799 2.985306
-28.574094 -521.189489 2.983612
-30.404885 -520.856930 2.978184
-32.179345 -520.514787 2.965473
-33.966082 -520.119918 2.944913
-35.626950 -519.705196 2.918752
-37.302846 -519.218843 2.881799
-38.858984 -518.684942 2.843390
-40.409108 -518.081702 2.797831
-41.809839 -517.431486 2.746864
-43.136932 -516.717400 2.691787
-44.438289 -515.917541 2.632698
-45.593054 -515.108429 2.573564
-46.693849 -514.211335 2.505541
-47.676075 -513.284022 2.437585
-48.589729 -512.279716 2.368419
-49.457204 -511.191623 2.290831
-50.200846 -510.090491 2.217743
-50.875125 -508.879114 2.139815
-51.429747 -507.686136 2.064662
-51.914111 -506.371134 1.987975
-52.301943 -505.072290 1.918302
-52.599071 -503.729508 1.853449
-52.842731 -502.293838 1.794070
-53.036128 -500.874146 1.746065
-53.164170 -499.355904 1.701314
-53.266263 -497.865940 1.662268
-53.302348 -496.267369 1.623043
-53.282934 -494.725252 1.589178
-53.218594 -493.059793 1.555578
-53.103725 -491.450733 1.527382
-52.945861 -489.741244 1.500483
-52.747498 -488.060435 1.476747
-52.516531 -486.368046 1.458234
-52.253023 -484.572105 1.441057
-51.973264 -482.818853 1.428617
-51.656645 -480.972329 1.417931
-51.344601 -479.172575 1.414741
-51.014347 -477.243149 1.414308
-50.684813 -475.362596 1.413690
-50.351097 -473.461280 1.413014
-49.997253 -471.453518 1.410879
-49.644886 -469.509398 1.407238
-49.260514 -467.456614 1.403005
-48.881034 -465.463414 1.399660
-48.480316 -463.362935 1.399264
-48.091719 -461.335232 1.399758
-47.682897 -459.180208 1.400688
-47.292332 -457.090300 1.401426
-46.903026 -454.992701 1.402454
-46.483754 -452.780002 1.403279
-46.080973 -450.624607 1.403530
-45.668600 -448.388490 1.403744
-45.270391 -446.222376 1.403951
-44.847105 -443.952150 1.403957
-44.441611 -441.769167 1.403996
-44.038340 -439.572613 1.404185
-43.610250 -437.274767 1.403955
-43.201421 -435.068451 1.403877
-42.780251 -432.794656 1.403802
-42.384460 -430.629442 1.403561
-41.976248 -428.391221 1.403222
-41.581182 -426.264205 1.401961
-41.186884 -424.166291 1.400168
-40.756137 -422.018064 1.399100
-40.364741 -419.949843 1.399676
-39.958410 -417.828022 1.400216
-39.584509 -415.825977 1.400951
-39.212539 -413.834406 1.401155
-38.826841 -411.777739 1.401662
-38.464104 -409.827097 1.401616
-38.085045 -407.803390 1.401706
-37.722948 -405.866766 1.401923
-37.350872 -403.860031 1.403073
-36.991450 -401.928335 1.404471
-36.640822 -400.010835 1.406291
-36.279660 -398.008905 1.407213
-35.929490 -396.091741 1.407225
-35.566765 -394.101067 1.407491
-35.219080 -392.186881 1.409254
-34.867251 -390.193664 1.411144
-34.534494 -388.281547 1.412933
-34.199595 -386.369985 1.414384
-33.861294 -384.382667 1.415194
-33.535143 -382.476453 1.415548
-33.193129 -380.476694 1.415599
-32.860839 -378.555563 1.415687
-32.526451 -376.621554 1.415667
-32.176005 -374.596053 1.415439
-31.830744 -372.635379 1.414685
-31.473882 -370.580142 1.413834
-31.127545 -368.596724 1.413172
-30.762344 -366.501331 1.411274
-30.398810 -364.479815 1.407861
-30.002724 -362.356738 1.404573
-29.621981 -360.300209 1.403343
-29.236555 -358.224098 1.402369
-28.838752 -356.053175 1.402524
-28.449097 -353.949331 1.402705
-28.045522 -351.757496 1.403701
-27.654385 -349.628388 1.404479
-27.243267 -347.394911 1.405315
-26.843289 -345.245694 1.405949
-26.424814 -342.983005 1.406109
-26.029882 -340.811213 1.405852
-25.638899 -338.636072 1.405456
-25.221536 -336.352553 1.402665
-24.814104 -334.204589 1.400948
-24.412432 -332.072829 1.398975
-23.988189 -329.870072 1.396678
-23.579984 -327.764799 1.394784
-23.152478 -325.606967 1.392419
-22.745184 -323.557487 1.390166
-22.320659 -321.437420 1.387900
-21.914785 -319.433875 1.385124
-21.500925 -317.448804 1.380276
-21.061049 -315.413289 1.373884
-20.624758 -313.476711 1.365373
-20.155017 -311.507894 1.355044
-19.700572 -309.688409 1.344936
-19.236998 -307.914387 1.334999
-18.739948 -306.083845 1.325938
-18.253185 -304.351173 1.318636
-17.746492 -302.583994 1.314514
-17.280621 -300.935601 1.314348
-16.812865 -299.269393 1.315923
-16.386591 -297.717540 1.318956
-15.976305 -296.210928 1.323147
-15.578460 -294.685438 1.328680
-15.207531 -293.249239 1.336004
-14.852397 -291.818980 1.342844
-14.506016 -290.360638 1.350494
-14.185998 -288.980764 1.356410
-13.870729 -287.592613 1.358418
-13.577341 -286.336896 1.356479
-13.279049 -285.097174 1.350913
-12.990928 -283.968655 1.340347
-12.681237 -282.870125 1.321310
-12.326074 -281.767198 1.294452
-11.957780 -280.773703 1.258379
-11.537869 -279.815275 1.208989
-11.077453 -278.927671 1.156710
-10.537404 -278.011314 1.101281
-9.993816 -277.205912 1.042530
-9.408938 -276.457791 0.981832
-8.743297 -275.734705 0.914315
-8.071586 -275.086261 0.845592
-7.322085 -274.464309 0.772686
-6.536582 -273.910835 0.701254
-5.675711 -273.390420 0.624552
-4.798671 -272.948986 0.549356
-3.831222 -272.555111 0.469076
-2.841927 -272.247178 0.390848
-1.811380 -272.005325 0.312365
-0.677017 -271.823653 0.236676
0.465269 -271.708507 0.168317
1.704751 -271.664124 0.097359
2.945832 -271.702250 0.035194
4.287753 -271.794395 -0.021787
5.616123 -271.949585 -0.070503
7.033030 -272.176058 -0.111461
8.442182 -272.406029 -0.133881
9.961863 -272.673095 -0.149905
11.462530 -272.946558 -0.162520
13.061394 -273.264780 -0.173906
14.641400 -273.580405 -0.178842
16.266907 -273.905818 -0.178058
18.004452 -274.240126 -0.176378
19.712995 -274.573122 -0.174819
21.529857 -274.913128 -0.172423
23.305495 -275.244085 -0.169449
25.192353 -275.590982 -0.166920
27.035464 -275.929066 -0.165383
28.996070 -276.288968 -0.163893
30.915712 -276.634015 -0.162247
32.872056 -276.984494 -0.161823
34.947574 -277.362607 -0.162165
36.943539 -277.724975 -0.162467
39.039760 -278.108030 -0.162625
41.071700 -278.475606 -0.162876
43.205272 -278.863275 -0.164021
45.270719 -279.238136 -0.165252
47.355685 -279.616158 -0.167126
49.531926 -280.022708 -0.169252
51.620476 -280.419107 -0.170811
53.810739 -280.838861 -0.170799
55.928115 -281.240609 -0.170480
58.138034 -281.657255 -0.170418
60.272312 -282.060781 -0.171541
62.424279 -282.479311 -0.174038
64.672678 -282.923133 -0.176938
66.842846 -283.348295 -0.179224
69.128782 -283.808388 -0.181377
71.331084 -284.256411 -0.183044
73.634133 -284.721478 -0.183979
75.866166 -285.164262 -0.184139
78.219356 -285.638710 -0.181215
80.470407 -286.088213 -0.178793
82.750796 -286.547327 -0.177148
85.137074 -287.009655 -0.175347
87.449360 -287.442160 -0.173284
89.872319 -287.905100 -0.171554
92.212229 -288.343646 -0.169465
94.561189 -288.779280 -0.167869
97.028044 -289.230000 -0.165761
99.422630 -289.664737 -0.163891
101.911590 -290.110403 -0.162208
104.322444 -290.536829 -0.160915
106.847090 -290.985732 -0.161608
109.239219 -291.420033 -0.162774
111.609097 -291.845781 -0.163801
114.068073 -292.282161 -0.164466
116.396677 -292.701703 -0.164641
118.806389 -293.140449 -0.163791
121.089518 -293.552835 -0.163080
123.356143 -293.965062 -0.162145
125.701437 -294.385618 -0.161769
127.930504 -294.786867 -0.161493
130.226446 -295.201233 -0.161503
132.417782 -295.603068 -0.162100
134.673576 -296.009743 -0.162316
136.831205 -296.400256 -0.162669
139.045436 -296.805554 -0.163490
141.158528 -297.196169 -0.165694
143.247715 -297.585722 -0.168171
145.408253 -297.990461 -0.170629
147.465029 -298.383837 -0.172912
149.581456 -298.788452 -0.174203
151.601064 -299.171481 -0.175239
153.614159 -299.561818 -0.173903
155.693628 -299.955425 -0.172171
157.685730 -300.334930 -0.170486
159.756113 -300.727301 -0.168955
161.732804 -301.091948 -0.167855
163.791194 -301.473163 -0.165611
165.763186 -301.826888 -0.163224
167.746569 -302.180510 -0.160692
169.793953 -302.543353 -0.158666
171.756731 -302.892456 -0.157960
173.819715 -303.260510 -0.159442
175.826115 -303.618975 -0.162122
177.853978 -304.026002 -0.165282
179.856574 -304.358378 -0.167351
181.826639 -304.727068 -0.166170
183.937441 -305.110835 -0.167072
185.910973 -305.478497 -0.166732
188.009914 -305.863538 -0.167255
190.009147 -306.226030 -0.167049
192.088858 -306.613179 -0.167473
194.095799 -307.002923 -0.168758
196.061952 -307.402073 -0.169426
198.144554 -307.807196 -0.171719
200.082333 -308.169776 -0.173494
202.121678 -308.553889 -0.173019
204.071936 -308.910025 -0.172530
206.062618 -309.284576 -0.171995
207.969630 -309.661363 -0.170582
209.839268 -310.014280 -0.170134
211.772059 -310.382222 -0.169019
213.623684 -310.719059 -0.168190
215.513240 -311.072760 -0.167492
217.327654 -311.415386 -0.167281
219.060483 -311.723456 -0.167331
220.888182 -312.059962 -0.166189
222.769914 -312.414807 -0.164311
224.421897 -312.698106 -0.164395
226.133768 -313.016222 -0.164149
227.944728 -313.325719 -0.164378
229.581343 -313.635280 -0.163996
231.255551 -313.934013 -0.163442
232.969629 -314.245323 -0.162349
234.597450 -314.541292 -0.161557
236.280356 -314.839152 -0.161120
237.862803 -315.120485 -0.159828
239.380572 -315.388191 -0.159651
240.873659 -315.643758 -0.159075
242.246475 -315.891971 -0.158615
243.609600 -316.133214 -0.158970
244.833365 -316.363399 -0.159927
246.038584 -316.575325 -0.161281
247.121356 -316.770405 -0.161558
248.143966 -316.960708 -0.162270
249.147656 -317.135475 -0.163930
250.041771 -317.302759 -0.164695
250.905266 -317.465860 -0.165286
251.678734 -317.611855 -0.166181
252.456983 -317.752521 -0.166493
253.206420 -317.893545 -0.167154
253.947952 -318.040023 -0.167565
254.718998 -318.194467 -0.168249
255.446286 -318.319437 -0.169850
256.202018 -318.456903 -0.170974
256.936614 -318.615364 -0.172575
257.706147 -318.753137 -0.173983
258.472525 -318.898599 -0.175341
259.266538 -319.063204 -0.176828
260.043914 -319.206412 -0.178527
260.887215 -319.361534 -0.179200
261.693868 -319.522788 -0.180791
262.532996 -319.688281 -0.183840
263.430482 -319.884853 -0.191981
264.309607 -320.089485 -0.200149
265.251048 -320.302270 -0.210302
266.180474 -320.524848 -0.218924
267.176809 -320.777273 -0.225102
268.160642 -320.991609 -0.227373
269.169529 -321.236433 -0.227308
270.270488 -321.499976 -0.225032
271.379102 -321.751257 -0.222860
272.528790 -322.040454 -0.219739
273.671994 -322.304138 -0.217013
274.894171 -322.596609 -0.209492
276.093811 -322.842953 -0.198149
277.374238 -323.077393 -0.183535
278.577822 -323.291533 -0.166540
279.762718 -323.460170 -0.145766
280.992562 -323.617655 -0.120299
282.171694 -323.729946 -0.089577
283.358950 -323.780693 -0.049201
284.496873 -323.765305 -0.002280
285.672317 -323.676661 0.054111
286.770316 -323.502774 0.108030
287.882639 -323.263190 0.168808
288.922110 -322.985880 0.228199
289.943944 -322.633537 0.288351
290.962345 -322.225296 0.354373
291.909787 -321.766789 0.416052
292.848500 -321.234998 0.480970
293.713656 -320.673997 0.540840
294.575640 -320.026629 0.600542
295.371980 -319.351942 0.655865
296.194660 -318.610316 0.707937
296.957684 -317.864470 0.751839
297.708477 -317.054937 0.791587
298.500155 -316.176637 0.833262
299.245605 -315.272143 0.868457
300.001891 -314.295830 0.894772
300.771651 -313.338867 0.911897
301.571648 -312.297359 0.924763
302.368196 -311.273329 0.931299
303.223737 -310.176103 0.929377
304.051657 -309.123006 0.925286
304.951272 -307.999566 0.921305
305.868385 -306.828830 0.918674
306.823613 -305.640185 0.918006
307.761663 -304.453640 0.918703
308.719680 -303.240143 0.919756
309.731639 -301.950313 0.921051
310.720701 -300.674901 0.922319
311.768793 -299.314162 0.923878
312.799733 -297.992956 0.924973
313.887636 -296.584931 0.925767
314.974082 -295.194218 0.926864
316.102452 -293.725429 0.927590
317.189852 -292.309769 0.929349
318.383475 -290.738390 0.930695
319.528357 -289.240753 0.932121
320.694168 -287.713508 0.933468
321.949569 -286.078179 0.934681
323.159866 -284.501218 0.935434
324.445173 -282.814220 0.936107
325.697072 -281.157032 0.937241
327.035178 -279.410993 0.937513
328.325798 -277.708256 0.936651
329.683156 -275.929638 0.937462
331.022780 -274.157168 0.937363
332.371294 -272.388996 0.937603
333.792725 -270.514482 0.937548
335.178508 -268.693230 0.937442
336.636410 -266.771445 0.937216
338.056793 -264.898600 0.935807
339.570848 -262.920560 0.934114
341.011691 -261.026729 0.932576
342.553634 -259.002167 0.931154
344.044071 -257.049312 0.930462
345.551102 -255.079634 0.931057
347.135632 -253.016249 0.932942
348.642829 -251.041492 0.935496
350.211828 -248.967752 0.937405
351.713348 -246.947293 0.938216
353.310749 -244.858528 0.937666
354.853180 -242.838190 0.938897
356.462565 -240.717515 0.939441
357.998811 -238.678304 0.942788
359.505836 -236.616164 0.952845
361.049361 -234.415247 0.966756
362.502409 -232.349076 0.981838
364.020642 -230.079733 1.000091
365.412203 -227.904643 1.016102
366.835483 -225.592536 1.032618
368.166758 -223.342775 1.047552
369.479958 -221.071325 1.061633
370.825529 -218.677809 1.076103
372.087418 -216.346991 1.090016
373.362856 -213.891711 1.104657
374.546575 -211.563170 1.117173
375.749559 -209.123303 1.130417
376.860917 -206.784426 1.143007
377.975649 -204.345202 1.155547
379.016584 -201.978893 1.167753
380.031272 -199.605533 1.180407
381.078511 -197.110368 1.193756
382.022919 -194.723735 1.206952
382.996268 -192.173974 1.220055
383.905140 -189.728937 1.232616
384.782328 -187.261087 1.245170
385.667426 -184.633352 1.258540
386.492443 -182.109658 1.269642
387.326542 -179.472717 1.279320
388.124606 -176.900229 1.287736
388.917860 -174.233088 1.297429
389.667440 -171.625705 1.304899
390.438406 -168.918130 1.311645
391.168504 -166.295063 1.317038
391.884466 -163.670547 1.319786
392.644311 -160.896541 1.322845
393.344920 -158.276420 1.325714
394.057518 -155.525942 1.331984
394.718243 -152.874322 1.338203
395.350396 -150.266431 1.343848
395.997671 -147.551265 1.349178
396.612769 -144.964382 1.353811
397.228306 -142.299860 1.356000
397.828560 -139.770715 1.355658
398.416661 -137.244908 1.356188
399.013726 -134.649325 1.356301
399.594498 -132.183368 1.356193
400.199613 -129.625267 1.355063
400.771394 -127.222091 1.352996
401.333024 -124.881942 1.351386
401.907822 -122.503493 1.350998
402.424301 -120.294733 1.351695
402.971503 -118.069188 1.352058
403.472213 -115.993842 1.351836
403.967092 -113.968084 1.350106
404.467231 -111.913760 1.347419
404.937900 -110.001870 1.345207
405.418763 -108.065262 1.342836
405.874020 -106.230732 1.340105
406.325939 -104.416837 1.338359
406.784447 -102.604508 1.336051
407.205266 -100.934304 1.333756
407.636125 -99.320203 1.333206
408.040253 -97.720108 1.333298
408.418726 -96.257281 1.333821
408.781864 -94.781910 1.335355
409.117479 -93.446564 1.337953
409.420402 -92.179032 1.345835
409.708438 -90.890047 1.357421
409.964369 -89.655877 1.371515
410.200657 -88.388661 1.391437
410.388030 -87.168353 1.416016
410.534519 -85.953068 1.444058
410.649500 -84.703352 1.473245
410.718256 -83.497773 1.502156
410.747006 -82.217470 1.539804
410.709500 -81.003512 1.586417
410.571306 -79.755928 1.648087
410.347518 -78.560620 1.716205
410.061378 -77.347553 1.784612
409.632358 -76.141016 1.855615
409.187256 -75.026392 1.926376
408.667630 -73.937551 1.995705
407.993738 -72.852149 2.075511
407.312237 -71.866443 2.161426
406.457290 -70.930140 2.261387
405.530276 -70.127357 2.364533
404.575076 -69.407542 2.467555
403.453277 -68.779526 2.574925
402.329224 -68.288755 2.677259
401.080136 -67.869344 2.772524
399.846364 -67.532533 2.839230
398.533825 -67.212999 2.886452
397.236745 -66.920179 2.916868
395.884110 -66.634102 2.936937
394.434634 -66.346625 2.953239
393.038156 -66.081137 2.965654
391.504315 -65.824317 2.979286
390.005831 -65.586216 2.991192
388.484189 -65.363201 3.000517
386.851230 -65.119588 3.008651
385.253944 -64.894859 3.012010
383.557809 -64.639305 3.008940
381.895764 -64.374434 3.004269
380.206111 -64.109266 2.999407
378.415100 -63.813158 2.994777
376.661893 -63.515789 2.990383
374.808104 -63.204149 2.989210
372.994008 -62.901760 2.988533
371.068995 -62.578877 2.988110
369.200293 -62.263493 2.988905
367.304438 -61.945901 2.990024
365.299100 -61.605992 2.991342
363.342705 -61.279971 2.992537
361.359911 -60.947194 2.990583
359.256907 -60.578761 2.986322
357.204195 -60.220655 2.982454
355.046417 -59.826353 2.979473
352.944096 -59.449999 2.979536
350.811938 -59.076373 2.979697
348.565396 -58.686532 2.980176
346.407360 -58.312180 2.980213
344.146779 -57.912074 2.980423
341.968958 -57.523991 2.980319
339.770771 -57.124534 2.977381
337.483419 -56.687054 2.973605
335.275159 -56.260644 2.969974
332.935989 -55.812285 2.966660
330.742022 -55.369310 2.961820
328.505127 -54.908703 2.958101
326.165839 -54.428064 2.956956
323.936109 -53.978872 2.960257
321.575031 -53.520130 2.963283
319.309157 -53.075564 2.965182
316.942014 -52.616134 2.966969
314.663718 -52.178255 2.968601
312.374170 -51.743654 2.969946
309.976765 -51.290969 2.971532
307.667047 -50.860020 2.972905
305.268982 -50.410748 2.973292
302.952242 -49.979505 2.971229
300.647120 -49.530361 2.967636
298.232022 -49.053922 2.964223
295.902608 -48.591998 2.962060
293.501569 -48.115238 2.960157
291.229475 -47.649654 2.957389
288.960802 -47.184198 2.955323
286.641808 -46.705189 2.952809
284.418302 -46.240621 2.950728
282.214670 -45.775743 2.947867
279.957195 -45.299224 2.945320
277.849590 -44.847172 2.943208
275.721171 -44.385882 2.939671
273.756516 -43.947040 2.934440
271.865378 -43.510205 2.928679
269.990845 -43.058675 2.921974
268.273166 -42.630616 2.914075
266.633734 -42.195208 2.902482
265.075935 -41.756725 2.890195
263.537566 -41.308724 2.878339
262.136378 -40.880093 2.867150
260.731324 -40.440864 2.856178
259.426417 -40.013904 2.845875
258.135697 -39.585928 2.836219
256.821339 -39.129008 2.828130
255.596242 -38.704304 2.825183
254.331284 -38.273249 2.826316
253.164009 -37.877199 2.832472
252.016270 -37.522181 2.844865
250.839290 -37.175369 2.860705
249.738945 -36.876881 2.878091
248.656140 -36.612281 2.899652
247.549611 -36.383397 2.925623
246.499006 -36.189099 2.954960
245.408818 -36.042468 2.992236
244.368851 -35.961356 3.036898
243.334197 -35.937657 3.088848
242.243919 -35.995531 -3.133200
241.191032 -36.122458 -3.068242
240.149066 -36.325353 -3.001109
239.068523 -36.605347 -2.931903
238.048099 -36.953246 -2.865454
236.989301 -37.387075 -2.795646
235.970100 -37.874935 -2.729953
234.982882 -38.450033 -2.666485
233.965943 -39.100960 -2.600865
233.016832 -39.796504 -2.538225
232.061066 -40.602499 -2.471443
231.188007 -41.447318 -2.406829
230.361333 -42.357854 -2.340607
229.536108 -43.381702 -2.271046
228.807856 -44.407266 -2.206264
228.117995 -45.564575 -2.141582
227.481938 -46.717216 -2.083487
226.904610 -47.905931 -2.029964
226.361529 -49.222658 -1.977525
225.872972 -50.526251 -1.927677
225.433048 -51.924605 -1.881268
225.058119 -53.316794 -1.844845
224.674157 -54.814092 -1.813605
224.344689 -56.298954 -1.786222
224.051870 -57.819897 -1.759951
223.762494 -59.451813 -1.740739
223.480649 -61.046132 -1.735388
223.166920 -62.730467 -1.733572
222.867465 -64.393214 -1.731963
222.562988 -66.081470 -1.730249
222.245401 -67.875095 -1.729637
221.932535 -69.638514 -1.729138
221.603370 -71.509132 -1.729513
221.278800 -73.338171 -1.730308
220.946020 -75.204186 -1.731728
220.595137 -77.162490 -1.733760
220.244565 -79.076070 -1.736323
219.867423 -81.104001 -1.738979
219.494036 -83.074194 -1.741667
219.105269 -85.104839 -1.744002
218.690612 -87.249338 -1.745989
218.287902 -89.337732 -1.746628
217.859292 -91.543321 -1.746882
217.439534 -93.683232 -1.746490
217.002658 -95.853852 -1.746500
216.565403 -98.144204 -1.745619
216.153380 -100.365717 -1.743320
215.742743 -102.601668 -1.740692
215.315232 -104.933031 -1.738262
214.912457 -107.180470 -1.735612
214.492147 -109.526542 -1.734152
214.080947 -111.788985 -1.734545
213.651271 -114.132237 -1.734737
213.231196 -116.431639 -1.734986
212.807280 -118.713504 -1.736672
212.357487 -121.095674 -1.738840
211.916621 -123.412614 -1.740605
211.473793 -125.732457 -1.741839
211.012975 -128.158528 -1.742398
210.573055 -130.495371 -1.742356
210.112687 -132.942943 -1.742082
209.672367 -135.294766 -1.741586
209.230261 -137.651702 -1.740297
208.771775 -140.113326 -1.738894
208.333712 -142.485035 -1.738445
207.871254 -144.955885 -1.739220
207.429328 -147.333363 -1.739741
206.989512 -149.685464 -1.739568
206.538786 -152.126235 -1.738925
206.117789 -154.449193 -1.737706
205.678167 -156.777052 -1.737026
205.242755 -159.169804 -1.736763
204.813113 -161.474136 -1.736961
204.373180 -163.882153 -1.737595
203.949307 -166.187964 -1.738612
203.529513 -168.496095 -1.739650
203.079470 -170.917936 -1.740386
202.646344 -173.226832 -1.740711
202.184356 -175.661879 -1.741074
201.734942 -178.003597 -1.740834
201.267902 -180.442720 -1.740793
200.819996 -182.809124 -1.741832
200.373945 -185.180189 -1.743772
199.898974 -187.645078 -1.745771
199.423685 -190.057156 -1.748048
198.953360 -192.439001 -1.749861
198.457425 -194.948467 -1.752080
197.967075 -197.365309 -1.753866
197.467934 -199.789634 -1.756011
196.943877 -202.321179 -1.758236
196.439763 -204.745484 -1.760272
195.905054 -207.263313 -1.762626
195.390891 -209.664791 -1.764831
194.855010 -212.051552 -1.767259
194.319739 -214.549742 -1.768856
193.811784 -216.928978 -1.770539
193.270529 -219.397749 -1.771970
192.745934 -221.757810 -1.773528
192.218661 -224.109406 -1.774293
191.666054 -226.548230 -1.775460
191.152006 -228.866002 -1.775153
190.631893 -231.170153 -1.775321
190.096408 -233.566722 -1.774478
189.592917 -235.838032 -1.774730
189.088571 -238.104839 -1.775500
188.559198 -240.450677 -1.776071
188.049077 -242.695539 -1.776645
187.515413 -245.016226 -1.777129
187.014668 -247.223876 -1.777729
186.494871 -249.442593 -1.778242
185.977399 -251.709494 -1.777281
185.493366 -253.878867 -1.773565
185.028170 -256.049344 -1.768312
184.564811 -258.271020 -1.762029
184.134115 -260.396895 -1.756816
183.717655 -262.502632 -1.750676
183.309194 -264.650710 -1.745389
182.937634 -266.652357 -1.740406
182.570920 -268.688678 -1.735605
182.233673 -270.585045 -1.732242
181.910960 -272.394338 -1.730042
181.584613 -274.226119 -1.728532
181.284831 -275.922641 -1.729974
180.964028 -277.617591 -1.737558
180.646864 -279.168799 -1.751947
180.295595 -280.671673 -1.777075
179.922594 -282.023995 -1.811982
179.473276 -283.352184 -1.859938
178.973206 -284.582742 -1.919484
178.384784 -285.750879 -1.985240
177.697015 -286.894356 -2.059271
176.950234 -287.924020 -2.133363
176.096660 -288.927074 -2.213960
175.213730 -289.777471 -2.295001
174.209305 -290.586669 -2.383844
173.164986 -291.318722 -2.467361
172.022433 -292.007725 -2.545847
170.859962 -292.537437 -2.641563
169.569908 -293.014266 -2.730042
168.266061 -293.368716 -2.811859
166.851893 -293.624007 -2.895105
165.448757 -293.791078 -2.961469
163.951987 -293.898064 -3.028266
162.472398 -293.900430 -3.091179
160.906944 -293.814030 3.136812
159.367594 -293.692951 3.097031
157.736085 -293.524362 3.066308
156.134986 -293.324699 3.044754
154.420960 -293.095662 3.029191
152.751501 -292.857606 3.016547
150.981598 -292.575746 3.003366
149.240502 -292.270566 2.990900
147.400372 -291.934061 2.980871
145.606619 -291.599068 2.976066
143.695171 -291.250109 2.975267
141.830632 -290.905361 2.973913
139.851005 -290.538370 2.974023
137.919607 -290.189524 2.975650
135.872702 -289.820552 2.977053
133.881671 -289.459957 2.977612
131.767130 -289.079125 2.978805
129.723356 -288.709365 2.979360
127.570842 -288.317557 2.978731
125.471007 -287.943006 2.978367
123.261706 -287.543169 2.977552
121.115061 -287.152885 2.976595
118.860344 -286.736932 2.975353
116.672993 -286.327844 2.973525
114.366531 -285.895457 2.972770
112.145086 -285.481070 2.973439
109.927819 -285.068846 2.973356
107.654711 -284.646546 2.974343
105.468495 -284.244942 2.974581
103.227499 -283.829468 2.974788
101.096642 -283.436773 2.975235
98.885739 -283.030538 2.975974
96.781526 -282.652285 2.976601
94.592161 -282.251857 2.977671
92.515805 -281.872642 2.977774
90.350144 -281.477448 2.978583
88.286585 -281.106230 2.979000
86.148759 -280.717444 2.979724
84.106129 -280.351371 2.979278
81.993378 -279.961428 2.975917
79.981149 -279.596896 2.973340
77.925848 -279.204704 2.971362
75.937158 -278.837993 2.971044
73.912094 -278.455202 2.969127
71.988234 -278.081705 2.967816
69.993154 -277.694036 2.967244
68.114890 -277.329256 2.967392
66.244112 -276.975484 2.968680
64.319938 -276.614371 2.969298
62.512454 -276.272572 2.968534
60.659250 -275.921533 2.970320
58.919042 -275.602217 2.972441
57.160106 -275.280306 2.974597
55.521572 -274.982876 2.976433
53.875536 -274.687993 2.977518
52.354784 -274.414059 2.977185
50.836011 -274.143243 2.978937
49.446028 -273.899960 2.980216
48.063866 -273.646050 2.980682
46.796627 -273.423369 2.979922
45.597044 -273.205132 2.979645
44.416041 -272.992349 2.978537
43.311977 -272.791401 2.977345
42.188426 -272.580547 2.975388
41.166776 -272.393160 2.973583
40.159405 -272.202861 2.972369
39.243702 -272.020449 2.971111
38.336226 -271.849872 2.969362
37.516443 -271.692723 2.968352
36.701065 -271.531703 2.966986
35.967323 -271.385736 2.965945
35.249978 -271.243750 2.965083
34.604594 -271.118041 2.963987
33.989090 -270.994645 2.962827
33.439990 -270.882779 2.961634
32.938100 -270.783293 2.960719
32.514797 -270.696247 2.959680
32.146585 -270.621347 2.959246
31.821949 -270.554054 2.958369
31.566229 -270.505335 2.957710
31.353045 -270.455627 2.957139
31.181363 -270.419934 2.956733
31.032447 -270.390375 2.956243
30.917342 -270.366191 2.955860
30.821801 -270.347217 2.955705
30.749861 -270.332648 2.955641
30.683121 -270.318799 2.955575
30.600640 -270.301129 2.955565
30.497941 -270.278585 2.955526
30.385558 -270.253926 2.955455
30.250378 -270.224849 2.955665
30.105485 -270.196743 2.956007
29.936967 -270.165014 2.956346
29.761453 -270.129399 2.956877
29.566737 -270.085616 2.957199
29.360954 -270.044854 2.957557
29.123308 -269.997919 2.957863
28.875773 -269.949993 2.958664
28.593324 -269.891365 2.959102
28.304747 -269.833806 2.959701
27.984348 -269.774510 2.960342
27.660691 -269.707918 2.960636
27.331436 -269.640118 2.960821
26.984128 -269.574956 2.961422
26.641596 -269.501503 2.961529
26.279312 -269.433266 2.962169
25.929280 -269.364804 2.962645
25.556231 -269.287661 2.962894
25.193664 -269.221388 2.963010
24.820680 -269.144753 2.963365
24.491986 -269.079965 2.963684
24.198150 -269.028773 2.964144
23.964765 -268.977924 2.964275
23.777513 -268.943925 2.964469
23.655770 -268.920947 2.964434
23.580727 -268.906867 2.964377
23.551833 -268.901748 2.964412
23.550297 -268.901221 2.964401
23.550297 -268.901221 2.964401
23.553401 -268.902182 2.964396
23.553401 -268.902182 2.964396
23.553401 -268.902182 2.964396
23.553401 -268.902182 2.964396
23.553401 -268.902182 2.964396
23.553401 -268.902182 2.964396
23.553401 -268.902182 2.964396
23.553401 -268.902182 2.964396
23.553401 -268.902182 2.964396
23.553401 -268.902182 2.964396
23.553401 -268.902182 2.964396
23.553401 -268.902182 2.964396
23.553401 -268.902182 2.964396
23.553401 -268.902182 2.964396
23.553401 -268.902182 2.964396
23.553401 -268.902182 2.964396
23.553401 -268.902182 2.964396
23.553401 -268.902182 2.964396
23.553401 -268.902182 2.964396
23.553401 -268.902182 2.964396
23.553401 -268.902182 2.964396
23.553401 -268.902182 2.964396
23.553401 -268.902182 2.964396
23.553401 -268.902182 2.964396
23.553401 -268.902182 2.964396
23.553401 -268.902182 2.964396
23.553401 -268.902182 2.964396
23.553401 -268.902182 2.964396
23.553401 -268.902182 2.964396
23.553401 -268.902182 2.964396
23.553401 -268.902182 2.964396
23.553401 -268.902182 2.964396
23.553401 -268.902182 2.964396
23.553401 -268.902182 2.964396
23.553401 -268.902182 2.964396
23.553401 -268.902182 2.964396
23.553401 -268.902182 2.964396
23.553401 -268.902182 2.964396
23.553401 -268.902182 2.964396
23.553401 -268.902182 2.964396
23.553401 -268.902182 2.964396
23.553401 -268.902182 2.964396
23.553401 -268.902182 2.964396
23.553401 -268.902182 2.964396
23.553401 -268.902182 2.964396
23.553401 -268.902182 2.964396
23.553401 -268.902182 2.964396
23.553401 -268.902182 2.964396
23.553401 -268.902182 2.964396
23.553401 -268.902182 2.964396
23.553401 -268.902182 2.964396
23.553401 -268.902182 2.964396
23.553401 -268.902182 2.964396
23.553401 -268.902182 2.964396
23.553401 -268.902182 2.964396
23.553401 -268.902182 2.964396
23.553401 -268.902182 2.964396
23.553401 -268.902182 2.964396
23.553401 -268.902182 2.964396
23.553401 -268.902182 2.964396
23.553401 -268.902182 2.964396
23.552522 -268.902040 2.964398
23.552522 -268.902040 2.964398
23.552522 -268.902040 2.964398
23.552522 -268.902040 2.964398
23.552522 -268.902040 2.964398
23.552522 -268.902040 2.964398
23.552522 -268.902040 2.964398
23.552522 -268.902040 2.964398
23.552522 -268.902040 2.964398
23.552522 -268.902040 2.964398
23.552522 -268.902040 2.964398
23.552522 -268.902040 2.964398
23.552522 -268.902040 2.964398
23.552522 -268.902040 2.964398
23.552522 -268.902040 2.964398
23.552522 -268.902040 2.964398
23.552522 -268.902040 2.964398
23.552522 -268.902040 2.964398
23.552522 -268.902040 2.964398
23.552522 -268.902040 2.964398
23.552522 -268.902040 2.964398
23.552522 -268.902040 2.964398
23.552522 -268.902040 2.964398
23.552522 -268.902040 2.964398
23.552522 -268.902040 2.964398
23.552522 -268.902040 2.964398
23.552522 -268.902040 2.964398
23.552522 -268.902040 2.964398
23.552522 -268.902040 2.964398
23.552522 -268.902040 2.964398
23.552522 -268.902040 2.964398
23.552522 -268.902040 2.964398
23.552522 -268.902040 2.964398
23.552522 -268.902040 2.964398
23.552522 -268.902040 2.964398
23.552522 -268.902040 2.964398
23.552522 -268.902040 2.964398
23.552522 -268.902040 2.964398
23.552522 -268.902040 2.964398
23.552522 -268.902040 2.964398
23.552522 -268.902040 2.964398
23.552522 -268.902040 2.964398
23.552522 -268.902040 2.964398
23.552522 -268.902040 2.964398
23.552522 -268.902040 2.964398
23.552522 -268.902040 2.964398
23.552522 -268.902040 2.964398
23.552522 -268.902040 2.964398
23.552522 -268.902040 2.964398
23.552522 -268.902040 2.964398
23.552522 -268.902040 2.964398
23.552522 -268.902040 2.964398
23.552522 -268.902040 2.964398
23.552522 -268.902040 2.964398
23.552522 -268.902040 2.964398
23.552522 -268.902040 2.964398
23.552522 -268.902040 2.964398
23.552522 -268.902040 2.964398
23.548631 -268.900978 2.964383
23.520190 -268.896352 2.964405
23.471711 -268.887329 2.964439
23.406152 -268.874935 2.964478
23.326248 -268.859796 2.964536
23.224713 -268.839637 2.964603
23.103473 -268.814805 2.964612
22.942208 -268.784482 2.965115
22.744713 -268.749842 2.966085
22.485732 -268.703299 2.967380
22.193217 -268.643860 2.968472
21.830286 -268.577837 2.969917
21.422316 -268.506537 2.971325
20.931398 -268.413726 2.972319
20.380110 -268.313362 2.973431
19.793435 -268.204936 2.973964
19.126049 -268.082974 2.974350
18.424941 -267.953514 2.974216
17.643114 -267.805437 2.973563
16.834775 -267.659066 2.973000
15.923908 -267.492585 2.972614
14.988594 -267.310960 2.972380
13.951848 -267.123537 2.971769
12.905334 -266.926847 2.971456
11.757419 -266.707568 2.971170
10.598001 -266.494937 2.970986
9.336118 -266.256529 2.971896
8.092466 -266.031717 2.975652
6.744151 -265.797551 2.981641
5.396161 -265.578059 2.992641
3.944276 -265.371539 3.013350
2.505384 -265.225381 3.046460
0.971912 -265.161403 3.094703
-0.504654 -265.193040 -3.126946
-2.064089 -265.373568 -3.049920
-3.551461 -265.666172 -2.970837
-5.076912 -266.087713 -2.888928
-6.499062 -266.615735 -2.806756
-7.927387 -267.302680 -2.718785
-9.243039 -268.086443 -2.633625
-10.490436 -268.963082 -2.548881
-11.704480 -269.999385 -2.459909
-12.847293 -271.133720 -2.372327
-13.862056 -272.337297 -2.291981
-14.831218 -273.683677 -2.209038
-15.662765 -275.047615 -2.133286
-16.462037 -276.573122 -2.058718
-17.145751 -278.099730 -1.992273
-17.753138 -279.759199 -1.925138
-18.256876 -281.419111 -1.869189
-18.714440 -283.196493 -1.822553
-19.094759 -284.952615 -1.788075
-19.473767 -286.806036 -1.770756
-19.852580 -288.615747 -1.757681
-20.208823 -290.560498 -1.745252
-20.546589 -292.448222 -1.735678
-20.896751 -294.458809 -1.728056
-21.234301 -296.440711 -1.725330
-21.594193 -298.519593 -1.723920
-21.936358 -300.554030 -1.723139
-22.306679 -302.713075 -1.723666
-22.673504 -304.801492 -1.724454
-23.052078 -307.004649 -1.725446
-23.427352 -309.147812 -1.726506
-23.821584 -311.406058 -1.727513
-24.208394 -313.600437 -1.729509
-24.612826 -315.913840 -1.731379
-25.014897 -318.160338 -1.732984
-25.444572 -320.514685 -1.735238
-25.860322 -322.769858 -1.736651
-26.293968 -325.129806 -1.736639
-26.705363 -327.411234 -1.735980
-27.135959 -329.800915 -1.735306
-27.544647 -332.111291 -1.734535
-27.976132 -334.508675 -1.733870
-28.394820 -336.832215 -1.733058
-28.828813 -339.263892 -1.732049
-29.249745 -341.584642 -1.732679
-29.677674 -343.953989 -1.733904
-30.123247 -346.397752 -1.736504
-30.586460 -348.848766 -1.738633
-31.026342 -351.211037 -1.739887
-31.491922 -353.665772 -1.741045
-31.938736 -356.020809 -1.741556
-32.408217 -358.478412 -1.739848
-32.843784 -360.826141 -1.737255
-33.284160 -363.259094 -1.734695
-33.700037 -365.573629 -1.732344
-34.108122 -367.870589 -1.730302
-34.524500 -370.248187 -1.728647
-34.912395 -372.507569 -1.727127
-35.298460 -374.795292 -1.725967
-35.662845 -376.947930 -1.725069
-36.039301 -379.130786 -1.727634
-36.400665 -381.170613 -1.730377
-36.777320 -383.269755 -1.733411
-37.142270 -385.276640 -1.734978
-37.523427 -387.339257 -1.736317
-37.878617 -389.305325 -1.735998
-38.248718 -391.349713 -1.735869
-38.607488 -393.304772 -1.735611
-38.982558 -395.356136 -1.735183
-39.340649 -397.317332 -1.734507
-39.720853 -399.372392 -1.733719
-40.078284 -401.354971 -1.732537
-40.451346 -403.441516 -1.731640
-40.805112 -405.445239 -1.731091
-41.175832 -407.556878 -1.730722
-41.540120 -409.601280 -1.731587
-41.928015 -411.730223 -1.732663
-42.300778 -413.794649 -1.733144
-42.689735 -415.968489 -1.733378
-43.061835 -418.060091 -1.733449
-43.477860 -420.254169 -1.734176
-43.841629 -422.395944 -1.734783
-44.232847 -424.607913 -1.734852
-44.619324 -426.758287 -1.734071
-45.036535 -429.011775 -1.733832
-45.428557 -431.192742 -1.733374
-45.834531 -433.463998 -1.733202
-46.222103 -435.655540 -1.732832
-46.627827 -437.942509 -1.733097
-47.024674 -440.138686 -1.734915
-47.448712 -442.445413 -1.737595
-47.857981 -444.657359 -1.739914
-48.289699 -446.943854 -1.742112
-48.704291 -449.130132 -1.744235
-49.137473 -451.370631 -1.744437
-49.545620 -453.524202 -1.744072
-49.962605 -455.721671 -1.743860
-50.366855 -457.838684 -1.744034
-50.783307 -460.015662 -1.744218
-51.172931 -462.075565 -1.744208
-51.586184 -464.215518 -1.743577
-51.964626 -466.234095 -1.742344
-52.360387 -468.312907 -1.741024
-52.736252 -470.303050 -1.740484
-53.115692 -472.340994 -1.739309
-53.485725 -474.293633 -1.738550
-53.857359 -476.301254 -1.737837
-54.207560 -478.207447 -1.736699
-54.571083 -480.198680 -1.739077
-54.931816 -482.077216 -1.743787
-55.313438 -483.999282 -1.748251
-55.669190 -485.788691 -1.750442
-56.014439 -487.519452 -1.749950
-56.346888 -489.270433 -1.748155
-56.655993 -490.886607 -1.746366
-56.969193 -492.507562 -1.744721
-57.256455 -494.061602 -1.740861
-57.515882 -495.489694 -1.732688
-57.741199 -496.882541 -1.720997
-57.942276 -498.279967 -1.703388
-58.094393 -499.572539 -1.681684
-58.192757 -500.869383 -1.651300
-58.238418 -502.045279 -1.619440
-58.244442 -503.224343 -1.585022
-58.199081 -504.298962 -1.551236
-58.116525 -505.349856 -1.516085
-58.017026 -506.292609 -1.482341
-57.883736 -507.211894 -1.450721
-57.744718 -508.021095 -1.420090
-57.571739 -508.851811 -1.386173
-57.368481 -509.636345 -1.350115
-57.124308 -510.453867 -1.307317
-56.839595 -511.254213 -1.262310
-56.469137 -512.090087 -1.211304
-56.074174 -512.906033 -1.158665
-55.600776 -513.755336 -1.101712
-55.074164 -514.555904 -1.043749
-54.479827 -515.382086 -0.981039
-53.823441 -516.153830 -0.917309
-53.086928 -516.922254 -0.847655
-52.316255 -517.633349 -0.779900
-51.434845 -518.323912 -0.706464
-50.525394 -518.934552 -0.632057
-49.528823 -519.508275 -0.553594
-48.496912 -519.983108 -0.477387
-47.368841 -520.413426 -0.401402
-46.239588 -520.765628 -0.334946
-45.025618 -521.081094 -0.281048
-43.838491 -521.359998 -0.246055
-42.573299 -521.646657 -0.221170
-41.334414 -521.905481 -0.203693
-40.017149 -522.169597 -0.191942
-38.680216 -522.435145 -0.184470
-37.374318 -522.693599 -0.181622
-35.991229 -522.967529 -0.178838
-34.643047 -523.224687 -0.176806
-33.218269 -523.502596 -0.176605
-31.829479 -523.775978 -0.176771
-30.417948 -524.052266 -0.177143
-28.912345 -524.350316 -0.177559
-27.377640 -524.648816 -0.175927
-25.872450 -524.939269 -0.174049
-24.264456 -525.243366 -0.173895
-22.692585 -525.540470 -0.173245
-21.023665 -525.860628 -0.172319
-19.396315 -526.162520 -0.170524
-17.672092 -526.494112 -0.168897
-15.985163 -526.813634 -0.167813
-14.198816 -527.148097 -0.166159
-12.457820 -527.466468 -0.165503
-10.613548 -527.803433 -0.165296
-8.816057 -528.135362 -0.165349
-6.922068 -528.480017 -0.165510
-5.077368 -528.812091 -0.165408
-3.130262 -529.166127 -0.165449
-1.239675 -529.511176 -0.164877
0.759020 -529.871004 -0.164130
2.700131 -530.218490 -0.163261
4.747774 -530.587864 -0.162436
6.740044 -530.946472 -0.161925
8.834112 -531.317753 -0.161370
10.870154 -531.677525 -0.161026
13.021039 -532.056609 -0.161419
15.107753 -532.428237 -0.161912
17.291097 -532.825651 -0.162825
19.401417 -533.206260 -0.163505
21.598716 -533.605645 -0.164475
23.674967 -534.002900 -0.165742
25.832756 -534.408440 -0.166308
27.920407 -534.806307 -0.167395
30.070290 -535.216497 -0.168062
32.131258 -535.588582 -0.167349
34.295028 -535.978644 -0.167346
36.346127 -536.371055 -0.168725
38.507604 -536.772090 -0.171074
40.572517 -537.154344 -0.174039
42.715079 -537.580777 -0.178535
44.777812 -538.002728 -0.180943
46.915768 -538.422952 -0.178736
48.969188 -538.809033 -0.174412
51.113986 -539.207227 -0.171651
53.152774 -539.589028 -0.171514
55.241023 -539.984336 -0.171255
57.239564 -540.371375 -0.171735
59.298073 -540.763693 -0.171756
61.256447 -541.133381 -0.171647
63.280960 -541.515528 -0.171819
65.177006 -541.874925 -0.171588
67.079053 -542.235618 -0.171442
68.853207 -542.570286 -0.171541
70.534091 -542.891724 -0.171781
72.224098 -543.200136 -0.172141
73.768472 -543.476468 -0.173397
75.279922 -543.766849 -0.175585
76.679986 -544.038692 -0.178091
78.131363 -544.330160 -0.180449
79.467416 -544.593928 -0.181928
80.793869 -544.870778 -0.183775
81.999436 -545.111799 -0.184626
83.212606 -545.363727 -0.185295
84.331430 -545.589476 -0.186256
85.444169 -545.817142 -0.186710
86.493184 -546.029630 -0.187524
87.538650 -546.245976 -0.187406
88.504043 -546.436139 -0.185527
89.464734 -546.629014 -0.181878
90.339257 -546.795751 -0.178646
91.208069 -546.945023 -0.172905
91.997073 -547.087838 -0.166687
92.808044 -547.223027 -0.157770
93.589583 -547.330967 -0.142750
94.392907 -547.420854 -0.124092
95.199011 -547.489077 -0.100104
96.055748 -547.543534 -0.071573
96.915771 -547.557362 -0.038385
97.845037 -547.515985 0.004204
98.763823 -547.444209 0.051513
99.751478 -547.317638 0.101862
100.734344 -547.120466 0.152968
101.779361 -546.860683 0.212357
102.796820 -546.543472 0.269241
103.877739 -546.134751 0.327309
104.932735 -545.684348 0.385034
106.056468 -545.106989 0.446451
107.148308 -544.482029 0.508042
108.278394 -543.741931 0.572999
109.346805 -542.934434 0.636754
110.455102 -541.995634 0.703990
111.481342 -540.983071 0.764268
112.539772 -539.846165 0.814864
113.550888 -538.679881 0.854738
114.594175 -537.397228 0.888320
115.602525 -536.097189 0.914959
116.644983 -534.670918 0.941228
117.653472 -533.248975 0.960188
118.714705 -531.713426 0.974131
119.760765 -530.201538 0.980378
120.873303 -528.584929 0.984847
121.960407 -526.989196 0.988407
123.107948 -525.284892 0.991201
124.236555 -523.612517 0.991742
125.435233 -521.827752 0.992311
126.657744 -520.004714 0.992425
127.858120 -518.252046 0.990592
129.100058 -516.435365 0.989315
130.405864 -514.518714 0.985795
131.691235 -512.662308 0.980933
133.069018 -510.704993 0.975135
134.479713 -508.706339 0.970071
135.859322 -506.775153 0.964698
137.323740 -504.751767 0.959803
138.744782 -502.808767 0.956509
140.236262 -500.764619 0.956750
141.683898 -498.775143 0.956875
143.209641 -496.674362 0.957458
144.684330 -494.648851 0.957828
146.236824 -492.514698 0.957543
147.719420 -490.480226 0.957013
149.251620 -488.385140 0.955752
150.735344 -486.380251 0.952616
152.291929 -484.281240 0.949719
153.782690 -482.243683 0.947319
155.358416 -480.157859 0.944178
156.907715 -478.113465 0.942185
158.525322 -475.971996 0.939463
160.091248 -473.918139 0.936952
161.745611 -471.742062 0.934640
163.340373 -469.675568 0.932051
165.045734 -467.454764 0.930107
166.673509 -465.354796 0.927534
168.408148 -463.129863 0.926260
170.064229 -460.992824 0.924773
171.814786 -458.758119 0.923335
173.502300 -456.604821 0.922578
175.248711 -454.346244 0.923874
176.933562 -452.156651 0.925865
178.700137 -449.864084 0.927650
180.405242 -447.663340 0.929446
182.173867 -445.380818 0.930860
183.859455 -443.188514 0.932347
185.609652 -440.905281 0.933063
187.293260 -438.707036 0.932932
188.976030 -436.492888 0.933129
190.741057 -434.175985 0.933507
192.448745 -431.937772 0.933607
194.231188 -429.596974 0.932719
196.042798 -427.247795 0.930700
197.811223 -424.967476 0.928660
199.640844 -422.622277 0.926179
201.414762 -420.364468 0.923905
203.262091 -418.020174 0.921859
205.029593 -415.765059 0.922769
206.787463 -413.511989 0.923537
208.599296 -411.179953 0.924273
210.321050 -408.956671 0.925027
212.118736 -406.639587 0.925854
213.918621 -404.342602 0.926182
215.632990 -402.118649 0.926855
217.327612 -399.923526 0.925545
219.119942 -397.640058 0.923650
220.916060 -395.357773 0.921735
222.638244 -393.181040 0.919867
224.365755 -391.001858 0.918036
226.157248 -388.737037 0.916141
227.884444 -386.560943 0.914388
229.690751 -384.310043 0.910512
231.433305 -382.164427 0.904407
233.250413 -379.939641 0.896140
235.019142 -377.852198 0.884850
236.883551 -375.698257 0.874800
238.666394 -373.671842 0.863881
240.536893 -371.600294 0.852867
242.345283 -369.649230 0.840285
244.255727 -367.630441 0.827793
246.112413 -365.721561 0.815400
248.061210 -363.760647 0.802810
249.953386 -361.909089 0.791259
251.958292 -359.997228 0.779096
253.906860 -358.179394 0.766401
255.956001 -356.312307 0.752955
257.955854 -354.551723 0.739825
260.057155 -352.745055 0.726270
262.089685 -351.040588 0.715096
264.218291 -349.280464 0.708365
266.265362 -347.598670 0.708048
268.378726 -345.834993 0.712940
270.401320 -344.122005 0.718232
272.479630 -342.340271 0.724501
274.470882 -340.601278 0.731359
276.532708 -338.772101 0.739629
278.489783 -337.007240 0.749128
280.503755 -335.138062 0.761557
282.429114 -333.291869 0.776722
284.404130 -331.337146 0.792221
286.273521 -329.441202 0.807332
288.208990 -327.404479 0.822696
290.031036 -325.447475 0.835773
291.931017 -323.385980 0.847964
293.729786 -321.366149 0.859181
295.553902 -319.238251 0.868839
297.311555 -317.193809 0.875658
299.127364 -315.061794 0.882543
300.869852 -312.988971 0.888004
302.689350 -310.841770 0.893324
304.398755 -308.778844 0.898724
306.167706 -306.611044 0.903839
307.884815 -304.480368 0.909703
309.624841 -302.290607 0.917607
311.290204 -300.129048 0.925067
313.025556 -297.853124 0.929948
314.696718 -295.681405 0.932418
316.388880 -293.464667 0.934402
318.103406 -291.182140 0.936842
319.799876 -288.925808 0.939157
321.553599 -286.603775 0.941154
323.251082 -284.358657 0.942204
325.023256 -282.000172 0.942915
326.736543 -279.721988 0.939084
328.555164 -277.359717 0.934124
330.290043 -275.108518 0.930899
332.133382 -272.723740 0.928766
333.886954 -270.467658 0.926183
335.708164 -268.139757 0.923523
337.446338 -265.922369 0.921088
339.254504 -263.624911 0.918636
340.965267 -261.454656 0.916685
342.730161 -259.213837 0.916081
344.420418 -257.057618 0.916352
346.163447 -254.846635 0.916659
347.840858 -252.732510 0.918570
349.574723 -250.524480 0.921311
351.214402 -248.410833 0.924768
352.914944 -246.194559 0.931598
354.525162 -244.073190 0.940149
356.190224 -241.835986 0.949394
357.755776 -239.682278 0.959448
359.348922 -237.412369 0.972655
360.848036 -235.187570 0.986186
362.374940 -232.903253 1.000737
363.827196 -230.668807 1.016368
365.298374 -228.296736 1.031024
366.659433 -226.013669 1.045602
368.048739 -223.610199 1.059334
369.357814 -221.284219 1.072293
370.699291 -218.849988 1.084074
371.960170 -216.490147 1.095292
373.241118 -214.009938 1.107051
374.442896 -211.638221 1.118623
375.672253 -209.127964 1.132082
376.816969 -206.703780 1.145064
377.966117 -204.167589 1.158653
379.035318 -201.709372 1.170892
380.127285 -199.137640 1.182960
381.167138 -196.652392 1.193931
382.194600 -194.075113 1.205647
383.170045 -191.554388 1.215509
384.161078 -188.955991 1.224804
385.084252 -186.439578 1.233763
386.027387 -183.779899 1.243344
386.903537 -181.251443 1.253611
387.794106 -178.586790 1.265629
388.612119 -176.023704 1.277116
389.425395 -173.361064 1.289583
390.171258 -170.810791 1.301078
390.919752 -168.181152 1.312864
391.598456 -165.664217 1.323865
392.246515 -163.156900 1.334374
392.898665 -160.536439 1.342960
393.491838 -158.090025 1.347224
394.105482 -155.515528 1.350370
394.689852 -153.035837 1.351605
395.281763 -150.492194 1.353345
395.852118 -148.035608 1.354739
396.454767 -145.486951 1.355860
397.019609 -143.044308 1.356428
397.613197 -140.537768 1.354978
398.185706 -138.115113 1.353788
398.771524 -135.624032 1.351970
399.347393 -133.241944 1.349471
399.952865 -130.785115 1.347046
400.527742 -128.438159 1.346262
401.117977 -126.036303 1.345234
401.688329 -123.730409 1.344312
402.274715 -121.363248 1.342145
402.846520 -119.122990 1.340210
403.439211 -116.810753 1.338907
404.003329 -114.613214 1.338264
404.574854 -112.361283 1.338832
405.104404 -110.259857 1.340373
405.631110 -108.127954 1.342333
406.114233 -106.156283 1.343667
406.593878 -104.174310 1.345049
407.038900 -102.361088 1.345949
407.476185 -100.552155 1.346914
407.882664 -98.880526 1.347817
408.286926 -97.200019 1.349749
408.663592 -95.610302 1.352505
409.024706 -94.004406 1.358006
409.344779 -92.516195 1.371417
409.630757 -90.968293 1.396809
409.834474 -89.494364 1.430037
409.978617 -87.996433 1.469837
410.041320 -86.591426 1.515532
409.985316 -85.169206 1.571097
409.893302 -83.832558 1.626109
409.698200 -82.512636 1.691223
409.414656 -81.158587 1.754416
409.075607 -79.848555 1.817121
408.669212 -78.623174 1.875670
408.122299 -77.365830 1.938047
407.594406 -76.202150 1.997161
406.916090 -75.058761 2.059840
406.204483 -73.978966 2.123532
405.404232 -72.891008 2.193511
404.523173 -71.943112 2.265333
403.597932 -71.010662 2.343922
402.539617 -70.130327 2.418201
401.435982 -69.358328 2.507734
400.189531 -68.626388 2.593173
398.919261 -68.027472 2.676694
397.530061 -67.502252 2.759361
396.060142 -67.066072 2.830078
394.581469 -66.683248 2.877523
393.101877 -66.340025 2.912331
391.488926 -66.016237 2.938755
389.905939 -65.706758 2.952839
388.237583 -65.393334 2.963955
386.590292 -65.090954 2.971651
384.845178 -64.772987 2.974778
383.144736 -64.454220 2.975404
381.336815 -64.115271 2.976327
379.569575 -63.794931 2.977811
377.693599 -63.453443 2.979308
375.864070 -63.127195 2.980599
373.932165 -62.785494 2.982389
372.038230 -62.457270 2.983940
370.035040 -62.110342 2.984953
368.090677 -61.769705 2.983300
366.034025 -61.400299 2.981696
364.030988 -61.041300 2.980407
361.913765 -60.660436 2.980859
359.841518 -60.302477 2.979227
357.655780 -59.918254 2.978031
355.539765 -59.536500 2.975989
353.322839 -59.123741 2.973955
351.168153 -58.732544 2.972613
348.907370 -58.322306 2.971108
346.728092 -57.919649 2.968668
344.440966 -57.482444 2.966054
342.229157 -57.053099 2.962888
339.911945 -56.583519 2.958928
337.685031 -56.114099 2.955111
335.350568 -55.619276 2.951983
333.058731 -55.141599 2.949464
330.714101 -54.630157 2.944679
328.420527 -54.111624 2.939870
326.017095 -53.563182 2.934652
323.725149 -53.020984 2.928975
321.317318 -52.439682 2.923359
319.005793 -51.866616 2.918246
316.586862 -51.249908 2.912733
314.260305 -50.645870 2.907541
311.838875 -50.007650 2.902341
309.513604 -49.378499 2.897304
307.104018 -48.715350 2.894034
304.798341 -48.092986 2.894218
302.398339 -47.446909 2.894902
300.108172 -46.820667 2.895147
297.708078 -46.171190 2.896289
295.426274 -45.552735 2.897944
293.080626 -44.930168 2.899086
290.829498 -44.343037 2.900469
288.515075 -43.743885 2.900662
286.306304 -43.156321 2.901229
284.016183 -42.548418 2.900512
281.823999 -41.961246 2.896360
279.573224 -41.333968 2.890848
277.424745 -40.713737 2.882930
275.210610 -40.039651 2.870230
273.101437 -39.370484 2.856850
270.937962 -38.655372 2.841587
268.893734 -37.936684 2.825969
266.793580 -37.159207 2.806807
264.820880 -36.384343 2.786870
262.806519 -35.539222 2.763484
260.913444 -34.676746 2.740740
258.982822 -33.752419 2.717117
257.156684 -32.830760 2.695601
255.374283 -31.889276 2.674255
253.556486 -30.858589 2.651411
251.750125 -29.785893 2.628267
250.058206 -28.725136 2.602974
248.369395 -27.615059 2.576969
246.665520 -26.397576 2.545416
245.059068 -25.175351 2.515388
243.416413 -23.838819 2.483556
241.875873 -22.502120 2.450379
240.295066 -21.032326 2.415692
238.818572 -19.576624 2.385634
237.289040 -18.013910 2.361346
235.842166 -16.476430 2.342371
234.336522 -14.846904 2.328457
232.891843 -13.259785 2.317731
231.395336 -11.580604 2.309394
229.967489 -9.954469 2.308492
228.441670 -8.260010 2.312163
226.964251 -6.628460 2.316267
225.411478 -4.924155 2.321904
223.901199 -3.283211 2.328389
222.309352 -1.588313 2.335488
220.755029 0.044955 2.343089
219.114323 1.757468 2.351492
217.525669 3.385569 2.361440
215.835867 5.064687 2.372406
214.188216 6.660979 2.383730
212.470714 8.282332 2.396563
210.807123 9.818520 2.409124
209.066503 11.380944 2.421869
207.386602 12.851304 2.434281
205.622537 14.357653 2.448885
203.919484 15.766029 2.464404
202.122577 17.199782 2.480457
200.386790 18.545331 2.496254
198.549528 19.912114 2.517835
196.761462 21.171779 2.540021
194.870744 22.436320 2.563195
193.024233 23.611607 2.584677
191.080108 24.800010 2.603426
189.201355 25.912468 2.619488
187.222603 27.045837 2.633431
185.301372 28.117851 2.646587
183.304968 29.212113 2.659643
181.343043 30.226072 2.673081
179.288696 31.259985 2.686372
177.310783 32.221235 2.699710
175.219326 33.206122 2.713883
173.209986 34.120621 2.728071
171.117297 35.038454 2.743138
169.101201 35.886899 2.757156
167.019819 36.728546 2.771747
165.020679 37.508857 2.785376
162.927575 38.287523 2.801539
160.915417 38.989924 2.819214
158.808324 39.676465 2.838922
156.788727 40.297511 2.857575
154.680161 40.902221 2.874594
152.651687 41.451913 2.889303
150.538797 41.993973 2.903561
148.501485 42.489525 2.917499
146.377259 42.967311 2.931373
144.335888 43.403986 2.943373
142.187551 43.830450 2.955853
140.123457 44.225370 2.968537
137.946383 44.599636 2.984306
135.857821 44.917563 3.001674
133.646731 45.216171 3.019981
131.512502 45.473992 3.036812
129.275300 45.701058 3.055415
127.114108 45.873740 3.074062
124.839634 46.009290 3.093760
122.633288 46.096832 3.112996
120.434683 46.142000 3.131543
118.107076 46.147312 -3.132704
115.771073 46.111548 -3.113754
113.523085 46.038195 -3.095843
111.157606 45.915811 -3.076826
108.879031 45.762994 -3.060093
106.489236 45.587554 -3.046061
104.190777 45.375029 -3.033569
101.779470 45.108092 -3.019535
99.460840 44.816969 -3.006716
97.040717 44.488736 -2.992354
94.730314 44.134580 -2.977143
92.430258 43.741172 -2.961792
90.058169 43.293932 -2.945262
87.793245 42.823793 -2.929244
85.443841 42.303648 -2.912494
83.117028 41.739991 -2.895891
80.880436 41.169437 -2.879253
78.658156 40.561495 -2.862311
76.370998 39.892403 -2.843521
74.177745 39.201079 -2.823572
71.916336 38.427139 -2.800116
69.674961 37.603027 -2.777141
67.553260 36.783659 -2.755925
65.351923 35.874249 -2.735480
63.269025 34.967423 -2.716632
61.119646 33.982284 -2.696873
59.098612 33.006240 -2.679312
57.030458 31.964579 -2.663710
55.063706 30.947018 -2.650750
53.045134 29.876572 -2.639416
51.134744 28.842303 -2.630194
49.169551 27.754228 -2.621391
47.306561 26.701613 -2.615711
45.380423 25.616040 -2.614520
43.544304 24.594039 -2.615850
41.630990 23.541089 -2.618395
39.808775 22.544905 -2.623494
37.921818 21.543446 -2.634558
36.113628 20.604114 -2.648918
34.203137 19.669467 -2.664381
32.381248 18.812288 -2.680638
30.479945 17.969896 -2.702248
28.635236 17.207730 -2.725796
26.780661 16.508086 -2.749120
24.862636 15.829868 -2.773813
23.007201 15.213628 -2.796678
21.085436 14.607865 -2.820404
19.245209 14.079183 -2.844048
17.322832 13.591254 -2.870469
15.482551 13.179628 -2.896297
13.569971 12.814231 -2.923825
11.739808 12.508315 -2.950413
9.834209 12.241696 -2.979300
8.026857 12.038391 -3.007175
6.144137 11.881150 -3.035668
4.351780 11.781006 -3.062932
2.515199 11.729800 -3.088810
0.798903 11.718935 -3.112018
-0.924089 11.740113 -3.130882
-2.520051 11.777555 3.140471
-4.126486 11.820273 3.129361
-5.615508 11.894446 3.113943
-7.111623 12.005970 3.093815
-8.505873 12.138728 3.074638
-9.925117 12.295863 3.054885
-11.233381 12.468797 3.037597
-12.489633 12.653702 3.024077
-13.732608 12.836382 3.017486
-14.911696 13.011853 3.012486
-15.988154 13.182543 3.010960
-17.008603 13.332559 3.010659
-18.006619 13.482995 3.012913
-18.897520 13.613690 3.015412
-19.781149 13.732359 3.016463
-20.623620 13.862202 3.014773
-21.497716 13.994413 3.013147
-22.323251 14.118832 3.011532
-23.174678 14.250728 3.010569
-23.991772 14.373427 3.011534
-24.830877 14.496864 3.012328
-25.630070 14.613409 3.013115
-26.456229 14.729998 3.012588
-27.248462 14.856662 3.008758
-28.063371 14.996041 3.002749
-28.875478 15.134645 2.996679
-29.650122 15.271433 2.993340
-30.448559 15.403240 2.994348
-31.217098 15.527139 2.996054
-32.011876 15.658180 2.997825
-32.762659 15.773056 2.999122
-33.526755 15.895426 3.000591
-34.239821 16.009617 3.001741
-34.964554 16.121484 3.002536
-35.645582 16.233220 3.000715
-36.334426 16.350350 2.998399
-36.962062 16.453808 2.996462
-37.531763 16.552167 2.995670
-38.042854 16.633081 2.997437
-38.461887 16.698313 2.998454
-38.816382 16.754936 2.999111
-39.082771 16.796772 2.999729
-39.292601 16.829616 3.000137
-39.429184 16.849690 3.000390
-39.514158 16.863113 3.000520
-39.545170 16.867842 3.000611
-39.541564 16.867424 3.000659
-39.541564 16.867424 3.000659
-39.541564 16.867424 3.000659
-39.541564 16.867424 3.000659
-39.541564 16.867424 3.000659
-39.541564 16.867424 3.000659
