0.000000 0.000000 -0.000000
0.000000 0.000000 -0.000000
0.000000 0.000000 -0.000000
0.000000 0.000000 -0.000000
0.000000 0.000000 -0.000000
0.000000 0.000000 -0.000000
0.000000 0.000000 -0.000000
0.000000 0.000000 -0.000000
0.000000 0.000000 -0.000000
0.000000 0.000000 -0.000000
0.000000 0.000000 -0.000000
0.000000 0.000000 -0.000000
0.000000 0.000000 -0.000000
0.000000 0.000000 -0.000000
0.000000 0.000000 -0.000000
0.000000 0.000000 -0.000000
0.000000 0.000000 -0.000000
0.000000 0.000000 -0.000000
0.000000 0.000000 -0.000000
0.000000 0.000000 -0.000000
0.000000 0.000000 -0.000000
0.000000 0.000000 -0.000000
0.000000 0.000000 -0.000000
0.000000 0.000000 -0.000000
0.000000 0.000000 -0.000000
0.000000 0.000000 -0.000000
0.000000 0.000000 -0.000000
0.000000 0.000000 -0.000000
0.000000 0.000000 -0.000000
0.000000 0.000000 -0.000000
0.000000 0.000000 -0.000000
0.000000 0.000000 -0.000000
0.000000 0.000000 -0.000000
0.000000 0.000000 -0.000000
0.275312 -0.006158 0.000954
0.993849 -0.016814 0.002726
1.817680 -0.025867 0.005366
2.675486 -0.028345 0.009423
3.634293 -0.026781 0.013636
4.661772 -0.020033 0.017944
5.715078 -0.004354 0.022160
6.882634 0.016762 0.026631
8.073649 0.044955 0.030853
9.389700 0.073355 0.034806
10.779998 0.112540 0.038164
12.184793 0.152464 0.040390
13.718792 0.199820 0.042607
15.256579 0.247596 0.044746
16.931121 0.305734 0.046037
18.674656 0.354994 0.043607
20.412641 0.400791 0.040963
22.292450 0.444499 0.036440
24.157079 0.474302 0.031842
26.162253 0.495537 0.026895
28.132246 0.510449 0.024258
30.226215 0.524239 0.024480
32.381885 0.541738 0.025042
34.509811 0.560746 0.025855
36.797500 0.592522 0.028358
39.072229 0.633217 0.032753
41.490088 0.691227 0.039742
43.966217 0.767543 0.047073
46.373991 0.865789 0.055545
48.943167 1.002474 0.066391
51.463155 1.163044 0.078355
54.125860 1.367187 0.091843
56.717738 1.603549 0.105479
59.467852 1.897754 0.118910
62.269614 2.222687 0.128514
65.001640 2.544123 0.134134
67.884998 2.893839 0.137711
70.704718 3.245638 0.138762
73.686693 3.607012 0.134185
76.591405 3.939439 0.129289
79.658314 4.265298 0.122975
82.643211 4.557586 0.116875
85.810402 4.859768 0.110508
88.888039 5.137698 0.104812
92.142842 5.410591 0.101146
95.395688 5.684618 0.098249
98.502865 5.939183 0.097195
101.751960 6.198603 0.096570
104.839228 6.450686 0.096236
108.027928 6.710667 0.094373
111.085699 6.946254 0.091342
114.290818 7.175431 0.088263
117.496736 7.398131 0.085660
120.545623 7.611924 0.086093
123.724216 7.838882 0.087614
126.790715 8.062297 0.088983
129.971638 8.301690 0.090069
133.004274 8.528496 0.090113
136.161162 8.758227 0.087933
139.222695 8.970104 0.085675
142.379590 9.183562 0.083830
145.537436 9.397341 0.084549
148.565596 9.610125 0.085582
151.737840 9.830732 0.084534
154.760048 10.032699 0.082428
157.909451 10.238086 0.080291
160.924660 10.426757 0.079740
164.082624 10.633769 0.081592
167.238511 10.849098 0.083185
170.262128 11.056680 0.084631
173.397134 11.275084 0.085251
176.453161 11.488354 0.085876
179.616270 11.710072 0.086368
182.637163 11.927568 0.086953
185.810790 12.166541 0.086659
188.870516 12.393374 0.085484
192.046501 12.606082 0.084034
195.234988 12.822884 0.083166
198.288137 13.028932 0.082410
201.511561 13.253514 0.084233
204.586453 13.489643 0.086402
207.782960 13.732572 0.087819
210.852348 13.953960 0.088408
214.084603 14.188013 0.087901
217.155777 14.403820 0.086775
220.316412 14.632875 0.085432
223.325448 14.833772 0.082164
226.498352 15.047699 0.078279
229.608350 15.230334 0.074327
232.574745 15.381760 0.072887
235.660872 15.552895 0.071640
238.652519 15.710610 0.072701
241.756743 15.892335 0.075172
244.718997 16.086253 0.076728
247.799725 16.278629 0.076430
250.788347 16.458506 0.079658
253.887142 16.658289 0.085060
256.848529 16.852077 0.089876
259.927665 17.082783 0.093742
262.883454 17.325337 0.094732
265.944871 17.572870 0.093797
268.973030 17.792588 0.090380
271.871337 17.991540 0.087287
274.889624 18.196429 0.083838
277.742564 18.388419 0.082080
280.724567 18.581006 0.081510
283.568003 18.770872 0.081386
286.517926 18.968832 0.080813
289.362505 19.147285 0.079633
292.322488 19.331732 0.078621
295.178973 19.508644 0.077755
298.170981 19.695489 0.077654
301.057775 19.875336 0.077669
304.046307 20.055937 0.077281
307.092074 20.239007 0.077113
310.046713 20.428721 0.078592
313.123305 20.629317 0.079752
316.112919 20.824445 0.080535
319.257835 21.032631 0.081390
322.319764 21.236027 0.081584
325.522828 21.449807 0.081925
328.615402 21.652083 0.081765
331.869201 21.864795 0.081181
335.191668 22.080884 0.080884
338.381636 22.287386 0.081350
341.716914 22.508619 0.081930
344.957996 22.722525 0.082451
348.402422 22.953245 0.082332
351.694470 23.170841 0.082712
355.138182 23.395999 0.082953
358.486638 23.613763 0.082940
362.040007 23.847386 0.082961
365.439158 24.074978 0.082293
368.984628 24.302594 0.081173
372.439605 24.527712 0.080134
376.093418 24.769723 0.079114
379.727631 25.000596 0.078378
383.224572 25.215979 0.078030
386.920951 25.430445 0.077988
390.502716 25.647261 0.078485
394.220686 25.880034 0.078689
397.741510 26.101441 0.078881
401.398259 26.338463 0.078854
404.964147 26.557371 0.078822
408.624368 26.791613 0.080454
412.130822 27.030462 0.082644
415.814935 27.289859 0.084919
419.402266 27.548559 0.086583
423.101361 27.812728 0.086160
426.632944 28.052666 0.084839
430.358009 28.306657 0.083356
433.978203 28.544146 0.082232
437.701154 28.790480 0.081561
441.412300 29.035123 0.080927
445.017646 29.275811 0.080193
448.839945 29.511697 0.079203
452.438635 29.739158 0.078446
456.200083 29.976429 0.077532
459.841580 30.200607 0.077363
463.694971 30.442119 0.077987
467.343618 30.671276 0.078684
471.124341 30.908790 0.079145
474.800594 31.154724 0.080345
478.685411 31.418195 0.081812
482.360438 31.661328 0.083548
486.163267 31.920734 0.084917
489.829127 32.179867 0.086111
493.653872 32.455929 0.086268
497.400511 32.730781 0.084876
500.956087 32.967627 0.083084
504.696286 33.198112 0.082262
508.297522 33.445580 0.082024
512.005635 33.700936 0.081489
515.504967 33.935180 0.081306
519.202345 34.174095 0.080849
522.775729 34.399010 0.080335
526.450377 34.626245 0.080661
529.969877 34.848230 0.081536
533.670421 35.089402 0.082467
537.254071 35.334801 0.083080
540.933431 35.583114 0.083456
544.443124 35.815088 0.083698
548.138309 36.074316 0.084067
551.711018 36.320222 0.083417
555.406250 36.562171 0.082793
559.073451 36.806519 0.081856
562.653714 37.043585 0.080929
566.407006 37.292821 0.080797
569.976964 37.526384 0.081377
573.660902 37.757467 0.082566
577.228575 38.000014 0.082775
581.024777 38.270108 0.084281
584.621012 38.526889 0.086030
588.335000 38.797953 0.085516
591.963484 39.053203 0.082337
595.782404 39.302417 0.079599
599.385404 39.536314 0.077125
603.164991 39.748777 0.077154
606.964220 39.998631 0.078830
610.675819 40.238300 0.080156
614.468980 40.498429 0.082291
618.114449 40.742430 0.083287
621.958026 40.996755 0.083980
625.687169 41.240334 0.082512
629.520722 41.483746 0.081645
633.183490 41.719255 0.080306
637.082984 41.967519 0.079137
640.807526 42.197209 0.077789
644.681160 42.434072 0.076961
648.330141 42.658519 0.078213
652.172399 42.895632 0.079171
656.017452 43.145189 0.080295
659.653742 43.377551 0.082105
663.396680 43.632640 0.083858
667.049789 43.901874 0.084826
670.873838 44.181547 0.084742
674.501129 44.428874 0.083761
678.255218 44.675603 0.082531
681.916526 44.918099 0.081689
685.766144 45.177934 0.081346
689.390308 45.419508 0.081460
693.163535 45.659636 0.081401
696.799513 45.894879 0.079252
700.620948 46.147803 0.077590
704.402417 46.384356 0.077760
707.995258 46.610154 0.078209
711.784567 46.852611 0.077977
715.466212 47.088895 0.077583
719.223431 47.326441 0.078015
722.834482 47.545073 0.079078
726.618889 47.781634 0.080206
730.295476 48.024317 0.080091
734.065420 48.265483 0.078748
737.677403 48.485891 0.077520
741.476963 48.722575 0.076813
745.157639 48.950770 0.077755
748.941072 49.184457 0.078515
752.539870 49.411186 0.078553
756.353826 49.655522 0.078442
760.031390 49.885376 0.077967
763.820157 50.121752 0.077894
767.426862 50.348200 0.077896
771.240337 50.583358 0.077430
775.092477 50.817910 0.076786
778.729804 51.029825 0.076285
782.490919 51.251095 0.076221
786.161291 51.474741 0.077516
790.008470 51.722996 0.078831
793.638662 51.963292 0.079172
797.416626 52.199709 0.077247
801.090736 52.424988 0.075308
804.950928 52.651072 0.073668
808.586798 52.859714 0.073509
812.374476 53.077055 0.073554
816.047919 53.286115 0.073306
819.924344 53.504555 0.072690
823.728203 53.714108 0.072733
827.365033 53.923221 0.073737
831.202761 54.141474 0.073910
834.937545 54.359340 0.074256
838.736740 54.596317 0.075028
842.387967 54.815669 0.075499
846.231720 55.050162 0.076327
849.958190 55.280367 0.076774
853.775154 55.517875 0.077394
857.410132 55.748282 0.077913
861.278744 55.988906 0.078234
864.993892 56.223294 0.078234
868.790381 56.470308 0.078902
872.395012 56.701936 0.079488
876.178580 56.946432 0.080336
879.995271 57.196115 0.080648
883.580469 57.426859 0.078560
887.311159 57.655339 0.076451
890.928881 57.865238 0.076086
894.720344 58.094719 0.076886
898.320746 58.317359 0.077093
902.037223 58.550945 0.077538
905.666709 58.780350 0.078185
909.488712 59.016459 0.077932
913.065829 59.230661 0.076010
916.804906 59.446744 0.074329
920.427566 59.652542 0.073823
924.236674 59.868274 0.075992
927.825386 60.090596 0.077785
931.545573 60.326767 0.078881
935.165950 60.550309 0.081969
938.966393 60.805870 0.086379
942.542764 61.064593 0.085913
946.265460 61.319584 0.084259
950.025566 61.565319 0.084024
953.665356 61.810431 0.085096
957.391790 62.065869 0.084479
960.946304 62.300744 0.083438
964.708013 62.538659 0.083086
968.330636 62.771349 0.080149
972.042786 62.985339 0.073861
975.602422 63.169745 0.067489
979.344452 63.333863 0.062146
982.956949 63.474954 0.057908
986.675247 63.603381 0.050616
990.217460 63.701459 0.042255
993.968984 63.769940 0.035140
997.732614 63.815512 0.028806
1001.284654 63.831111 0.021313
1004.992751 63.827545 0.017919
1008.572652 63.840623 0.020158
1012.346829 63.880246 0.022301
1015.894682 63.912903 0.021935
1019.596215 63.933627 0.018852
1023.172852 63.941831 0.014282
1026.936600 63.925648 0.009920
1030.488410 63.887017 0.006972
1034.161347 63.855358 0.007016
1037.736453 63.832611 0.006828
1041.491213 63.800764 0.006334
1045.019628 63.758423 0.006846
1048.691874 63.719404 0.008036
1052.260842 63.698565 0.008097
1055.993134 63.679934 0.007385
1059.523685 63.664256 0.008496
1063.177302 63.653839 0.009712
1066.734033 63.642513 0.006884
1070.456237 63.598388 -0.000493
1073.972744 63.525093 -0.004772
1077.617416 63.431974 -0.008686
1081.307984 63.338313 -0.014791
1084.871684 63.219008 -0.020316
1088.367045 63.096625 -0.019655
1092.009499 62.965993 -0.018576
1095.525854 62.854854 -0.018520
1099.238493 62.731673 -0.019115
1102.720971 62.619138 -0.017443
1106.356805 62.502364 -0.015790
1110.017822 62.391833 -0.014744
1113.557513 62.282744 -0.015012
1117.038421 62.171953 -0.015082
1120.653883 62.057564 -0.015131
1124.313112 61.942598 -0.015155
1127.841553 61.831016 -0.014161
1131.463691 61.727877 -0.013036
1134.921054 61.633878 -0.011990
1138.565497 61.537877 -0.010892
1142.092786 61.454023 -0.010703
1145.705684 61.349090 -0.013503
1149.158043 61.229415 -0.015811
1152.776538 61.101021 -0.017227
1156.310070 60.981192 -0.017288
1159.904279 60.868913 -0.017725
1163.341373 60.754131 -0.018418
1166.966749 60.616090 -0.019159
1170.481636 60.496430 -0.019316
1174.063279 60.378774 -0.020249
1177.500637 60.250421 -0.020997
1181.117585 60.119051 -0.021921
1184.608268 59.989991 -0.022581
1188.193792 59.851182 -0.023244
1191.618737 59.725154 -0.023440
1195.240479 59.576652 -0.022672
1198.863742 59.445943 -0.020981
1202.293884 59.336361 -0.019793
1205.822787 59.208873 -0.019235
1209.191410 59.094294 -0.018731
1212.639362 58.984772 -0.018726
1215.780406 58.874977 -0.018422
1218.932527 58.763151 -0.017895
1221.864820 58.666809 -0.017477
1224.841168 58.572772 -0.016938
1227.565455 58.483659 -0.016548
1230.277825 58.396416 -0.015997
1232.767596 58.317097 -0.015573
1235.238039 58.241645 -0.015121
1237.495210 58.175690 -0.014897
1239.733924 58.108910 -0.014741
1241.768192 58.045690 -0.014692
1243.761397 57.984964 -0.014635
1245.557481 57.929822 -0.014615
1247.320016 57.877347 -0.014547
1248.904540 57.830863 -0.014519
1250.447668 57.782058 -0.014466
1251.835156 57.739895 -0.014543
1253.215233 57.698239 -0.014598
1254.468427 57.660906 -0.014591
1255.703134 57.621134 -0.014657
1256.820855 57.591515 -0.014780
1257.924338 57.553865 -0.014978
1258.966463 57.522687 -0.015350
1260.041326 57.488138 -0.015584
1261.036689 57.454612 -0.015818
1262.032341 57.424740 -0.015952
1262.931984 57.397710 -0.015932
1263.814578 57.368047 -0.015861
1264.590953 57.345905 -0.016073
1265.345676 57.323513 -0.016009
1266.007990 57.301811 -0.016067
1266.610695 57.284835 -0.016060
1267.101367 57.270295 -0.015974
1267.522929 57.256651 -0.016053
1267.842570 57.247682 -0.016186
1268.094741 57.240045 -0.016143
1268.265193 57.236279 -0.016085
1268.370428 57.231803 -0.016141
1268.414693 57.231217 -0.016136
1268.414567 57.231170 -0.016045
1268.410622 57.230905 -0.016062
1268.410622 57.230905 -0.016062
1268.410622 57.230905 -0.016062
1268.410622 57.230905 -0.016062
1268.411597 57.231457 -0.016001
1268.411597 57.231457 -0.016001
1268.411597 57.231457 -0.016001
1268.411597 57.231457 -0.016001
1268.411597 57.231457 -0.016001
1268.411597 57.231457 -0.016001
1268.411597 57.231457 -0.016001
1268.411597 57.231457 -0.016001
1268.411597 57.231457 -0.016001
1268.411597 57.231457 -0.016001
1268.411597 57.231457 -0.016001
1268.411597 57.231457 -0.016001
1268.411597 57.231457 -0.016001
1268.411597 57.231457 -0.016001
1268.411597 57.231457 -0.016001
1268.411597 57.231457 -0.016001
1268.411597 57.231457 -0.016001
1268.412547 57.231934 -0.016021
1268.412547 57.231934 -0.016021
1268.412547 57.231934 -0.016021
1268.412547 57.231934 -0.016021
1268.412547 57.231934 -0.016021
1268.412547 57.231934 -0.016021
1268.412547 57.231934 -0.016021
1268.412547 57.231934 -0.016021
1268.412547 57.231934 -0.016021
1268.412547 57.231934 -0.016021
1268.412547 57.231934 -0.016021
1268.412547 57.231934 -0.016021
1268.412547 57.231934 -0.016021
1268.412547 57.231934 -0.016021
1268.412547 57.231934 -0.016021
1268.412547 57.231934 -0.016021
1268.412547 57.231934 -0.016021
1268.412547 57.231934 -0.016021
1268.412468 57.231575 -0.016000
1268.412468 57.231575 -0.016000
1268.412468 57.231575 -0.016000
1268.412468 57.231575 -0.016000
1268.412468 57.231575 -0.016000
1268.415371 57.231185 -0.015970
1268.443382 57.230653 -0.016000
1268.511581 57.229433 -0.016020
1268.628194 57.227208 -0.015900
1268.808442 57.221130 -0.015851
1269.058817 57.212386 -0.015917
1269.368599 57.202592 -0.015883
1269.759540 57.189997 -0.015866
1270.207874 57.177801 -0.015815
1270.747987 57.161055 -0.015744
1271.345822 57.141102 -0.015774
1272.046931 57.119881 -0.015916
1272.834352 57.094169 -0.017596
1273.672996 57.060172 -0.019492
1274.624773 57.022865 -0.021585
1275.613854 56.980605 -0.023804
1276.708876 56.932556 -0.026255
1277.883721 56.876406 -0.028378
1279.077591 56.816630 -0.029409
1280.391517 56.759627 -0.027858
1281.717700 56.709241 -0.025753
1283.167359 56.649741 -0.024017
1284.619565 56.596062 -0.022641
1286.195405 56.538508 -0.020971
1287.848993 56.480251 -0.019388
1289.494657 56.426820 -0.018019
1291.266754 56.373708 -0.016157
1293.024228 56.324263 -0.014533
1294.915329 56.276914 -0.012730
1296.864485 56.228981 -0.011078
1298.795432 56.184872 -0.009343
1300.860761 56.137877 -0.007565
1302.866154 56.095129 -0.005782
1305.011951 56.048331 -0.005035
1307.123395 55.997354 -0.007145
1309.378591 55.936480 -0.009191
1311.721547 55.870152 -0.011197
1314.019023 55.802008 -0.012993
1316.471328 55.721898 -0.014815
1318.856487 55.641234 -0.016403
1321.397368 55.555971 -0.017326
1323.890579 55.471838 -0.017430
1326.537127 55.382176 -0.017545
1329.212201 55.292734 -0.017700
1331.849680 55.207305 -0.017712
1334.641033 55.116064 -0.017995
1337.364625 55.022206 -0.018526
1340.242793 54.919895 -0.018854
1343.048728 54.819573 -0.019456
1346.012262 54.717346 -0.019882
1348.917851 54.613715 -0.019654
1351.973195 54.509984 -0.018912
1355.062925 54.410334 -0.018609
1358.059943 54.310226 -0.018094
1361.239288 54.200838 -0.017668
1364.328624 54.108799 -0.017013
1367.556857 54.018143 -0.016034
1370.636920 53.930665 -0.015455
1373.831834 53.827590 -0.014892
1377.028662 53.724387 -0.014391
1380.030999 53.631925 -0.014165
1383.160357 53.543319 -0.013818
1386.185693 53.459708 -0.013429
1389.356974 53.366608 -0.012950
1392.372126 53.284376 -0.012413
1395.531359 53.198321 -0.011885
1398.585513 53.115109 -0.011205
1401.799377 53.029863 -0.010962
1404.874772 52.947440 -0.011737
1408.102986 52.860058 -0.012321
1411.365418 52.768799 -0.013600
1414.516950 52.676725 -0.016802
1417.791233 52.560844 -0.020561
1420.911131 52.423099 -0.026186
1424.194956 52.261517 -0.033556
1427.374074 52.068746 -0.045401
1430.624490 51.819162 -0.058594
1433.853285 51.532965 -0.070713
1437.009214 51.227159 -0.082094
1440.282404 50.895470 -0.092589
1443.411507 50.536538 -0.094809
1446.589615 50.204266 -0.087395
1449.685281 49.914426 -0.079654
1452.917458 49.629064 -0.071206
1455.970477 49.382302 -0.064780
1459.140987 49.141511 -0.059795
1462.185443 48.918978 -0.056255
1465.362872 48.701701 -0.052652
1468.490941 48.500585 -0.049203
1471.466497 48.320017 -0.045671
1474.563785 48.140799 -0.042052
1477.649014 47.968283 -0.038537
1480.561871 47.817234 -0.035508
1483.460464 47.675131 -0.036137
1486.458927 47.516351 -0.039715
1489.328454 47.345335 -0.043871
1492.301297 47.144462 -0.050228
1495.091212 46.927444 -0.057166
1497.959399 46.705465 -0.063255
1500.675125 46.487199 -0.068405
1503.383942 46.249521 -0.073604
1506.008996 46.003685 -0.078453
1508.447744 45.760004 -0.082988
1510.828284 45.511079 -0.087168
1513.082074 45.262687 -0.091673
1515.360551 45.002414 -0.095827
1517.466765 44.755305 -0.099508
1519.584572 44.506076 -0.100517
1521.557011 44.279661 -0.100536
1523.529589 44.048259 -0.100710
1525.331970 43.834062 -0.100915
1527.107153 43.626956 -0.101688
1528.754463 43.435167 -0.103671
1530.385947 43.237642 -0.106175
1531.851257 43.062817 -0.108299
1533.258352 42.880405 -0.110161
1534.481940 42.721111 -0.112053
1535.640793 42.562622 -0.115083
1536.676751 42.411148 -0.118650
1537.669093 42.268068 -0.122483
1538.509157 42.138077 -0.126511
1539.271770 42.017594 -0.131403
1539.906890 41.909075 -0.138191
1540.463492 41.803082 -0.147756
1540.904647 41.707243 -0.158141
1541.279953 41.613875 -0.170317
1541.562422 41.543073 -0.181263
1541.775751 41.481734 -0.190064
1541.903931 41.444359 -0.195330
1541.980015 41.423183 -0.198692
1542.051565 41.399947 -0.201901
1542.141311 41.373082 -0.205371
1542.243677 41.342460 -0.209720
1542.359150 41.305490 -0.215892
1542.513773 41.249399 -0.225435
1542.698442 41.183961 -0.236473
1542.926947 41.102382 -0.250060
1543.202906 40.998551 -0.266226
1543.516938 40.873084 -0.284359
1543.892067 40.713727 -0.306554
1544.290424 40.535174 -0.330634
1544.753446 40.314345 -0.358732
1545.261488 40.058418 -0.389423
1545.782838 39.773037 -0.421853
1546.363348 39.430027 -0.457961
1546.948834 39.064165 -0.492388
1547.577272 38.642099 -0.529613
1548.202213 38.192177 -0.567438
1548.857249 37.673996 -0.608562
1549.516281 37.101101 -0.653501
1550.159496 36.491307 -0.703049
1550.783741 35.801183 -0.757429
1551.375037 35.089882 -0.811467
1551.915867 34.352003 -0.869804
1552.388419 33.599407 -0.926422
1552.836282 32.824808 -0.985537
1553.174740 32.080013 -1.040650
1553.484465 31.306802 -1.097929
1553.737247 30.568278 -1.156672
1553.958305 29.727625 -1.220849
1554.135678 28.846309 -1.288215
1554.230426 27.979193 -1.356069
1554.272514 27.022259 -1.434457
1554.234384 26.074298 -1.513993
1554.101808 25.052911 -1.600010
1553.878873 24.034459 -1.686915
1553.543368 22.952211 -1.781550
1553.107938 21.901341 -1.869177
1552.556580 20.788102 -1.949588
1551.927351 19.645939 -2.014795
1551.248624 18.521635 -2.062244
1550.477108 17.309916 -2.101964
1549.663830 16.117256 -2.137242
1548.743571 14.842328 -2.164473
1547.810557 13.568784 -2.180309
1546.789611 12.195101 -2.191371
1545.722769 10.757992 -2.189615
1544.685234 9.312450 -2.185637
1543.558649 7.762457 -2.183627
1542.448444 6.227215 -2.181990
1541.266565 4.587990 -2.180153
1540.100300 2.965839 -2.179004
1538.851645 1.230401 -2.179493
1537.560661 -0.559768 -2.180076
1536.278078 -2.334524 -2.181175
1534.905876 -4.225906 -2.182371
1533.554236 -6.088306 -2.183258
1532.119667 -8.061958 -2.183844
1530.650829 -10.085299 -2.183803
1529.209285 -12.074827 -2.182945
1527.680752 -14.186148 -2.182560
1526.185502 -16.249695 -2.182630
1524.576233 -18.452021 -2.184419
1522.999250 -20.598713 -2.186702
1521.331268 -22.874364 -2.188383
1519.702182 -25.085211 -2.190194
1517.981556 -27.407761 -2.192146
1516.348768 -29.605240 -2.193834
1514.653037 -31.877248 -2.194956
1513.022258 -34.067966 -2.194117
1511.312108 -36.379399 -2.193001
1509.598868 -38.695308 -2.191895
1507.949888 -40.929694 -2.191167
1506.211130 -43.287564 -2.190340
1504.540906 -45.555906 -2.189595
1502.786568 -47.947846 -2.188774
1501.089556 -50.264176 -2.187921
1499.316089 -52.689938 -2.187190
1497.605696 -55.026049 -2.186646
1495.809060 -57.484700 -2.185807
1494.077335 -59.859177 -2.185179
1492.262803 -62.349439 -2.184716
1490.511385 -64.755903 -2.184454
1488.669851 -67.270494 -2.184612
1486.894175 -69.724536 -2.183963
1485.044680 -72.280655 -2.184564
1483.246680 -74.738389 -2.184791
1481.355571 -77.326533 -2.184992
1479.524733 -79.832038 -2.185358
1477.622625 -82.437647 -2.186026
1475.795665 -84.922065 -2.187664
1473.894672 -87.509537 -2.189117
1472.045425 -90.026165 -2.190864
1470.108486 -92.639047 -2.192314
1468.256585 -95.134464 -2.193427
1466.318024 -97.749719 -2.194298
1464.441964 -100.273220 -2.194551
1462.471736 -102.913205 -2.194096
1460.603997 -105.433667 -2.193312
1458.658229 -108.066684 -2.192708
1456.692657 -110.733666 -2.191964
1454.807559 -113.299142 -2.191237
1452.833121 -115.955470 -2.190909
1450.956722 -118.503381 -2.190294
1448.975442 -121.205018 -2.190012
1447.062069 -123.792489 -2.189649
1445.076668 -126.488761 -2.189060
1443.173690 -129.081190 -2.188479
1441.163463 -131.816009 -2.187984
1439.229564 -134.455782 -2.187246
1437.236287 -137.184161 -2.186795
1435.317546 -139.806567 -2.186588
1433.277590 -142.591773 -2.186035
1431.350407 -145.233763 -2.185521
1429.380429 -147.938373 -2.185269
1427.490856 -150.535572 -2.184584
1425.519955 -153.243642 -2.184192
1423.644287 -155.830766 -2.183760
1421.712344 -158.498123 -2.183208
1419.865871 -161.045619 -2.182828
1417.903266 -163.746052 -2.182293
1416.048439 -166.300610 -2.182491
1414.122637 -168.961348 -2.182575
1412.276301 -171.510743 -2.182590
1410.340016 -174.176394 -2.182948
1408.395589 -176.854321 -2.183144
1406.549763 -179.393231 -2.183144
1404.629134 -182.035826 -2.183490
1402.764054 -184.601267 -2.183660
1400.827954 -187.262627 -2.183779
1398.983246 -189.795917 -2.183927
1397.067510 -192.426527 -2.184113
1395.216110 -194.968557 -2.184455
1393.297905 -197.603839 -2.184765
1391.473268 -200.115872 -2.184876
1389.576975 -202.714981 -2.185156
1387.749966 -205.216261 -2.185556
1385.850614 -207.815865 -2.186047
1384.050505 -210.290986 -2.185962
1382.175889 -212.860609 -2.185973
1380.394044 -215.299240 -2.186247
1378.534253 -217.839499 -2.186699
1376.769698 -220.242902 -2.187887
1374.935967 -222.738899 -2.189694
1373.178919 -225.125911 -2.191588
1371.355664 -227.591676 -2.193534
1369.618053 -229.927520 -2.194998
1367.835560 -232.313769 -2.196005
1366.164282 -234.548478 -2.196188
1364.474092 -236.819903 -2.195635
1362.894908 -238.941871 -2.195032
1361.293644 -241.088889 -2.194420
1359.810852 -243.090789 -2.193810
1358.310167 -245.116692 -2.193350
1356.884230 -247.034224 -2.192589
1355.441881 -248.980259 -2.191652
1354.098897 -250.795298 -2.190826
1352.749251 -252.620914 -2.189500
1351.515913 -254.294252 -2.187143
1350.306601 -255.937613 -2.185612
1349.217656 -257.405861 -2.191463
1348.144992 -258.791229 -2.210552
1347.132730 -259.976701 -2.240845
1346.119275 -261.053150 -2.289614
1345.093958 -261.963691 -2.358907
1343.928664 -262.817822 -2.447034
1342.667573 -263.530473 -2.544501
1341.455133 -264.116722 -2.648252
1340.112631 -264.515183 -2.754036
1338.792380 -264.816725 -2.859817
1337.375575 -264.972385 -2.967444
1335.982390 -264.924057 -3.071377
1334.508369 -264.788559 3.107611
1333.086602 -264.493722 3.014342
1331.585492 -264.066625 2.926336
1330.112848 -263.574417 2.862279
1328.551540 -262.974140 2.817130
1327.013750 -262.388934 2.788119
1325.441627 -261.730446 2.768145
1323.744941 -261.006438 2.754155
1322.107312 -260.283676 2.744861
1320.293561 -259.475019 2.739490
1318.553996 -258.685825 2.737786
1316.667558 -257.839110 2.739042
1314.778611 -257.008069 2.742445
1312.760037 -256.126016 2.746611
1310.751725 -255.251917 2.752195
1308.576534 -254.328921 2.758969
1306.424800 -253.441608 2.768078
1304.145285 -252.530094 2.777476
1301.872729 -251.656220 2.787820
1299.429286 -250.742458 2.798603
1297.040725 -249.865221 2.808186
1294.489381 -248.979572 2.818514
1291.951073 -248.121353 2.829261
1289.380622 -247.271576 2.838385
1286.646131 -246.411426 2.847551
1283.946921 -245.574878 2.855522
1281.093411 -244.707765 2.863849
1278.351774 -243.891976 2.869964
1275.496775 -243.070047 2.874760
1272.742628 -242.288404 2.877689
1269.894428 -241.468039 2.877683
1267.138069 -240.668589 2.877119
1264.207790 -239.830975 2.877786
1261.375405 -239.023100 2.878708
1258.421598 -238.164431 2.877670
1255.560870 -237.338665 2.876831
1252.522962 -236.473505 2.876434
1249.622902 -235.635480 2.875415
1246.566001 -234.730343 2.874755
1243.587411 -233.872169 2.875149
1240.571496 -233.010020 2.876658
1237.416246 -232.104194 2.877359
1234.362662 -231.224229 2.876936
1231.162500 -230.288200 2.876178
1228.072124 -229.382797 2.876036
1224.786412 -228.432574 2.876604
1221.626489 -227.531149 2.877204
1218.334271 -226.585076 2.876688
1215.135056 -225.650856 2.876880
1211.765525 -224.680014 2.877641
1208.530898 -223.760642 2.878148
1205.137945 -222.792171 2.878594
1201.844802 -221.852804 2.879248
1198.404241 -220.869434 2.879133
1195.094047 -219.915013 2.878775
1191.639478 -218.918487 2.878335
1188.278938 -217.958425 2.878904
1184.887526 -217.003435 2.881092
1181.361812 -216.022770 2.883322
1177.977678 -215.081350 2.885047
1174.395015 -214.089798 2.887113
1170.964854 -213.143797 2.888935
1167.423772 -212.170169 2.890497
1164.009914 -211.234894 2.892505
1160.448486 -210.271601 2.894625
1157.044293 -209.371740 2.897477
1153.508845 -208.454051 2.900870
1150.109804 -207.577614 2.904346
1146.544778 -206.677733 2.908109
1143.126348 -205.814424 2.911677
1139.727583 -204.969565 2.915224
1136.175268 -204.099951 2.918540
1132.735179 -203.273097 2.921721
1129.144018 -202.427890 2.928239
1125.707593 -201.647041 2.935336
1122.109265 -200.861090 2.943319
1118.611635 -200.146132 2.952233
1114.976242 -199.461317 2.962559
1111.516345 -198.802989 2.972821
1107.839356 -198.134063 2.983123
1104.314446 -197.522497 2.990371
1100.587257 -196.921727 2.997423
1097.034261 -196.369900 3.002300
1093.309709 -195.789647 3.006281
1089.664379 -195.246858 3.010568
1085.859178 -194.706201 3.013569
1082.214435 -194.189674 3.015905
1078.379426 -193.657260 3.018770
1074.661340 -193.142522 3.021362
1070.732596 -192.625648 3.024956
1067.048471 -192.121251 3.026654
1063.083182 -191.592893 3.031152
1059.283251 -191.120453 3.032460
1055.461208 -190.638190 3.033139
1051.464998 -190.147718 3.034455
1047.641196 -189.688589 3.035232
1043.573901 -189.196343 3.036972
1039.675210 -188.722906 3.039162
1035.615242 -188.246840 3.042768
1031.680644 -187.812976 3.047714
1027.543007 -187.379840 3.053521
1023.548368 -186.990615 3.059534
1019.416806 -186.593092 3.064963
1015.457638 -186.242390 3.070153
1011.362429 -185.926318 3.075654
1007.476349 -185.609267 3.079809
1003.388627 -185.301033 3.085267
999.525534 -185.033133 3.087214
995.587161 -184.750344 3.090428
991.504283 -184.483133 3.093909
987.605184 -184.242800 3.098897
983.517251 -184.026651 3.107228
979.560268 -183.863314 3.115627
975.429742 -183.714404 3.123853
971.474517 -183.598407 3.129439
967.357647 -183.505837 3.133676
963.361569 -183.431852 3.137330
959.182563 -183.360401 3.141108
955.185914 -183.296181 -3.140246
950.989160 -183.223195 -3.139295
946.980869 -183.175556 -3.138276
942.787907 -183.134304 -3.137109
938.742451 -183.086301 -3.135162
934.560297 -183.054394 -3.134348
930.509477 -183.046601 -3.132912
926.288752 -183.026217 -3.130938
922.247100 -183.025933 -3.131385
918.206128 -183.015563 -3.132435
914.026317 -182.978249 -3.134038
910.037503 -182.950820 -3.135911
905.900284 -182.924406 -3.137303
901.937577 -182.892926 -3.138605
897.820952 -182.866842 -3.139260
893.868868 -182.815867 -3.137533
889.762097 -182.774710 -3.134836
885.818726 -182.754495 -3.131062
881.729198 -182.761348 -3.126873
877.797776 -182.778447 -3.122714
873.715433 -182.820888 -3.118417
869.784765 -182.862553 -3.114427
865.720683 -182.929798 -3.110969
861.805453 -183.000968 -3.107625
857.716648 -183.105726 -3.104855
853.806385 -183.199668 -3.104334
849.860875 -183.297940 -3.103547
845.773896 -183.398573 -3.101682
841.662882 -183.541092 -3.098870
837.734693 -183.671791 -3.095816
833.800448 -183.827172 -3.092979
829.685213 -183.988458 -3.088511
825.744008 -184.157755 -3.085204
821.643408 -184.336588 -3.083123
817.686034 -184.535821 -3.080547
813.592818 -184.750509 -3.077372
809.629241 -184.970273 -3.071243
805.532258 -185.224615 -3.065606
801.572362 -185.493589 -3.060305
797.466826 -185.769871 -3.055346
793.512757 -186.076639 -3.050152
789.392410 -186.421209 -3.045026
785.453657 -186.760868 -3.040885
781.496258 -187.121549 -3.035963
777.420953 -187.519808 -3.029238
773.485478 -187.931583 -3.022396
769.360973 -188.376495 -3.016325
765.408027 -188.833977 -3.010434
761.279074 -189.337971 -3.004125
757.328400 -189.835309 -2.997837
753.242440 -190.374466 -2.992827
749.345480 -190.910134 -2.989391
745.311207 -191.470622 -2.986179
741.438699 -192.015502 -2.985973
737.421846 -192.584596 -2.987544
733.556893 -193.109000 -2.989132
729.556889 -193.648339 -2.989442
725.700006 -194.183829 -2.989226
721.669618 -194.747024 -2.988193
717.774569 -195.283528 -2.986748
713.758201 -195.852420 -2.986305
709.896859 -196.404531 -2.986369
705.995425 -196.939988 -2.982854
701.955437 -197.521033 -2.980125
698.091681 -198.077810 -2.979439
694.093409 -198.669029 -2.978922
690.191094 -199.240523 -2.976599
686.149409 -199.844729 -2.975019
682.308961 -200.427767 -2.975769
678.281612 -201.027136 -2.976817
674.382828 -201.609714 -2.974180
670.340772 -202.235482 -2.971762
666.467869 -202.818421 -2.971496
662.456681 -203.457976 -2.971627
658.547420 -204.071091 -2.969020
654.499938 -204.716052 -2.967254
650.634286 -205.339248 -2.967125
646.610546 -205.983170 -2.966683
642.755853 -206.593280 -2.964854
638.915246 -207.221612 -2.962743
634.974828 -207.881740 -2.962109
631.197378 -208.511415 -2.962334
627.280009 -209.157719 -2.962802
623.517260 -209.761606 -2.962749
619.653436 -210.388605 -2.963143
615.967348 -210.990814 -2.963693
612.102822 -211.634175 -2.962240
608.392600 -212.249739 -2.961542
604.558923 -212.889368 -2.962078
600.885562 -213.504521 -2.962621
597.011000 -214.161016 -2.960581
593.284203 -214.788335 -2.958735
589.404902 -215.445228 -2.956409
585.690034 -216.081311 -2.955061
581.819460 -216.745721 -2.954230
578.104965 -217.388768 -2.953277
574.237436 -218.067440 -2.952508
570.523128 -218.714371 -2.951865
566.814698 -219.360537 -2.951667
562.957550 -220.033876 -2.951761
559.255391 -220.682801 -2.951958
555.407246 -221.350493 -2.953570
551.696037 -221.988398 -2.954720
547.797404 -222.665065 -2.954520
544.128547 -223.301976 -2.955113
540.325992 -223.960306 -2.954061
536.656957 -224.609318 -2.951554
533.017507 -225.259890 -2.949420
529.273130 -225.933788 -2.947647
525.709547 -226.579408 -2.946827
521.979693 -227.248725 -2.945898
518.415972 -227.889544 -2.945652
514.752609 -228.550092 -2.946176
511.254062 -229.186151 -2.946699
507.585298 -229.844708 -2.946926
504.075431 -230.479127 -2.948634
500.454343 -231.121256 -2.952160
496.968024 -231.713820 -2.954883
493.343643 -232.328342 -2.957810
489.847441 -232.918511 -2.959072
486.215750 -233.532060 -2.958272
482.731642 -234.122087 -2.957301
479.103609 -234.744899 -2.956263
475.619722 -235.342862 -2.955465
472.148197 -235.938254 -2.954866
468.523631 -236.572594 -2.954249
465.041175 -237.180548 -2.953369
461.405669 -237.816865 -2.952320
457.928706 -238.423003 -2.951746
454.324142 -239.061532 -2.952920
450.836132 -239.669084 -2.955753
447.194914 -240.294287 -2.958435
443.709372 -240.870941 -2.960829
440.078121 -241.466402 -2.962035
436.593095 -242.024289 -2.963857
433.097077 -242.584450 -2.965166
429.463861 -243.169128 -2.966803
425.971088 -243.722918 -2.968240
422.331789 -244.299475 -2.969710
418.834672 -244.843118 -2.971248
415.190815 -245.400466 -2.973702
411.685855 -245.934744 -2.975232
408.030859 -246.488667 -2.976346
404.533619 -247.006047 -2.977694
400.891627 -247.546494 -2.978468
397.437541 -248.056382 -2.979981
393.856856 -248.579378 -2.981167
390.298777 -249.072077 -2.983190
386.883507 -249.555765 -2.984247
383.514985 -250.037959 -2.986297
380.010833 -250.521175 -2.987676
376.673234 -250.981419 -2.988638
373.213102 -251.449716 -2.990283
369.925120 -251.879717 -2.992095
366.633440 -252.310792 -2.993060
363.235421 -252.758586 -2.994335
359.995407 -253.176882 -2.995468
356.639237 -253.612529 -2.996536
353.443105 -254.014270 -2.997701
350.130727 -254.431387 -2.995416
346.958454 -254.857847 -2.987395
343.696740 -255.331929 -2.978728
340.586595 -255.810475 -2.970618
337.381150 -256.331965 -2.963344
334.344636 -256.832158 -2.960282
331.202470 -257.368367 -2.957143
328.228944 -257.880391 -2.954871
325.150972 -258.411123 -2.951289
322.235384 -258.926599 -2.949005
319.365166 -259.442162 -2.947246
316.436964 -259.963731 -2.948315
313.693656 -260.453693 -2.948562
310.909868 -260.942561 -2.949711
308.308657 -261.397411 -2.951037
305.663991 -261.864373 -2.951847
303.197677 -262.298571 -2.952274
300.713106 -262.727892 -2.952372
298.429712 -263.126124 -2.953024
296.145726 -263.523269 -2.956799
294.050558 -263.863869 -2.967061
292.033234 -264.130961 -2.985964
289.998706 -264.355052 -3.008699
288.105764 -264.521970 -3.031255
286.159770 -264.650764 -3.059549
284.339319 -264.687315 -3.091720
282.481459 -264.663240 -3.124868
280.737685 -264.583426 3.126528
278.969919 -264.451421 3.092075
277.339443 -264.260646 3.054666
275.674973 -263.997083 3.011628
274.115576 -263.673284 2.966093
272.553250 -263.250613 2.911518
271.107883 -262.752097 2.852581
269.652499 -262.144426 2.792090
268.290150 -261.506315 2.738588
266.920828 -260.771453 2.683787
265.626827 -259.985267 2.630138
264.328995 -259.080617 2.572407
263.135620 -258.162826 2.514683
261.997521 -257.155142 2.454972
260.845426 -256.023263 2.389896
259.802575 -254.854708 2.329644
258.781013 -253.577400 2.274449
257.831123 -252.296069 2.225672
256.870042 -250.888041 2.173154
256.032862 -249.479326 2.120839
255.226569 -247.947969 2.067885
254.522492 -246.409169 2.018274
253.857955 -244.741557 1.968457
253.287897 -243.075287 1.922621
252.756189 -241.288384 1.881209
252.316350 -239.534042 1.847229
251.884658 -237.628255 1.818061
251.521163 -235.761317 1.790835
251.197223 -233.861488 1.768457
250.888919 -231.823973 1.747981
250.611808 -229.866008 1.730979
250.341367 -227.796257 1.714950
250.112958 -225.767331 1.701505
249.883877 -223.623205 1.692693
249.678376 -221.497054 1.685403
249.470077 -219.252878 1.679050
249.283258 -217.046721 1.672782
249.102754 -214.722928 1.666218
248.941033 -212.463557 1.660787
248.774157 -210.050736 1.658666
248.603608 -207.712777 1.660575
248.420408 -205.242954 1.661154
248.245388 -202.848673 1.660756
248.070531 -200.311897 1.658216
247.902997 -197.836463 1.656280
247.736652 -195.348355 1.654020
247.568233 -192.707019 1.652012
247.402848 -190.142332 1.652833
247.217122 -187.431297 1.654780
247.036320 -184.809253 1.656173
246.842266 -182.060854 1.657532
246.648641 -179.373045 1.658293
246.444240 -176.552586 1.658547
246.247805 -173.826904 1.658239
246.042263 -170.937728 1.657740
245.843066 -168.134521 1.657176
245.639328 -165.225560 1.656398
245.450558 -162.471322 1.655681
245.256563 -159.725745 1.657741
245.045122 -156.860440 1.659361
244.841981 -154.110979 1.660530
244.628155 -151.235299 1.661603
244.417125 -148.459314 1.662076
244.197981 -145.563214 1.662034
243.987004 -142.769801 1.662198
243.766447 -139.832531 1.662696
243.550168 -137.003473 1.663003
243.324381 -134.045362 1.663135
243.109333 -131.187827 1.662540
242.893822 -128.307863 1.661744
242.671286 -125.295214 1.660168
242.467634 -122.410409 1.656477
242.267906 -119.371157 1.652763
242.083110 -116.427620 1.649176
241.896321 -113.371520 1.649980
241.701549 -110.421542 1.652393
241.493861 -107.343698 1.654344
241.288461 -104.379505 1.656122
241.071250 -101.287059 1.657294
240.856974 -98.313300 1.658447
240.630791 -95.205124 1.659291
240.410758 -92.203965 1.660131
240.181119 -89.090789 1.660899
239.958459 -86.127023 1.661606
239.726607 -83.048970 1.661721
239.506667 -80.084830 1.660162
239.297250 -77.145245 1.658522
239.085446 -74.104296 1.656708
238.882391 -71.195420 1.657101
238.662847 -68.149980 1.657943
238.455800 -65.250334 1.658280
238.240759 -62.245283 1.657554
238.038218 -59.361952 1.656409
237.826420 -56.344971 1.655364
237.629246 -53.474312 1.654604
237.429025 -50.483733 1.653961
237.237821 -47.620673 1.653318
237.042869 -44.668659 1.652300
236.861464 -41.845456 1.651580
236.681411 -39.075721 1.651304
236.498533 -36.256600 1.650853
236.327746 -33.613027 1.650368
236.155537 -30.913851 1.650330
235.996210 -28.393897 1.649685
235.842878 -25.830707 1.645227
235.716690 -23.440591 1.637972
235.622894 -21.001375 1.624182
235.587279 -18.738651 1.603965
235.610001 -16.449037 1.581261
235.672872 -14.339673 1.559721
235.794749 -12.240223 1.534723
235.965682 -10.305214 1.507301
236.188296 -8.467461 1.475241
236.482058 -6.661048 1.435941
236.842891 -4.978618 1.390834
237.246754 -3.478422 1.344905
237.693143 -2.089682 1.297775
238.201538 -0.745635 1.243953
238.785580 0.482892 1.191552
239.448750 1.714918 1.133953
240.115870 2.837639 1.077659
240.871737 3.906216 1.016377
241.648200 4.880578 0.954936
242.517406 5.847741 0.888628
243.406333 6.691500 0.822924
244.397248 7.519047 0.754232
245.414922 8.262647 0.689813
246.507806 8.955502 0.626202
247.701288 9.623606 0.561265
248.913430 10.205435 0.500372
250.220027 10.742835 0.443732
251.535367 11.219326 0.395291
252.960103 11.667850 0.348112
254.369478 12.056288 0.311115
255.863355 12.442389 0.279078
257.350514 12.780843 0.248347
258.930182 13.089578 0.221539
260.474207 13.368212 0.197788
262.130860 13.609801 0.174670
263.737901 13.815863 0.156963
265.454465 14.020860 0.140017
267.139668 14.191953 0.124634
268.947082 14.350461 0.111050
270.739654 14.501129 0.102620
272.579509 14.647761 0.096812
274.532534 14.797330 0.092758
276.460897 14.938724 0.091820
278.498064 15.097194 0.093282
280.511784 15.254356 0.095060
282.662823 15.431775 0.096877
284.789786 15.608436 0.095869
287.109482 15.783914 0.091342
289.371668 15.943284 0.086937
291.778916 16.101301 0.083842
294.134067 16.265214 0.084724
296.604861 16.436500 0.085414
299.001978 16.612706 0.088798
301.550028 16.816199 0.093395
304.012920 17.023563 0.097470
306.628515 17.241513 0.101277
309.148333 17.465756 0.102637
311.749157 17.685344 0.100336
314.229057 17.893213 0.098302
316.802574 18.102981 0.096523
319.260006 18.301732 0.096576
321.690478 18.504302 0.098212
324.218555 18.724083 0.102647
326.630167 18.951901 0.108912
329.166413 19.205467 0.113773
331.610895 19.454268 0.117631
334.174139 19.735885 0.124767
336.684873 20.033917 0.131701
339.333075 20.362046 0.138669
341.904946 20.697742 0.143938
344.618353 21.062703 0.149072
347.268010 21.433045 0.152756
350.062660 21.824490 0.154300
352.770868 22.201780 0.153792
355.642955 22.591986 0.151111
358.433311 22.952269 0.145789
361.273575 23.301154 0.138543
364.275634 23.647863 0.128850
367.193731 23.951193 0.118546
370.282041 24.236528 0.107541
373.286964 24.489472 0.097039
376.475121 24.727541 0.088992
379.572295 24.948298 0.087767
382.833702 25.188028 0.089272
386.013275 25.414104 0.089713
389.373336 25.654076 0.088270
392.630801 25.885716 0.086273
396.065991 26.116228 0.082977
399.378966 26.335258 0.079947
402.943561 26.556431 0.079401
406.356140 26.772081 0.079799
409.937747 27.005455 0.079734
413.410449 27.232951 0.079892
417.109290 27.477058 0.080038
420.661453 27.709770 0.081056
424.210744 27.946558 0.083818
427.951376 28.210159 0.086746
431.630484 28.478561 0.089349
435.445300 28.769709 0.092363
439.112084 29.060114 0.093047
442.977322 29.351596 0.088078
446.782261 29.610572 0.082381
450.727573 29.850768 0.076278
454.503554 30.060520 0.070072
458.498817 30.263340 0.066760
462.408590 30.466602 0.068636
466.471979 30.693309 0.071672
470.335596 30.915767 0.073602
474.377931 31.161722 0.074836
478.281629 31.403934 0.075440
482.275940 31.636958 0.075751
486.024392 31.860854 0.077027
489.784950 32.095833 0.078145
493.738247 32.351016 0.079183
497.462850 32.606171 0.080528
501.273232 32.852713 0.081890
504.936359 33.081168 0.083082
508.777687 33.352652 0.084136
512.437452 33.617519 0.085282
516.154054 33.882502 0.086247
519.761458 34.134251 0.085681
523.557591 34.385899 0.082826
527.174717 34.608995 0.080295
530.902925 34.832848 0.078258
534.485470 35.051414 0.076887
538.279589 35.284656 0.075849
541.888717 35.498513 0.076185
545.613650 35.719295 0.076754
549.211359 35.949712 0.077620
553.027584 36.187749 0.079455
556.646642 36.423010 0.081985
560.222204 36.670655 0.084265
563.982331 36.927866 0.085713
567.634916 37.200048 0.085870
571.449265 37.459217 0.085144
575.033826 37.691200 0.084214
578.805718 37.959951 0.085211
582.533932 38.241775 0.085975
586.374033 38.504391 0.083828
590.017098 38.757603 0.081796
593.865277 39.013180 0.080829
597.603671 39.268714 0.081227
601.508804 39.517483 0.081586
605.203765 39.763011 0.083503
609.092363 40.039991 0.084487
612.910626 40.312055 0.086314
616.840550 40.599630 0.086953
620.601580 40.854896 0.086523
624.529544 41.127721 0.084840
628.397816 41.377367 0.082790
632.219761 41.622308 0.081366
636.182448 41.884664 0.082127
639.988549 42.134443 0.082562
644.058562 42.406578 0.082465
647.926561 42.665184 0.082493
651.916030 42.920554 0.081135
655.777325 43.166959 0.078796
659.898156 43.409707 0.076122
663.800602 43.638046 0.073958
667.836708 43.886352 0.072286
671.749208 44.116282 0.071700
675.904346 44.344319 0.071100
679.852386 44.559482 0.071390
683.937929 44.792243 0.072853
687.862620 45.028315 0.074084
692.017508 45.264648 0.075038
695.924247 45.494469 0.076068
699.753616 45.739723 0.077166
703.778976 45.997639 0.078427
707.673788 46.246476 0.080044
711.652175 46.507132 0.081112
715.423319 46.762947 0.082536
719.334273 47.033531 0.083863
723.155004 47.283202 0.084526
727.073780 47.545368 0.085159
730.803487 47.808706 0.085309
734.560099 48.071099 0.084575
738.549674 48.339587 0.082339
742.501164 48.597159 0.079084
746.257700 48.820651 0.076398
750.033365 49.039152 0.074174
754.032911 49.271286 0.074594
757.847799 49.504051 0.075872
761.762292 49.742980 0.077082
765.574192 49.983506 0.078274
769.591156 50.235978 0.078744
773.424774 50.479474 0.079272
777.371484 50.722832 0.079599
781.177089 50.960926 0.079490
785.231825 51.212723 0.079264
789.092486 51.463597 0.079463
793.047730 51.723980 0.078953
796.886232 51.963924 0.077125
800.954334 52.211248 0.075400
804.835207 52.440443 0.074674
808.819182 52.673242 0.074662
812.683318 52.902373 0.075942
816.762292 53.148474 0.076650
820.662531 53.383037 0.076971
824.673625 53.623809 0.077430
828.551030 53.861327 0.077022
832.490322 54.094588 0.076085
836.585347 54.346891 0.076081
840.440578 54.592573 0.076210
844.513217 54.840208 0.076612
848.476031 55.082796 0.076488
852.589938 55.335642 0.076769
856.455741 55.580364 0.077182
860.508058 55.824203 0.076612
864.426319 56.060026 0.076224
868.470552 56.310345 0.076122
872.276422 56.543001 0.076117
876.238588 56.782963 0.076109
880.111819 57.015124 0.076136
884.093438 57.258597 0.076219
887.855353 57.487680 0.075738
891.615337 57.704089 0.075118
895.587362 57.937811 0.075612
899.390533 58.164665 0.075843
903.245195 58.404673 0.075995
906.992349 58.630571 0.076019
910.935106 58.866860 0.077188
914.691237 59.093798 0.077569
918.543623 59.333101 0.077476
922.233511 59.554703 0.077377
926.161660 59.788899 0.078629
929.883720 60.025220 0.079417
933.705939 60.269533 0.079208
937.378443 60.504680 0.079505
941.269921 60.757887 0.083112
944.972786 61.015991 0.085405
948.768877 61.278849 0.084477
952.408870 61.526625 0.083187
956.281561 61.781999 0.083778
959.950499 62.028594 0.083532
963.574496 62.257831 0.081335
967.338687 62.493340 0.077424
971.021381 62.698236 0.075272
974.835581 62.908490 0.071637
978.435453 63.090607 0.065563
982.175993 63.248698 0.059120
985.852944 63.377959 0.055292
989.636946 63.510335 0.049816
993.220951 63.610797 0.042815
996.953332 63.685679 0.035532
1000.594147 63.727992 0.030359
1004.381747 63.759429 0.024288
1007.936311 63.772012 0.018181
1011.656642 63.780920 0.016059
1015.286107 63.790690 0.015681
1019.045009 63.793035 0.014988
1022.590294 63.796323 0.012924
1026.132359 63.781402 0.010107
1029.902232 63.746246 0.007422
1033.470030 63.713180 0.004593
1037.134758 63.669399 0.002242
1040.656362 63.614686 0.001178
1044.376269 63.556304 -0.000160
1047.929802 63.490386 -0.000612
1051.581418 63.428960 0.000501
1055.072377 63.382991 0.001936
1058.780427 63.350036 0.000693
1062.315739 63.310699 0.000137
1065.949887 63.260274 0.001035
1069.434082 63.209515 0.000992
1073.119619 63.159259 -0.002800
1076.647300 63.084298 -0.005418
1080.256347 63.006614 -0.005621
1083.732585 62.931517 -0.006047
1087.397294 62.854971 -0.008482
1090.914012 62.756357 -0.010890
1094.503003 62.659123 -0.011882
1097.961745 62.563340 -0.013014
1101.621146 62.453371 -0.015631
1105.119991 62.333304 -0.017562
1108.567158 62.217806 -0.017840
1112.145794 62.097998 -0.018412
1115.798871 61.965736 -0.020331
1119.280627 61.831908 -0.021604
1122.719812 61.701233 -0.021273
1126.287233 61.565495 -0.020800
1129.777561 61.436952 -0.020303
1133.403385 61.304205 -0.020320
1136.818198 61.183850 -0.020242
1140.390745 61.058674 -0.019957
1143.865215 60.940873 -0.019366
1147.497002 60.804162 -0.018029
1150.897138 60.686388 -0.016800
1154.463739 60.565321 -0.015871
1157.944428 60.459657 -0.013971
1161.546709 60.359761 -0.012440
1164.961964 60.266228 -0.011040
1168.522233 60.169060 -0.009701
1172.005645 60.094498 -0.008263
1175.605136 60.016114 -0.007352
1179.027023 59.938897 -0.007605
1182.567951 59.858488 -0.008749
1186.044648 59.767559 -0.010637
1189.640563 59.673069 -0.013215
1193.052787 59.566030 -0.016340
1196.451356 59.440366 -0.019332
1200.030955 59.310956 -0.022765
1203.633925 59.168340 -0.025622
1207.023132 59.020591 -0.025842
1210.406476 58.887930 -0.024329
1214.000848 58.752537 -0.022446
1217.444400 58.620163 -0.020707
1220.976109 58.492831 -0.019283
1224.369748 58.380323 -0.018971
1227.956708 58.255503 -0.018988
1231.390818 58.134271 -0.018981
1234.904006 58.011981 -0.018762
1238.247132 57.900688 -0.018605
1241.794787 57.776273 -0.018173
1245.188664 57.660384 -0.017612
1248.683313 57.546739 -0.017248
1252.041594 57.432767 -0.017005
1255.596432 57.317210 -0.016565
1259.021922 57.204112 -0.016135
1262.522508 57.085749 -0.015986
1265.901961 56.981941 -0.015807
1269.348905 56.888305 -0.015730
1272.938161 56.774365 -0.015853
1276.345161 56.664606 -0.015732
1279.900034 56.550163 -0.015828
1283.393728 56.439707 -0.015819
1287.035225 56.322463 -0.015936
1290.454899 56.214230 -0.015786
1294.050495 56.105926 -0.015318
1297.564691 56.005164 -0.014492
1301.236572 55.895103 -0.013705
1304.703517 55.789561 -0.013065
1308.322039 55.682188 -0.012480
1311.882832 55.579276 -0.012008
1315.445088 55.478406 -0.012075
1319.097427 55.370001 -0.012358
1322.589773 55.272178 -0.012512
1326.324109 55.165063 -0.012598
1329.913362 55.063000 -0.012873
1333.586901 54.961631 -0.014320
1337.118619 54.848723 -0.016405
1340.880830 54.718463 -0.018320
1344.470183 54.592885 -0.019441
1348.119174 54.463479 -0.020534
1351.609812 54.337112 -0.021308
1355.271412 54.205646 -0.021727
1358.765659 54.079641 -0.019862
1362.336395 53.965908 -0.018213
1365.739261 53.855872 -0.018784
1369.304565 53.744128 -0.018530
1372.717035 53.629669 -0.017320
1376.223114 53.513769 -0.014201
1379.563473 53.417509 -0.011966
1382.943378 53.334522 -0.010146
1386.480252 53.251125 -0.010970
1389.826599 53.152992 -0.013166
1393.291878 53.046964 -0.015035
1396.675988 52.945560 -0.013776
1400.213448 52.844491 -0.013301
1403.565263 52.746174 -0.015322
1407.066628 52.628894 -0.018467
1410.479559 52.505837 -0.019701
1414.036864 52.385787 -0.020203
1417.426003 52.267978 -0.020903
1420.935370 52.123882 -0.023081
1424.353780 51.977716 -0.026508
1427.952841 51.801353 -0.032206
1431.322252 51.616345 -0.038045
1434.829859 51.396466 -0.044792
1438.272492 51.181221 -0.050081
1441.867054 50.945876 -0.056021
1445.251308 50.680657 -0.061433
1448.761702 50.393836 -0.066255
1452.203803 50.105120 -0.066893
1455.787605 49.805634 -0.066738
1459.153441 49.526456 -0.066514
1462.650508 49.237236 -0.065965
1466.047913 48.965752 -0.064990
1469.566652 48.683918 -0.062919
1472.871113 48.432963 -0.059176
1476.165001 48.195906 -0.055687
1479.606337 47.956403 -0.052074
1482.903576 47.741844 -0.049253
1486.268158 47.542268 -0.046399
1489.484079 47.346956 -0.046686
1492.864969 47.118914 -0.049773
1496.039100 46.888277 -0.053686
1499.328943 46.658813 -0.058249
1502.477090 46.424649 -0.062084
1505.682870 46.171335 -0.064701
1508.750580 45.914416 -0.067029
1511.788048 45.652891 -0.069340
1514.649736 45.399410 -0.071709
1517.552013 45.136579 -0.073901
1520.250550 44.889153 -0.075874
1522.859868 44.633500 -0.080195
1525.491138 44.350757 -0.088186
1527.920292 44.069287 -0.099831
1530.366133 43.747137 -0.115744
1532.626047 43.394182 -0.137197
1534.873409 42.976485 -0.165061
1536.920524 42.517736 -0.196952
1538.996384 41.961298 -0.237994
1540.717781 41.408537 -0.278546
1542.459292 40.754806 -0.326918
1544.022045 40.064691 -0.380227
1545.536667 39.277270 -0.442920
1546.870343 38.476888 -0.499866
1548.137495 37.626196 -0.560627
1549.210148 36.759409 -0.624141
1550.226579 35.831589 -0.695077
1551.087307 34.883905 -0.768657
1551.847505 33.908002 -0.849328
1552.543171 32.814066 -0.936578
1553.075118 31.751823 -1.026028
1553.486596 30.623067 -1.128698
1553.768687 29.509582 -1.229142
1553.955142 28.310406 -1.326797
1554.035248 27.166716 -1.416646
1554.008555 25.968782 -1.506990
1553.891355 24.816888 -1.593700
1553.640223 23.619531 -1.687605
1553.297611 22.477911 -1.779696
1552.816752 21.292359 -1.877304
1552.240314 20.179905 -1.968524
1551.548227 19.023548 -2.043693
1550.831092 17.899520 -2.092012
1550.031574 16.692274 -2.122361
1549.222637 15.503957 -2.144728
1548.323618 14.245339 -2.163136
1547.429341 13.005103 -2.175286
1546.456856 11.670251 -2.181855
1545.491466 10.341380 -2.183973
1544.456917 8.914351 -2.183948
1543.428202 7.501711 -2.184372
1542.318759 5.971611 -2.184964
1541.215537 4.458289 -2.185671
1540.032341 2.835990 -2.186571
1538.861184 1.237214 -2.187691
1537.617960 -0.457102 -2.188205
1536.389614 -2.126576 -2.188747
1535.076763 -3.908128 -2.189380
1533.784157 -5.667814 -2.188234
1532.386854 -7.586059 -2.185869
1531.023348 -9.467029 -2.184071
1529.568155 -11.473830 -2.182528
1528.159152 -13.427936 -2.180889
1526.726374 -15.413187 -2.181895
1525.189727 -17.527466 -2.184199
1523.680791 -19.575092 -2.186714
1522.088750 -21.745962 -2.188846
1520.454987 -23.962408 -2.191323
1518.854614 -26.117507 -2.193793
1517.155238 -28.397009 -2.195404
1515.500357 -30.619133 -2.194734
1513.747529 -32.977018 -2.193383
1512.039685 -35.287353 -2.191574
1510.308064 -37.636347 -2.190002
1508.491063 -40.115039 -2.188595
1506.715654 -42.537853 -2.187632
1504.845413 -45.091826 -2.186659
1503.025005 -47.586028 -2.186574
1501.092329 -50.231848 -2.186499
1499.227730 -52.786331 -2.186634
1497.258233 -55.473433 -2.187153
1495.247575 -58.213856 -2.187716
1493.293849 -60.875166 -2.188371
1491.261999 -63.634424 -2.188997
1489.301810 -66.290546 -2.189727
1487.296447 -69.009064 -2.189561
1485.192918 -71.884103 -2.189550
1483.185355 -74.602295 -2.189879
1481.063895 -77.476300 -2.188969
1478.997247 -80.288016 -2.188372
1476.815027 -83.256311 -2.187806
1474.734736 -86.085544 -2.187324
1472.572992 -89.054281 -2.186605
1470.440645 -91.970866 -2.186528
1468.196320 -95.039912 -2.186256
1466.070825 -97.956741 -2.186117
1463.874418 -100.966244 -2.186217
1461.737709 -103.879713 -2.186535
1459.521977 -106.918728 -2.186879
1457.440051 -109.772388 -2.187143
1455.271340 -112.749041 -2.186974
1453.134716 -115.656604 -2.187070
1450.918028 -118.687519 -2.186779
1448.830680 -121.549105 -2.187269
1446.642805 -124.524412 -2.187331
1444.501671 -127.442207 -2.187468
1442.267280 -130.493731 -2.187811
1440.154768 -133.367982 -2.187966
1437.944469 -136.384148 -2.188019
1435.795574 -139.314905 -2.188450
1433.535167 -142.385649 -2.188661
1431.431889 -145.248228 -2.188841
1429.346920 -148.086586 -2.189453
1427.139544 -151.087498 -2.189662
1425.029885 -153.952096 -2.189984
1422.885949 -156.869018 -2.190352
1420.838469 -159.648756 -2.190781
1418.684242 -162.560027 -2.191317
1416.598566 -165.367823 -2.191704
1414.506370 -168.198393 -2.191788
1412.489512 -170.929398 -2.191711
1410.393469 -173.762348 -2.191489
1408.364093 -176.504600 -2.191358
1406.299803 -179.296673 -2.191158
1404.335292 -181.955685 -2.191245
1402.279934 -184.742294 -2.191318
1400.302057 -187.421155 -2.191193
1398.284179 -190.157613 -2.189205
1396.366754 -192.780240 -2.186289
1394.378465 -195.519109 -2.183752
1392.468266 -198.161373 -2.182992
1390.588890 -200.755323 -2.183350
1388.640089 -203.432730 -2.184112
1386.771071 -205.998292 -2.185016
1384.810879 -208.684815 -2.185984
1382.882860 -211.333031 -2.186295
1381.042930 -213.846648 -2.186853
1379.212635 -216.348298 -2.187482
1377.295625 -218.954249 -2.188678
1375.479864 -221.421190 -2.189306
1373.599958 -223.982716 -2.189959
1371.799709 -226.428127 -2.190202
1369.929687 -228.973101 -2.188985
1368.167778 -231.376701 -2.187606
1366.369127 -233.834411 -2.186420
1364.681532 -236.150395 -2.185354
1362.949373 -238.531449 -2.184387
1361.344290 -240.733529 -2.183957
1359.750502 -242.931472 -2.183420
1358.284988 -244.951188 -2.183468
1356.836983 -246.942950 -2.181684
1355.529541 -248.749750 -2.177508
1354.266706 -250.509771 -2.173786
1353.151963 -252.078318 -2.170393
1352.123751 -253.536033 -2.167113
1351.141556 -254.938508 -2.165579
1350.242949 -256.187894 -2.169881
1349.354103 -257.369936 -2.185485
1348.525737 -258.423201 -2.209178
1347.606384 -259.464428 -2.246469
1346.696571 -260.391714 -2.295983
1345.736036 -261.228485 -2.358943
1344.782662 -261.925297 -2.433563
1343.725375 -262.558893 -2.523408
1342.634425 -263.062601 -2.614679
1341.489013 -263.504411 -2.716437
1340.376070 -263.774280 -2.817004
1339.161200 -263.915494 -2.930075
1337.978376 -263.907855 -3.046678
1336.723105 -263.723135 3.111322
1335.484464 -263.408126 2.990211
1334.285261 -262.952845 2.885142
1333.081971 -262.422617 2.799761
1331.778861 -261.799786 2.747024
1330.487751 -261.185531 2.726835
1329.054612 -260.527221 2.717864
1327.647043 -259.841926 2.709830
1326.114651 -259.095409 2.702651
1324.599195 -258.311104 2.697019
1322.961921 -257.487440 2.696710
1321.290298 -256.643010 2.699678
1319.523939 -255.766917 2.704099
1317.646430 -254.885777 2.713644
1315.783108 -254.035198 2.725235
1313.781016 -253.145816 2.736764
1311.785470 -252.287172 2.749193
1309.613849 -251.398535 2.764580
1307.460926 -250.542126 2.778567
1305.108536 -249.660832 2.793897
1302.784785 -248.816680 2.806621
1300.306920 -247.950849 2.817421
1297.851595 -247.120700 2.827876
1295.212192 -246.226588 2.838154
1292.617164 -245.392779 2.849213
1289.856469 -244.545277 2.856606
1287.154916 -243.716449 2.860121
1284.240889 -242.841526 2.864123
1281.403835 -242.007443 2.865972
1278.384122 -241.090117 2.866928
1275.442329 -240.205537 2.867732
1272.304861 -239.295715 2.868705
1269.246041 -238.401454 2.869565
1265.983128 -237.424030 2.871067
1262.811456 -236.486164 2.872281
1259.478426 -235.528871 2.874467
1256.169896 -234.589061 2.877643
1252.973147 -233.683425 2.880931
1249.811338 -232.785657 2.881620
1246.508850 -231.838472 2.880498
1243.297553 -230.910786 2.879629
1239.919321 -229.950249 2.879258
1236.644367 -229.024701 2.879055
1233.187294 -228.057502 2.879667
1229.849163 -227.103382 2.879466
1226.462436 -226.125834 2.879392
1222.874977 -225.093800 2.878967
1219.250923 -224.057108 2.878896
1215.740290 -223.043785 2.878732
1212.185231 -222.014509 2.879274
1208.438403 -220.924900 2.879734
1204.804820 -219.874582 2.881727
1201.011272 -218.805509 2.883557
1197.162013 -217.742925 2.884733
1193.457252 -216.716674 2.883783
1189.557622 -215.611740 2.882757
1185.821221 -214.550697 2.881228
1182.042059 -213.472800 2.880979
1178.089742 -212.353670 2.882286
1174.295767 -211.284289 2.883194
1170.319963 -210.172025 2.884397
1166.471192 -209.112020 2.888085
1162.459579 -208.036548 2.893203
1158.593872 -207.010584 2.897826
1154.554771 -205.955474 2.903006
1150.714399 -204.964533 2.907198
1146.720578 -203.967732 2.911392
1142.897019 -203.036974 2.915242
1138.895602 -202.066465 2.919926
1135.067197 -201.154481 2.923930
1131.068630 -200.217171 2.928271
1127.194133 -199.325662 2.934238
1123.145580 -198.436099 2.941360
1119.250267 -197.601456 2.948495
1115.167317 -196.759737 2.956473
1111.206786 -195.987407 2.965287
1107.055824 -195.223728 2.974231
1102.884885 -194.483922 2.984065
1098.837560 -193.798106 2.992793
1094.805608 -193.147006 2.998383
1090.542876 -192.489595 3.003700
1086.404636 -191.875422 3.009622
1082.098471 -191.243780 3.016044
1077.735316 -190.655426 3.023049
1073.517121 -190.086504 3.029425
1069.113226 -189.550084 3.035265
1064.830809 -189.051087 3.042114
1060.587339 -188.590530 3.049507
1056.189707 -188.129771 3.056147
1051.987294 -187.730897 3.063165
1047.632764 -187.340921 3.069771
1043.461181 -186.983355 3.075794
1039.149220 -186.654887 3.080965
1035.013471 -186.347216 3.085811
1030.733932 -186.053817 3.090101
1026.639599 -185.788622 3.093808
1022.381549 -185.540998 3.097964
1018.301775 -185.312903 3.102541
1014.061464 -185.114741 3.106998
1010.019630 -184.937928 3.109655
1005.742963 -184.719966 3.113926
1001.669104 -184.546358 3.114154
997.423965 -184.349326 3.113676
993.331869 -184.174680 3.113112
989.086450 -183.988434 3.115300
984.999204 -183.822915 3.119639
980.747381 -183.687879 3.125480
976.667604 -183.577341 3.130553
972.418893 -183.473697 3.134534
968.330418 -183.393431 3.138382
964.098403 -183.340934 -3.138397
960.012799 -183.314851 -3.133283
955.767131 -183.286611 -3.131147
951.673194 -183.254727 -3.131224
947.427729 -183.225252 -3.132957
943.352251 -183.196976 -3.134364
939.108872 -183.152595 -3.133887
935.082850 -183.120427 -3.133794
930.869470 -183.114437 -3.132933
926.840058 -183.095270 -3.131748
922.672778 -183.088205 -3.132214
918.671257 -183.071711 -3.135662
914.683467 -183.012809 -3.140188
910.545717 -182.947874 3.139558
906.579610 -182.891789 3.140542
902.453068 -182.849416 -3.139943
898.503871 -182.833035 -3.137846
894.381399 -182.791440 -3.135962
890.436739 -182.753335 -3.135008
886.300412 -182.721307 -3.134143
882.347065 -182.701010 -3.133639
878.200048 -182.684442 -3.131093
874.219731 -182.690426 -3.126949
870.062958 -182.698335 -3.123275
866.090881 -182.727585 -3.120438
861.944946 -182.767183 -3.117404
857.972133 -182.824471 -3.114237
853.880397 -182.891857 -3.108208
849.940289 -182.989167 -3.100918
845.888574 -183.127548 -3.093712
841.991612 -183.300116 -3.088578
837.975346 -183.475045 -3.086020
834.131993 -183.665360 -3.083038
830.141790 -183.857583 -3.080055
826.334273 -184.046431 -3.078759
822.393487 -184.237276 -3.077876
818.580284 -184.444264 -3.075911
814.662038 -184.672188 -3.071195
810.845534 -184.910707 -3.066355
806.885775 -185.171930 -3.062178
803.051770 -185.441079 -3.059216
799.040621 -185.714786 -3.055625
795.179915 -186.001423 -3.050213
791.137705 -186.342926 -3.044250
787.265605 -186.680317 -3.039738
783.193000 -187.053725 -3.035253
779.305064 -187.437534 -3.030888
775.252027 -187.856657 -3.026378
771.328253 -188.269814 -3.021629
767.222447 -188.712355 -3.015600
763.266224 -189.179655 -3.009189
759.134137 -189.685366 -3.002146
755.170362 -190.190731 -2.995520
751.046563 -190.753924 -2.992041
747.085128 -191.280271 -2.991771
742.960029 -191.831551 -2.991270
739.063409 -192.366176 -2.990503
735.031042 -192.924863 -2.988967
731.143722 -193.454815 -2.986343
727.100944 -194.022788 -2.983512
723.297903 -194.584793 -2.983937
719.342965 -195.153639 -2.985454
715.526049 -195.674033 -2.985460
711.601673 -196.246154 -2.984592
707.848668 -196.769599 -2.984550
703.980180 -197.308145 -2.984215
700.244604 -197.827788 -2.982767
696.385903 -198.375725 -2.982017
692.693783 -198.907285 -2.981977
688.857329 -199.458336 -2.981745
685.162936 -199.980495 -2.980536
681.316934 -200.551279 -2.978181
677.602053 -201.103108 -2.975779
673.752755 -201.696826 -2.972923
670.019281 -202.273185 -2.969801
666.087047 -202.882910 -2.965772
662.361947 -203.501369 -2.965821
658.441683 -204.139514 -2.965452
654.662886 -204.744852 -2.964651
650.697698 -205.392852 -2.963949
646.899166 -206.006628 -2.965946
642.947346 -206.629535 -2.968554
639.107332 -207.226006 -2.969067
635.091234 -207.865733 -2.968044
631.240991 -208.489591 -2.965189
627.252851 -209.149609 -2.964640
623.365135 -209.762768 -2.965525
619.300425 -210.406670 -2.966139
615.420694 -211.027780 -2.967506
611.372999 -211.684097 -2.967265
607.453979 -212.308472 -2.965370
603.368905 -212.984977 -2.962957
599.470579 -213.637371 -2.961249
595.426201 -214.325418 -2.959126
591.546428 -214.978573 -2.957280
587.525925 -215.661100 -2.955618
583.729574 -216.315354 -2.954884
579.950718 -216.964688 -2.954481
575.999513 -217.649223 -2.953005
572.039222 -218.346319 -2.950431
568.277227 -219.011949 -2.949599
564.370960 -219.694055 -2.952987
560.590004 -220.335365 -2.956102
556.649023 -221.001619 -2.956163
552.904014 -221.643678 -2.955209
549.153369 -222.294587 -2.953888
545.235340 -222.985031 -2.952568
541.471753 -223.647626 -2.951755
537.546438 -224.343643 -2.950680
533.786275 -225.015439 -2.949668
529.878672 -225.711548 -2.948936
526.157366 -226.378317 -2.948834
522.303814 -227.059964 -2.948565
518.607374 -227.713084 -2.948098
514.778351 -228.395396 -2.947654
511.136483 -229.052122 -2.948061
507.357902 -229.721804 -2.949694
503.755029 -230.359343 -2.951360
499.983155 -231.021330 -2.952520
496.350793 -231.646597 -2.952507
492.632318 -232.296102 -2.953550
489.056720 -232.919296 -2.954250
485.338660 -233.560619 -2.954839
481.751948 -234.176890 -2.954916
478.067612 -234.811122 -2.955829
474.531295 -235.414296 -2.955650
470.854509 -236.048244 -2.954733
467.321511 -236.666404 -2.953944
463.678621 -237.306248 -2.953628
460.192393 -237.912030 -2.953797
456.548375 -238.537085 -2.954844
453.063277 -239.137773 -2.956024
449.438781 -239.756912 -2.957302
445.964193 -240.340330 -2.958962
442.312198 -240.940951 -2.959941
438.774520 -241.520570 -2.960820
435.115298 -242.113540 -2.962887
431.593623 -242.688851 -2.964843
427.895844 -243.276121 -2.966113
424.315152 -243.849357 -2.967020
420.607374 -244.435046 -2.970229
417.055983 -244.976048 -2.973754
413.472687 -245.516922 -2.976089
409.697781 -246.085266 -2.977323
406.119739 -246.607509 -2.982699
402.365327 -247.124048 -2.989544
398.736075 -247.605660 -2.995861
394.934614 -248.081795 -3.001360
391.308147 -248.503939 -3.008054
387.516166 -248.927507 -3.012332
383.858357 -249.337732 -3.012932
380.022236 -249.782131 -3.007312
376.388088 -250.237956 -3.002520
372.636119 -250.716209 -2.997455
369.049468 -251.178987 -2.991659
365.291603 -251.696650 -2.984779
361.753396 -252.215933 -2.980340
358.103718 -252.764520 -2.976336
354.607713 -253.298822 -2.971719
350.964244 -253.868024 -2.965976
347.507357 -254.437149 -2.962549
343.951436 -255.033784 -2.960590
340.547695 -255.603364 -2.957561
337.001134 -256.212623 -2.953101
333.640828 -256.800261 -2.951219
330.180203 -257.421493 -2.951052
326.920165 -257.990588 -2.952343
323.578046 -258.565918 -2.951621
320.465474 -259.109220 -2.952631
317.303334 -259.652139 -2.953638
314.347892 -260.164561 -2.952390
311.338062 -260.701313 -2.948520
308.555415 -261.200239 -2.946091
305.849514 -261.698220 -2.944208
303.102453 -262.210560 -2.942567
300.540611 -262.691335 -2.941385
297.969823 -263.160565 -2.944897
295.566294 -263.578880 -2.952842
293.136878 -263.966102 -2.967301
290.887589 -264.283987 -2.988007
288.590099 -264.536984 -3.012191
286.408558 -264.718213 -3.039128
284.228942 -264.826418 -3.072919
282.199488 -264.853242 -3.107307
280.147854 -264.787045 3.135589
278.267405 -264.630888 3.088715
276.372695 -264.365306 3.031089
274.585146 -263.996708 2.973082
272.789280 -263.502532 2.912868
271.117925 -262.925120 2.855648
269.423025 -262.233247 2.796724
267.837373 -261.499034 2.740601
266.258123 -260.654087 2.677564
264.793737 -259.740735 2.614720
263.347399 -258.692603 2.545216
262.044528 -257.589790 2.476245
260.725432 -256.328074 2.402114
259.549462 -255.002746 2.330665
258.423143 -253.534706 2.255919
257.369527 -251.959615 2.186110
256.431728 -250.353304 2.123257
255.550630 -248.613772 2.063476
254.768781 -246.871463 2.015310
254.025853 -244.977875 1.965526
253.394317 -243.082926 1.919776
252.807763 -241.046026 1.874033
252.323696 -239.033330 1.837974
251.841131 -236.859056 1.812313
251.380674 -234.731497 1.785752
250.960457 -232.455987 1.757190
250.617518 -230.200048 1.731182
250.324057 -227.800500 1.707170
250.078394 -225.415451 1.690865
249.848071 -222.869164 1.678289
249.649248 -220.376785 1.671485
249.436726 -217.742283 1.669898
249.218746 -215.155321 1.670357
248.999165 -212.538703 1.671184
248.763859 -209.747916 1.670724
248.530916 -206.913341 1.669375
248.304818 -204.142733 1.666920
248.094146 -201.337938 1.662743
247.880149 -198.352934 1.658718
247.679999 -195.440666 1.655241
247.476009 -192.365993 1.654735
247.268308 -189.373004 1.656168
247.045349 -186.201707 1.656213
246.829292 -183.087924 1.655955
246.603178 -179.824322 1.655560
246.386350 -176.645823 1.654943
246.156549 -173.307598 1.656196
245.917163 -170.032243 1.658615
245.661580 -166.595620 1.660287
245.413598 -163.280226 1.661607
245.144995 -159.767149 1.662148
244.881210 -156.304434 1.661652
244.618004 -152.749630 1.659866
244.376200 -149.364036 1.657993
244.126799 -145.833256 1.656205
243.891922 -142.424340 1.654231
243.659451 -138.899287 1.652333
243.441049 -135.508803 1.651048
243.209051 -131.940431 1.651340
242.980904 -128.468970 1.651888
242.739908 -124.863185 1.652813
242.512382 -121.431690 1.652789
242.265339 -117.790181 1.653552
242.020964 -114.249409 1.654618
241.779196 -110.766547 1.655739
241.526731 -107.163365 1.656919
241.277179 -103.704484 1.657945
241.011777 -100.085669 1.658907
240.759993 -96.651824 1.658560
240.507002 -93.109615 1.657457
240.266864 -89.703381 1.656862
240.012294 -86.118736 1.656220
239.777638 -82.737697 1.653464
239.551360 -79.230943 1.650719
239.340009 -75.859783 1.650124
239.116046 -72.342439 1.650552
238.901823 -69.038031 1.651267
238.678646 -65.662157 1.652262
238.468945 -62.486270 1.652672
238.252580 -59.206653 1.651880
238.052327 -56.134795 1.651104
237.852186 -53.026390 1.650120
237.664050 -50.066783 1.649795
237.467228 -46.942178 1.650033
237.277381 -43.981278 1.650730
237.080062 -40.924387 1.651072
236.892664 -38.032798 1.651213
236.699939 -35.059056 1.651467
236.522373 -32.247765 1.651942
236.334623 -29.368542 1.652892
236.162448 -26.677219 1.652128
235.997891 -23.967160 1.648102
235.861775 -21.483555 1.641877
235.748210 -19.019446 1.631381
235.678147 -16.746752 1.616651
235.663954 -14.485771 1.594389
235.715902 -12.413082 1.569349
235.827969 -10.427812 1.538854
236.016452 -8.445835 1.500154
236.277895 -6.632568 1.454602
236.644936 -4.868019 1.399477
237.081850 -3.274954 1.342233
237.627676 -1.691791 1.274462
238.286326 -0.158178 1.203812
239.053291 1.248337 1.134692
239.888593 2.610195 1.060428
240.854952 3.911378 0.981459
241.885688 5.102688 0.903935
243.066827 6.273440 0.820981
244.294409 7.281787 0.743484
245.663396 8.272656 0.666568
247.081484 9.142087 0.597444
248.638788 9.973965 0.529243
250.188917 10.696380 0.476869
251.874428 11.400035 0.426955
253.569680 12.011947 0.377302
255.379723 12.559585 0.325010
257.180216 13.015820 0.275361
259.117768 13.407291 0.228617
261.019237 13.725533 0.189295
263.060359 13.980065 0.152513
265.032191 14.189047 0.126057
267.110005 14.368984 0.104404
269.113240 14.504594 0.088142
271.202482 14.618290 0.073725
273.205136 14.710948 0.069444
275.269070 14.833458 0.073142
277.251135 14.953202 0.075656
279.285355 15.075972 0.078027
281.237257 15.202639 0.078031
283.244368 15.327291 0.077865
285.158025 15.448054 0.078590
287.160010 15.580980 0.080358
289.046810 15.708432 0.082012
291.002661 15.840512 0.082568
292.874494 15.965215 0.081379
294.801784 16.088345 0.079786
296.627116 16.198645 0.078327
298.506005 16.316615 0.077152
300.281062 16.422223 0.076024
302.093076 16.530389 0.074821
303.791332 16.630413 0.073932
305.523232 16.721084 0.072970
307.146947 16.813921 0.072045
308.773760 16.905135 0.072699
310.295227 16.994894 0.073637
311.811923 17.088871 0.075797
313.164336 17.176616 0.078408
314.480316 17.263312 0.080140
315.653540 17.343023 0.081502
316.732436 17.416615 0.082682
317.752297 17.486131 0.083603
318.631722 17.550176 0.084442
319.435673 17.605902 0.084981
320.106363 17.654283 0.085242
320.699228 17.695843 0.085547
321.168384 17.728695 0.085724
321.560029 17.756768 0.085832
321.855752 17.777498 0.085944
322.070081 17.792773 0.086315
322.194544 17.801803 0.086347
322.234859 17.805006 0.086200
322.227857 17.804636 0.086434
322.222517 17.803801 0.086324
322.222517 17.803801 0.086324
322.222517 17.803801 0.086324
322.222517 17.803801 0.086324
322.223524 17.804358 0.086304
322.223524 17.804358 0.086304
322.223524 17.804358 0.086304
322.223524 17.804358 0.086304
322.223524 17.804358 0.086304
322.224115 17.804029 0.086352
322.224115 17.804029 0.086352
322.224115 17.804029 0.086352
322.224210 17.804001 0.086378
