-66.203299 9.032948 -0.168316
-66.203299 9.032948 -0.168316
-66.203299 9.032948 -0.168316
-66.203299 9.032948 -0.168316
-66.203299 9.032948 -0.168316
-66.203299 9.032948 -0.168316
-66.203299 9.032948 -0.168316
-66.203299 9.032948 -0.168316
-66.203299 9.032948 -0.168316
-66.203299 9.032948 -0.168316
-66.203299 9.032948 -0.168316
-66.203299 9.032948 -0.168316
-66.203299 9.032948 -0.168316
-66.203299 9.032948 -0.168316
-66.203299 9.032948 -0.168316
-66.203299 9.032948 -0.168316
-66.203299 9.032948 -0.168316
-66.203299 9.032948 -0.168316
-66.203299 9.032948 -0.168316
-66.203299 9.032948 -0.168316
-66.203299 9.032948 -0.168316
-66.203299 9.032948 -0.168316
-66.203299 9.032948 -0.168316
-66.203299 9.032948 -0.168316
-66.203299 9.032948 -0.168316
-66.203299 9.032948 -0.168316
-66.203299 9.032948 -0.168316
-66.203299 9.032948 -0.168316
-66.203299 9.032948 -0.168316
-66.203299 9.032948 -0.168316
-66.203299 9.032948 -0.168316
-66.203299 9.032948 -0.168316
-66.203299 9.032948 -0.168316
-66.160879 9.024991 -0.168330
-65.792450 8.955211 -0.168307
-65.365798 8.875342 -0.168528
-64.904973 8.791569 -0.168442
-64.443915 8.706066 -0.168447
-63.953090 8.612915 -0.168419
-63.475583 8.521233 -0.168478
-62.963499 8.423771 -0.168318
-62.438087 8.327277 -0.168041
-61.920565 8.232333 -0.167753
-61.379805 8.134059 -0.167279
-60.866517 8.042048 -0.166259
-60.328791 7.943410 -0.165003
-59.792666 7.848420 -0.164024
-59.275387 7.762682 -0.161837
-58.736374 7.672339 -0.159230
-58.219845 7.584766 -0.156450
-57.689922 7.497788 -0.154173
-57.163422 7.414089 -0.152050
-56.661051 7.333147 -0.149865
-56.142444 7.253222 -0.147407
-55.645643 7.176385 -0.145077
-55.134581 7.098620 -0.142896
-54.634230 7.026917 -0.140598
-54.168668 6.957758 -0.138391
-53.689238 6.889711 -0.136686
-53.239779 6.818580 -0.136272
-52.773149 6.744479 -0.136003
-52.306155 6.679225 -0.135603
-51.858906 6.618762 -0.135233
-51.419731 6.556601 -0.134483
-51.046106 6.505231 -0.132897
-50.684365 6.453965 -0.129908
-50.345734 6.410082 -0.126099
-50.057429 6.375112 -0.120940
-49.760029 6.344177 -0.114526
-49.456855 6.320198 -0.107192
-49.166242 6.297930 -0.099201
-48.854291 6.278620 -0.090093
-48.549347 6.265062 -0.080754
-48.213819 6.259789 -0.069057
-47.840661 6.246260 -0.055874
-47.443978 6.252308 -0.041540
-46.997068 6.251576 -0.026202
-46.529598 6.255007 -0.009567
-45.986728 6.273264 0.009274
-45.388713 6.302946 0.029624
-44.773213 6.346915 0.050803
-44.083783 6.411329 0.074752
-43.374786 6.480462 0.098449
-42.601217 6.568254 0.124517
-41.774460 6.696821 0.149177
-40.951446 6.857432 0.167873
-40.048446 6.988406 0.180780
-39.115701 7.156618 0.187663
-38.182687 7.326016 0.185434
-37.185776 7.461035 0.173018
-36.194412 7.585464 0.155152
-35.127494 7.694903 0.132988
-34.026872 7.767504 0.107366
-32.945124 7.814909 0.079845
-31.796831 7.826989 0.050501
-30.665986 7.811185 0.021018
-29.451488 7.754114 -0.008969
-28.255956 7.664220 -0.036472
-26.976905 7.542800 -0.061919
-25.675256 7.398525 -0.079988
-24.388543 7.240662 -0.094266
-23.013295 7.072155 -0.104885
-21.658185 6.898720 -0.110371
-20.218923 6.713874 -0.112726
-18.771058 6.532678 -0.111893
-17.374828 6.354229 -0.110067
-15.913507 6.174890 -0.108192
-14.504544 5.997819 -0.106493
-13.023006 5.823483 -0.104937
-11.589293 5.653449 -0.103147
-10.079044 5.480461 -0.101871
-8.559553 5.312128 -0.100647
-7.093174 5.147465 -0.099418
-5.550422 4.979978 -0.097935
-4.058759 4.821426 -0.094210
-2.500062 4.665836 -0.086286
-0.932386 4.529306 -0.077099
0.644275 4.408353 -0.065621
2.142444 4.314821 -0.053683
3.623492 4.246986 -0.040529
5.162143 4.193264 -0.024341
6.690242 4.167769 -0.008078
8.145765 4.165985 0.007732
9.649689 4.185204 0.023893
11.076223 4.230741 0.039313
12.542702 4.303285 0.054935
13.934690 4.395253 0.070126
15.351877 4.507023 0.086267
16.690227 4.642501 0.102146
18.071962 4.806636 0.119648
19.425718 4.989065 0.136743
20.699748 5.175961 0.153353
22.017524 5.412215 0.170895
23.242387 5.637346 0.191331
24.491409 5.897478 0.212485
25.677502 6.196664 0.234004
26.889532 6.503891 0.257611
28.058761 6.855927 0.280754
29.160306 7.203216 0.303720
30.268546 7.586955 0.329228
31.302904 7.978956 0.354419
32.369815 8.408141 0.379370
33.410374 8.856530 0.404072
34.382932 9.305190 0.430639
35.360964 9.815177 0.462191
36.282150 10.313374 0.493738
37.217053 10.867919 0.525559
38.092050 11.427707 0.555102
38.995096 12.018788 0.578066
39.874162 12.607710 0.591818
40.661662 13.138200 0.601272
41.395935 13.633384 0.606406
42.000525 14.059718 0.606533
42.562614 14.419235 0.604906
43.063516 14.743140 0.602928
43.488402 15.025691 0.601098
43.891213 15.280761 0.599274
44.255083 15.524332 0.596675
44.637490 15.773988 0.595364
45.013561 16.008680 0.592659
45.372051 16.240408 0.590108
45.770651 16.482321 0.587178
46.168148 16.728909 0.584359
46.594545 16.998021 0.581650
47.021645 17.262604 0.579054
47.492811 17.554186 0.576930
47.996568 17.864819 0.574486
48.513871 18.184421 0.572310
49.086563 18.535704 0.570419
49.680834 18.899163 0.569229
50.347871 19.305512 0.567969
51.034652 19.721087 0.566334
51.707009 20.132643 0.564727
52.414602 20.561500 0.563638
53.109859 20.976422 0.562808
53.849218 21.428893 0.562618
54.601501 21.890430 0.563969
55.343510 22.342884 0.565477
56.136449 22.823446 0.566840
56.919873 23.304322 0.568120
57.764448 23.824687 0.569870
58.636698 24.359866 0.571097
59.496702 24.894386 0.572769
60.420031 25.467642 0.574473
61.325420 26.036440 0.574214
62.295300 26.634361 0.572564
63.286868 27.246063 0.569502
64.256556 27.843772 0.566031
65.274819 28.456141 0.561542
66.269183 29.048731 0.556676
67.320405 29.670538 0.550449
68.343118 30.257106 0.544540
69.441485 30.886415 0.538651
70.578079 31.525928 0.531794
71.701589 32.137711 0.522542
72.889001 32.768680 0.512426
74.040184 33.369811 0.502706
75.258440 33.980522 0.491245
76.494218 34.586062 0.479031
77.694918 35.154983 0.466952
78.954565 35.730087 0.452512
80.150456 36.244399 0.436083
81.385863 36.757696 0.417775
82.628405 37.235866 0.398648
83.799495 37.665271 0.378695
84.996419 38.080688 0.361519
86.122928 38.453409 0.345666
87.266607 38.808323 0.327716
88.344263 39.123422 0.311854
89.421130 39.418736 0.296599
90.430918 39.686279 0.288277
91.302189 39.928740 0.283341
92.104148 40.138060 0.278735
92.791928 40.318037 0.274891
93.470536 40.490421 0.272862
94.083830 40.648927 0.272045
94.679889 40.807945 0.271909
95.253802 40.960859 0.272462
95.779421 41.101922 0.275927
96.314342 41.258132 0.281929
96.816003 41.410174 0.290963
97.336285 41.578042 0.301947
97.890431 41.769837 0.312468
98.465854 41.956359 0.318406
99.098667 42.160490 0.317240
99.792804 42.360755 0.307287
100.508539 42.544686 0.290936
101.323469 42.726217 0.266546
102.172388 42.892775 0.239558
103.112464 43.049365 0.210260
104.079002 43.161607 0.180172
105.159575 43.295001 0.146873
106.325812 43.366633 0.114969
107.472235 43.409979 0.083668
108.707956 43.442336 0.050296
109.982930 43.406770 0.020637
111.345214 43.369551 -0.002391
112.690533 43.308307 -0.015146
114.138631 43.249869 -0.020439
115.616347 43.184309 -0.025116
117.045943 43.109763 -0.029097
118.566843 43.031402 -0.032425
120.124882 42.946380 -0.035887
121.653641 42.859233 -0.039146
123.283222 42.761647 -0.042946
124.884105 42.663051 -0.047194
126.590709 42.545592 -0.053831
128.260559 42.415729 -0.061503
130.039894 42.260307 -0.070910
131.853038 42.076296 -0.081366
133.622850 41.873459 -0.093665
135.486597 41.628680 -0.110723
137.284685 41.349016 -0.131137
139.176055 41.007791 -0.153534
141.096128 40.635671 -0.169654
142.965645 40.250383 -0.184636
144.901533 39.809784 -0.199343
146.794926 39.368566 -0.212847
148.765341 38.876648 -0.227131
150.688986 38.366011 -0.241387
152.696378 37.803839 -0.254117
154.623143 37.245885 -0.264208
156.652706 36.637322 -0.274781
158.678576 36.007652 -0.285667
160.587673 35.394314 -0.295868
162.591351 34.717271 -0.307807
164.498208 34.045385 -0.319651
166.462454 33.322326 -0.333664
168.346110 32.594865 -0.348727
170.292331 31.809506 -0.366011
172.223685 30.987476 -0.383936
174.057838 30.160950 -0.403834
175.953517 29.252136 -0.425377
177.769603 28.336864 -0.446993
179.638199 27.345862 -0.470035
181.414743 26.343023 -0.493618
183.212006 25.269535 -0.518067
184.918553 24.196719 -0.542528
186.687022 23.019257 -0.567823
188.344432 21.856979 -0.592760
190.037747 20.592640 -0.620557
191.641928 19.321140 -0.647737
193.274679 17.966336 -0.673249
194.811187 16.630182 -0.696951
196.378107 15.193307 -0.722011
197.849614 13.774238 -0.745907
199.352606 12.256309 -0.769445
200.757235 10.777388 -0.790406
202.201966 9.192662 -0.810667
203.617397 7.592736 -0.830030
204.948023 6.030704 -0.848246
206.307736 4.369437 -0.867068
207.582030 2.752748 -0.883139
208.887819 1.047507 -0.899804
210.113317 -0.614376 -0.915426
211.368474 -2.366253 -0.930915
212.552043 -4.064969 -0.944499
213.763895 -5.852411 -0.956742
214.912630 -7.586160 -0.968288
216.089291 -9.418197 -0.979698
217.194015 -11.178148 -0.988028
218.342940 -12.992756 -0.989110
219.456605 -14.718621 -0.984089
220.633412 -16.482933 -0.971145
221.789729 -18.160487 -0.957303
223.017348 -19.877763 -0.939105
224.229112 -21.493515 -0.918911
225.537629 -23.156665 -0.895847
226.824040 -24.719149 -0.872573
228.199283 -26.312540 -0.844304
229.583094 -27.799271 -0.813619
231.069039 -29.296207 -0.779708
232.555198 -30.698149 -0.746075
234.172212 -32.107707 -0.710527
235.857828 -33.479329 -0.671541
237.530292 -34.737812 -0.631891
239.270938 -35.927542 -0.590162
241.169180 -37.098364 -0.545718
243.117305 -38.184935 -0.500709
245.036484 -39.163471 -0.463048
247.084031 -40.140214 -0.431238
249.100523 -41.028705 -0.404815
251.224706 -41.908093 -0.381867
253.295111 -42.718739 -0.362860
255.496882 -43.545006 -0.344635
257.630040 -44.307263 -0.330709
259.878021 -45.082338 -0.318398
262.052811 -45.807281 -0.307726
264.343998 -46.545343 -0.296645
266.668233 -47.272132 -0.285784
268.909866 -47.946034 -0.275640
271.264542 -48.629566 -0.265911
273.547102 -49.270514 -0.257162
275.938008 -49.922720 -0.248103
278.255269 -50.530989 -0.239609
280.679899 -51.141352 -0.230736
283.017657 -51.712936 -0.222910
285.476614 -52.282834 -0.215185
287.823934 -52.819194 -0.209431
290.248177 -53.363761 -0.204043
292.569170 -53.875062 -0.199343
294.965887 -54.393105 -0.194925
297.271909 -54.872131 -0.191133
299.671605 -55.360958 -0.187972
301.995922 -55.832147 -0.188308
304.412868 -56.332818 -0.189017
306.756012 -56.810144 -0.188272
309.203837 -57.306932 -0.186258
311.550254 -57.774478 -0.183804
314.006015 -58.265913 -0.181886
316.359854 -58.737365 -0.180234
318.794444 -59.222131 -0.179773
321.140119 -59.680981 -0.178558
323.559116 -60.156451 -0.177490
325.877419 -60.600977 -0.176325
328.294998 -61.059705 -0.175020
330.615911 -61.502703 -0.174050
332.961168 -61.945529 -0.171839
335.284725 -62.382934 -0.170396
337.648859 -62.815262 -0.168321
339.903747 -63.224808 -0.167278
342.259061 -63.668505 -0.170307
344.559408 -64.123668 -0.172503
346.759039 -64.556588 -0.173002
349.065135 -64.992005 -0.171893
351.243074 -65.396382 -0.170651
353.496621 -65.819702 -0.169853
355.640258 -66.222100 -0.169155
357.862720 -66.638106 -0.168877
359.969791 -67.032713 -0.168581
362.062590 -67.428224 -0.170448
364.235916 -67.836383 -0.171745
366.301968 -68.223954 -0.173400
368.416483 -68.624810 -0.174539
370.392142 -69.004110 -0.175503
372.390073 -69.394181 -0.176532
374.308604 -69.769160 -0.177524
376.091702 -70.128645 -0.178344
377.818740 -70.472844 -0.179184
379.561422 -70.826846 -0.179715
381.185066 -71.147319 -0.180449
382.805536 -71.485425 -0.180590
384.287036 -71.787511 -0.181854
385.766176 -72.091651 -0.184147
387.113943 -72.389641 -0.193986
388.464535 -72.704222 -0.211537
389.703732 -73.057944 -0.238748
390.923230 -73.450232 -0.276034
392.070653 -73.886642 -0.318908
393.210735 -74.390998 -0.370694
394.300726 -74.964542 -0.431745
395.296030 -75.593486 -0.495184
396.284060 -76.304598 -0.569682
397.154537 -77.071514 -0.649759
397.976566 -77.962619 -0.744317
398.670031 -78.898108 -0.844029
399.281400 -79.952791 -0.951644
399.757765 -81.034295 -1.059903
400.131303 -82.228782 -1.174401
400.406633 -83.441850 -1.270895
400.597811 -84.743907 -1.356037
400.729979 -86.042034 -1.417847
400.814326 -87.448760 -1.469836
400.838694 -88.840218 -1.515805
400.813999 -90.341069 -1.552600
400.750616 -91.815988 -1.581333
400.647627 -93.392271 -1.603824
400.516981 -94.959369 -1.622455
400.343694 -96.640874 -1.642680
400.152203 -98.284661 -1.661590
399.910729 -100.042742 -1.679350
399.653716 -101.790898 -1.696390
399.345975 -103.648306 -1.713883
399.011600 -105.452940 -1.731340
398.621873 -107.395672 -1.746214
398.222555 -109.298755 -1.758034
397.776916 -111.317454 -1.769704
397.318635 -113.307023 -1.780818
396.804665 -115.415843 -1.792794
396.279735 -117.469122 -1.803404
395.705898 -119.655971 -1.807229
395.156393 -121.786890 -1.805529
394.578066 -124.064143 -1.802323
394.021189 -126.283939 -1.799495
393.443264 -128.637140 -1.797170
392.887278 -130.897974 -1.794539
392.315033 -133.296884 -1.791376
391.757003 -135.605974 -1.788897
391.179760 -138.039125 -1.786263
390.619842 -140.410411 -1.783903
390.052214 -142.885178 -1.780393
389.509117 -145.287191 -1.777522
388.944607 -147.806617 -1.775152
388.403982 -150.233048 -1.772958
387.844766 -152.788164 -1.771523
387.297931 -155.248320 -1.774858
386.709790 -157.830414 -1.778972
386.135333 -160.301443 -1.783034
385.520700 -162.897218 -1.786837
384.922264 -165.385487 -1.790966
384.287202 -167.972746 -1.796561
383.647405 -170.466777 -1.803402
382.960632 -173.063149 -1.811460
382.275998 -175.559262 -1.821086
381.536634 -178.154435 -1.832982
380.788066 -180.639143 -1.845612
379.985920 -183.201666 -1.858622
379.194139 -185.625528 -1.870767
378.363380 -188.145699 -1.881765
377.511210 -190.568830 -1.892488
376.601961 -193.079579 -1.902396
375.710778 -195.464785 -1.912806
374.735778 -197.971398 -1.924617
373.768314 -200.371152 -1.936939
372.713784 -202.868897 -1.951615
371.657214 -205.269684 -1.967086
370.521569 -207.766730 -1.983409
369.383193 -210.151323 -2.000171
368.144627 -212.635520 -2.017659
366.912337 -214.993713 -2.035035
365.575926 -217.458761 -2.052428
364.253308 -219.810043 -2.066104
362.842339 -222.249552 -2.078630
361.457229 -224.597607 -2.088289
360.005685 -226.998223 -2.098654
358.589492 -229.280043 -2.108597
357.091037 -231.652448 -2.119437
355.635987 -233.888755 -2.130596
354.073788 -236.200309 -2.143983
352.544875 -238.435722 -2.155904
350.922369 -240.760350 -2.168108
349.322488 -242.968244 -2.179401
347.625736 -245.268090 -2.188543
345.960818 -247.483818 -2.192389
344.243677 -249.787149 -2.192510
342.601260 -252.019616 -2.192264
340.877813 -254.352478 -2.191756
339.235205 -256.578694 -2.191895
337.506747 -258.924246 -2.192195
335.845420 -261.173399 -2.193251
334.100856 -263.516061 -2.195618
332.417133 -265.759173 -2.197767
330.664295 -268.091182 -2.200192
328.971233 -270.326883 -2.202668
327.275823 -272.555046 -2.204813
325.501301 -274.877174 -2.206621
323.793479 -277.090618 -2.207124
322.049618 -279.371170 -2.205213
320.389852 -281.568635 -2.202757
318.676728 -283.854476 -2.199850
317.051348 -286.030252 -2.197066
315.377865 -288.287612 -2.194179
313.780365 -290.440934 -2.192374
312.130139 -292.676434 -2.192793
310.549434 -294.799851 -2.194345
308.903681 -297.002884 -2.197560
307.318090 -299.097813 -2.203179
305.645488 -301.277539 -2.208852
304.039795 -303.366464 -2.214475
302.357029 -305.523753 -2.222055
300.716705 -307.588172 -2.230277
298.989999 -309.711450 -2.240761
297.302065 -311.732523 -2.251086
295.495925 -313.836317 -2.261993
293.736213 -315.825839 -2.272891
291.868561 -317.890302 -2.283488
290.055369 -319.871381 -2.293994
288.147017 -321.936507 -2.304640
286.297732 -323.909570 -2.314330
284.319007 -325.965576 -2.324053
282.420369 -327.855472 -2.333450
280.380971 -329.894636 -2.341087
278.425944 -331.836613 -2.348543
276.385928 -333.812437 -2.356324
274.381238 -335.723525 -2.364035
272.308449 -337.668679 -2.372565
270.306599 -339.527598 -2.380430
268.194767 -341.444397 -2.388549
266.179708 -343.248764 -2.395678
264.063014 -345.117487 -2.399369
262.061249 -346.905664 -2.399483
259.962326 -348.765045 -2.400371
257.953929 -350.537628 -2.401018
255.850970 -352.382894 -2.402087
253.849177 -354.156906 -2.402093
251.777976 -355.998784 -2.398942
249.790168 -357.787611 -2.391007
247.839977 -359.594541 -2.380160
245.829447 -361.502695 -2.367676
243.920247 -363.357936 -2.355972
241.950966 -365.302808 -2.345245
240.068072 -367.208381 -2.333946
238.142080 -369.212915 -2.319894
236.299112 -371.185776 -2.306081
234.417628 -373.273247 -2.291750
232.612107 -375.321969 -2.278359
230.754207 -377.479102 -2.264451
228.974742 -379.589388 -2.251845
227.188915 -381.794814 -2.241049
225.432985 -383.985948 -2.231731
223.648293 -386.252736 -2.222252
221.937451 -388.458577 -2.215952
220.157877 -390.777700 -2.212245
218.462342 -392.991394 -2.211808
216.693032 -395.285050 -2.212615
215.001984 -397.481860 -2.213020
213.238594 -399.756140 -2.213325
211.550944 -401.952677 -2.212596
209.788713 -404.241906 -2.211525
208.080002 -406.449445 -2.210753
206.306726 -408.735154 -2.211999
204.580797 -410.955107 -2.212997
202.852093 -413.178169 -2.213583
201.044522 -415.511257 -2.213999
199.300075 -417.769504 -2.214047
197.485897 -420.120263 -2.213928
195.742883 -422.392840 -2.213393
193.921907 -424.768744 -2.211539
192.162395 -427.064497 -2.209741
190.339908 -429.458252 -2.208118
188.510405 -431.852179 -2.207000
186.754155 -434.168166 -2.205592
184.992831 -436.504722 -2.204035
183.149872 -438.942542 -2.202387
181.313905 -441.383724 -2.200656
179.546220 -443.733509 -2.199677
177.785532 -446.078793 -2.198348
176.023577 -448.434696 -2.197247
174.186085 -450.889230 -2.196371
172.432320 -453.234683 -2.196428
170.615252 -455.658827 -2.197353
168.863345 -457.983790 -2.198295
167.038061 -460.405117 -2.200785
165.293324 -462.693175 -2.204429
163.475524 -465.067184 -2.207192
161.729472 -467.347675 -2.208906
160.005201 -469.610288 -2.208326
158.216345 -471.979727 -2.206944
156.511597 -474.225678 -2.204965
154.727164 -476.581896 -2.203313
153.034115 -478.835116 -2.201941
151.278555 -481.158061 -2.200761
149.612657 -483.380029 -2.199354
147.882595 -485.671026 -2.197473
146.234446 -487.888237 -2.193983
144.623879 -490.068820 -2.190710
142.951964 -492.335440 -2.187909
141.363251 -494.504807 -2.185641
139.734094 -496.748092 -2.182943
138.197678 -498.903777 -2.179606
136.607350 -501.141813 -2.176178
135.100681 -503.269676 -2.172906
133.589938 -505.373220 -2.171037
132.045222 -507.553701 -2.168401
130.570790 -509.645042 -2.166767
129.046477 -511.815708 -2.165164
127.610420 -513.865556 -2.167610
126.112956 -515.981715 -2.171023
124.704749 -517.970766 -2.174597
123.249529 -519.995800 -2.178568
121.890412 -521.847820 -2.183788
120.472896 -523.775578 -2.187970
119.121545 -525.601873 -2.192725
117.721492 -527.462824 -2.198222
116.377969 -529.235930 -2.203419
115.049298 -530.979540 -2.209870
113.694826 -532.720489 -2.218492
112.413294 -534.320452 -2.228200
111.093757 -535.906642 -2.243174
109.860031 -537.334124 -2.266722
108.582856 -538.710126 -2.301108
107.351509 -539.908923 -2.340966
106.132388 -540.962773 -2.390357
104.864742 -541.936108 -2.445069
103.665865 -542.717626 -2.506341
102.364306 -543.391214 -2.583598
101.078616 -543.964207 -2.662396
99.728293 -544.451411 -2.742414
98.403246 -544.823774 -2.819564
96.982444 -545.113921 -2.896727
95.601058 -545.275913 -2.968021
94.149229 -545.364625 -3.036534
92.792576 -545.359292 -3.090896
91.451509 -545.321733 -3.136256
90.019712 -545.207855 3.101874
88.646524 -545.043510 3.061973
87.240387 -544.830203 3.021578
85.886514 -544.560441 2.988291
84.466327 -544.260911 2.964482
83.093294 -543.962964 2.949193
81.707912 -543.653624 2.938467
80.246921 -543.309711 2.931356
78.841078 -542.982565 2.927411
77.327984 -542.620492 2.924533
75.840625 -542.277635 2.922876
74.326605 -541.890254 2.922647
72.798451 -541.540101 2.924020
71.225365 -541.160044 2.927577
69.677168 -540.813127 2.932094
68.052469 -540.446247 2.936583
66.488265 -540.101475 2.940583
64.905605 -539.758717 2.945012
63.240154 -539.409263 2.948049
61.633308 -539.068827 2.948346
59.966774 -538.711732 2.945356
58.377090 -538.361048 2.940281
56.739440 -537.990604 2.932873
55.193505 -537.619869 2.920974
53.609484 -537.200958 2.901864
52.116049 -536.770174 2.881529
50.648468 -536.310894 2.860668
49.146431 -535.803510 2.838967
47.732263 -535.285766 2.818592
46.279937 -534.730927 2.799693
44.911477 -534.222475 2.787384
43.501200 -533.610565 2.780639
42.110891 -533.093526 2.781770
40.708254 -532.526926 2.791718
39.335984 -532.013576 2.805186
37.973070 -531.579199 2.825920
36.526836 -531.120120 2.853054
35.098511 -530.748191 2.881392
33.616383 -530.387902 2.913195
32.179162 -530.097239 2.946180
30.669166 -529.832831 2.980104
29.208898 -529.651040 3.013817
27.659880 -529.503119 3.051826
26.152654 -529.432783 3.088152
24.565071 -529.417347 3.120818
23.019382 -529.419199 3.141590
21.469264 -529.409676 -3.132549
19.817876 -529.401348 -3.133789
18.226376 -529.362636 3.140704
16.550735 -529.303584 3.130710
14.921359 -529.233574 3.120598
13.213619 -529.140816 3.109413
11.560831 -529.038315 3.098871
9.836040 -528.911652 3.088568
8.170654 -528.787147 3.079600
6.497149 -528.641687 3.072348
4.754932 -528.490133 3.065046
3.074037 -528.324657 3.058498
1.334118 -528.148305 3.053471
-0.331392 -527.972186 3.048990
-2.062845 -527.779253 3.044496
-3.720297 -527.587884 3.040254
-5.446254 -527.378922 3.036868
-7.105880 -527.171695 3.033489
-8.828996 -526.948397 3.030147
-10.481442 -526.725315 3.026299
-12.132482 -526.502104 3.022954
-13.848373 -526.262180 3.019766
-15.480404 -526.029594 3.016356
-17.164765 -525.770202 3.012572
-18.770191 -525.517812 3.009224
-20.414549 -525.258739 3.005660
-21.979527 -525.006664 3.002681
-23.594584 -524.753485 2.999076
-25.128331 -524.500629 2.996155
-26.704352 -524.233972 2.992176
-28.197323 -523.976182 2.988067
-29.740691 -523.698548 2.984021
-31.205850 -523.430570 2.979990
-32.713384 -523.148039 2.976018
-34.153949 -522.874132 2.972070
-35.648492 -522.583588 2.967832
-37.071891 -522.299361 2.962863
-38.479502 -522.008130 2.956381
-39.930888 -521.692420 2.947381
-41.311159 -521.376994 2.935337
-42.724152 -521.019020 2.916208
-44.058111 -520.632837 2.889560
-45.416433 -520.190165 2.857623
-46.688314 -519.723160 2.826614
-47.912789 -519.227059 2.791270
-49.109840 -518.656911 2.748905
-50.198552 -518.088922 2.707247
-51.254861 -517.462799 2.659303
-52.196142 -516.817070 2.606882
-53.121709 -516.096763 2.545397
-53.954248 -515.337193 2.480941
-54.719456 -514.551345 2.414801
-55.455683 -513.686230 2.342700
-56.092883 -512.802470 2.270228
-56.679012 -511.834324 2.194640
-57.169360 -510.887973 2.121726
-57.593657 -509.871293 2.047262
-57.938849 -508.876041 1.977380
-58.217264 -507.795596 1.904731
-58.425411 -506.728343 1.834158
-58.560402 -505.593968 1.763042
-58.628271 -504.478477 1.700915
-58.648277 -503.369543 1.644213
-58.594255 -502.187389 1.589369
-58.511380 -501.033484 1.541230
-58.355565 -499.820064 1.496528
-58.178414 -498.649130 1.462171
-57.963334 -497.408436 1.434599
-57.732838 -496.202033 1.416206
-57.478407 -494.927690 1.402545
-57.231072 -493.679211 1.392749
-56.959580 -492.413898 1.385162
-56.675808 -491.081700 1.377881
-56.388557 -489.771786 1.372306
-56.075590 -488.382848 1.368434
-55.772782 -487.032416 1.364748
-55.440648 -485.592170 1.361536
-55.111094 -484.189547 1.360269
-54.774091 -482.726101 1.362129
-54.461229 -481.327239 1.365304
-54.136534 -479.872956 1.369090
-53.842242 -478.494122 1.372306
-53.540029 -477.073656 1.376045
-53.263765 -475.720839 1.379233
-52.984773 -474.392164 1.382160
-52.714939 -473.045114 1.384788
-52.458468 -471.806471 1.387168
-52.232603 -470.585772 1.388556
-51.992703 -469.487976 1.389680
-51.783084 -468.429173 1.389557
-51.607939 -467.485317 1.391885
-51.425743 -466.595725 1.395697
-51.288657 -465.792163 1.401159
-51.155375 -465.047091 1.405949
-51.031963 -464.334788 1.409070
-50.922095 -463.702052 1.411644
-50.820712 -463.096363 1.414118
-50.738973 -462.583903 1.416715
-50.661200 -462.083208 1.424755
-50.605776 -461.592037 1.442994
-50.586433 -461.081232 1.470629
-50.577155 -460.516137 1.501745
-50.581828 -459.942812 1.533262
-50.611775 -459.293706 1.562311
-50.626168 -458.626199 1.579487
-50.632743 -457.882159 1.585303
-50.634446 -457.116000 1.584049
-50.619866 -456.257007 1.580063
-50.605238 -455.377331 1.573614
-50.579955 -454.395779 1.564331
-50.535910 -453.390874 1.552206
-50.468253 -452.291126 1.536084
-50.380918 -451.194656 1.519316
-50.260980 -449.991451 1.501120
-50.117419 -448.788187 1.482823
-49.939070 -447.499882 1.463033
-49.740490 -446.222693 1.443990
-49.498883 -444.840181 1.426250
-49.251767 -443.473708 1.413650
-48.973831 -442.015487 1.405015
-48.692049 -440.573773 1.397413
-48.378736 -439.025235 1.390640
-48.063616 -437.500521 1.385239
-47.739419 -435.946911 1.380537
-47.378875 -434.288605 1.377005
-47.028410 -432.654881 1.375284
-46.656480 -430.925028 1.377114
-46.309498 -429.247780 1.380333
-45.944650 -427.480891 1.383918
-45.595555 -425.787924 1.386706
-45.247363 -424.022460 1.390143
-44.915546 -422.309000 1.392737
-44.568527 -420.528869 1.394414
-44.242240 -418.827302 1.395969
-43.901448 -417.019087 1.397934
-43.580376 -415.292689 1.399966
-43.265150 -413.577573 1.403012
-42.945027 -411.800243 1.405999
-42.642278 -410.118571 1.408834
-42.334927 -408.393278 1.410215
-42.040307 -406.752396 1.410350
-41.737485 -405.061863 1.409870
-41.447482 -403.464417 1.409322
-41.152904 -401.811508 1.407524
-40.855524 -400.222964 1.402965
-40.532472 -398.570501 1.395257
-40.197690 -396.975388 1.387035
-39.837841 -395.312520 1.377609
-39.475268 -393.710027 1.368923
-39.079494 -392.033852 1.359986
-38.688025 -390.426525 1.351353
-38.262929 -388.737898 1.343065
-37.845291 -387.118416 1.336185
-37.413127 -385.493976 1.330159
-36.954498 -383.795711 1.325040
-36.506057 -382.164115 1.320800
-36.026935 -380.459330 1.316600
-35.562168 -378.818220 1.313552
-35.068392 -377.104965 1.310091
-34.591481 -375.452924 1.309188
-34.097472 -373.731940 1.310818
-33.640298 -372.094313 1.314684
-33.168800 -370.413657 1.319464
-32.737979 -368.809029 1.324330
-32.303281 -367.155682 1.329601
-31.897272 -365.584400 1.333102
-31.488720 -363.972100 1.335627
-31.106083 -362.466173 1.337593
-30.736907 -360.990846 1.338905
-30.356234 -359.470887 1.340828
-30.001883 -358.040713 1.343035
-29.651645 -356.589928 1.347266
-29.335336 -355.239882 1.352791
-29.033346 -353.880532 1.359291
-28.751902 -352.587463 1.365487
-28.457316 -351.255063 1.371677
-28.190948 -349.995056 1.376491
-27.939630 -348.748762 1.381579
-27.677874 -347.468458 1.387082
-27.437924 -346.245926 1.391563
-27.204860 -344.987204 1.396382
-26.978876 -343.787272 1.401079
-26.730328 -342.549660 1.405020
-26.522138 -341.355597 1.407939
-26.324578 -340.112244 1.412036
-26.103286 -338.896883 1.416410
-25.910617 -337.610536 1.422009
-25.731769 -336.372502 1.431645
-25.538859 -335.068749 1.442021
-25.383215 -333.791077 1.450460
-25.212416 -332.446259 1.457993
-25.056304 -331.136558 1.462596
-24.893735 -329.807969 1.464135
-24.713077 -328.345368 1.461831
-24.537187 -327.035696 1.457563
-24.339215 -325.605605 1.450631
-24.131617 -324.221625 1.441816
-23.896841 -322.753882 1.431151
-23.653754 -321.340037 1.420835
-23.385660 -319.856625 1.410799
-23.114171 -318.419702 1.403561
-22.823310 -316.912223 1.397563
-22.536720 -315.458692 1.391690
-22.224346 -313.949486 1.385974
-21.921168 -312.519944 1.382069
-21.611139 -311.052778 1.378945
-21.311460 -309.667433 1.377101
-21.008114 -308.238723 1.379303
-20.740239 -306.899748 1.383688
-20.473100 -305.561344 1.388651
-20.236756 -304.332597 1.393094
-20.013903 -303.161953 1.396950
-19.796146 -302.006173 1.400100
-19.601914 -300.956290 1.402848
-19.415608 -299.927904 1.405446
-19.249405 -299.000994 1.407692
-19.091024 -298.099723 1.409752
-18.955611 -297.294224 1.411466
-18.821869 -296.549010 1.412375
-18.705642 -295.829433 1.413462
-18.602530 -295.222319 1.414129
-18.508541 -294.678775 1.414823
-18.430972 -294.245185 1.415555
-18.364123 -293.877324 1.415808
-18.323191 -293.591832 1.415951
-18.283923 -293.340706 1.416101
-18.251838 -293.143235 1.417250
-18.222284 -292.993250 1.416833
-18.205214 -292.899082 1.416869
-18.198385 -292.852020 1.417137
-18.198202 -292.852687 1.417109
-18.198680 -292.854320 1.417108
-18.198680 -292.854320 1.417108
-18.198680 -292.854320 1.417108
-18.198680 -292.854320 1.417108
-18.198680 -292.854320 1.417108
-18.198680 -292.854320 1.417108
-18.198680 -292.854320 1.417108
-18.198680 -292.854320 1.417108
-18.198680 -292.854320 1.417108
-18.198680 -292.854320 1.417108
-18.198680 -292.854320 1.417108
-18.198680 -292.854320 1.417108
-18.198680 -292.854320 1.417108
-18.198680 -292.854320 1.417108
-18.198680 -292.854320 1.417108
-18.198680 -292.854320 1.417108
-18.198680 -292.854320 1.417108
-18.198680 -292.854320 1.417108
-18.198680 -292.854320 1.417108
-18.198680 -292.854320 1.417108
-18.198680 -292.854320 1.417108
-18.198680 -292.854320 1.417108
-18.198680 -292.854320 1.417108
-18.198680 -292.854320 1.417108
-18.198680 -292.854320 1.417108
-18.198680 -292.854320 1.417108
-18.198680 -292.854320 1.417108
-18.198680 -292.854320 1.417108
-18.198680 -292.854320 1.417108
-18.198680 -292.854320 1.417108
-18.198680 -292.854320 1.417108
-18.198680 -292.854320 1.417108
-18.198680 -292.854320 1.417108
-18.198680 -292.854320 1.417108
-18.198680 -292.854320 1.417108
-18.198680 -292.854320 1.417108
-18.198680 -292.854320 1.417108
-18.198680 -292.854320 1.417108
-18.198680 -292.854320 1.417108
-18.198680 -292.854320 1.417108
-18.198680 -292.854320 1.417108
-18.198680 -292.854320 1.417108
-18.198680 -292.854320 1.417108
-18.198680 -292.854320 1.417108
-18.198680 -292.854320 1.417108
-18.198680 -292.854320 1.417108
-18.198680 -292.854320 1.417108
-18.198680 -292.854320 1.417108
-18.198680 -292.854320 1.417108
-18.198680 -292.854320 1.417108
-18.198680 -292.854320 1.417108
-18.198680 -292.854320 1.417108
-18.198680 -292.854320 1.417108
-18.198680 -292.854320 1.417108
-18.198680 -292.854320 1.417108
-18.198680 -292.854320 1.417108
-18.198680 -292.854320 1.417108
-18.198680 -292.854320 1.417108
-18.198680 -292.854320 1.417108
-18.198680 -292.854320 1.417108
-18.198680 -292.854320 1.417108
-18.198680 -292.854320 1.417108
-18.198680 -292.854320 1.417108
-18.198680 -292.854320 1.417108
-18.198680 -292.854320 1.417108
-18.198680 -292.854320 1.417108
-18.198680 -292.854320 1.417108
-18.198680 -292.854320 1.417108
-18.198680 -292.854320 1.417108
-18.198680 -292.854320 1.417108
-18.198680 -292.854320 1.417108
-18.198680 -292.854320 1.417108
-18.198680 -292.854320 1.417108
-18.198680 -292.854320 1.417108
-18.198680 -292.854320 1.417108
-18.198680 -292.854320 1.417108
-18.198680 -292.854320 1.417108
-18.198680 -292.854320 1.417108
-18.198680 -292.854320 1.417108
-18.198680 -292.854320 1.417108
-18.198680 -292.854320 1.417108
-18.198680 -292.854320 1.417108
-18.198680 -292.854320 1.417108
-18.198680 -292.854320 1.417108
-18.198680 -292.854320 1.417108
-18.198680 -292.854320 1.417108
-18.198680 -292.854320 1.417108
-18.198680 -292.854320 1.417108
-18.198680 -292.854320 1.417108
-18.198680 -292.854320 1.417108
-18.198680 -292.854320 1.417108
-18.198680 -292.854320 1.417108
-18.198680 -292.854320 1.417108
-18.198680 -292.854320 1.417108
-18.198680 -292.854320 1.417108
-18.198680 -292.854320 1.417108
-18.198680 -292.854320 1.417108
-18.198680 -292.854320 1.417108
-18.198680 -292.854320 1.417108
-18.198680 -292.854320 1.417108
-18.198680 -292.854320 1.417108
-18.198680 -292.854320 1.417108
-18.198680 -292.854320 1.417108
-18.198680 -292.854320 1.417108
-18.198680 -292.854320 1.417108
-18.198680 -292.854320 1.417108
-18.198680 -292.854320 1.417108
-18.198680 -292.854320 1.417108
-18.198680 -292.854320 1.417108
-18.198680 -292.854320 1.417108
-18.198680 -292.854320 1.417108
-18.198680 -292.854320 1.417108
-18.198680 -292.854320 1.417108
-18.200006 -292.859028 1.417041
-18.200006 -292.859028 1.417041
-18.200006 -292.859028 1.417041
-18.200006 -292.859028 1.417041
-18.200006 -292.859028 1.417041
-18.200006 -292.859028 1.417041
-18.200006 -292.859028 1.417041
-18.200006 -292.859028 1.417041
-18.200006 -292.859028 1.417041
-18.200006 -292.859028 1.417041
-18.200006 -292.859028 1.417041
-18.200006 -292.859028 1.417041
-18.200006 -292.859028 1.417041
-18.200006 -292.859028 1.417041
-18.200006 -292.859028 1.417041
-18.200006 -292.859028 1.417041
-18.200006 -292.859028 1.417041
-18.200006 -292.859028 1.417041
-18.200006 -292.859028 1.417041
-18.200006 -292.859028 1.417041
-18.200006 -292.859028 1.417041
-18.200006 -292.859028 1.417041
-18.200006 -292.859028 1.417041
-18.200006 -292.859028 1.417041
-18.200006 -292.859028 1.417041
-18.200006 -292.859028 1.417041
-18.200006 -292.859028 1.417041
-18.200006 -292.859028 1.417041
-18.200006 -292.859028 1.417041
-18.200006 -292.859028 1.417041
-18.200006 -292.859028 1.417041
-18.200006 -292.859028 1.417041
-18.200006 -292.859028 1.417041
-18.200006 -292.859028 1.417041
-18.200006 -292.859028 1.417041
-18.200006 -292.859028 1.417041
-18.200006 -292.859028 1.417041
-18.200006 -292.859028 1.417041
-18.200006 -292.859028 1.417041
-18.200006 -292.859028 1.417041
-18.200006 -292.859028 1.417041
-18.200006 -292.859028 1.417041
-18.200006 -292.859028 1.417041
-18.200006 -292.859028 1.417041
-18.200006 -292.859028 1.417041
-18.200006 -292.859028 1.417041
-18.200006 -292.859028 1.417041
-18.200006 -292.859028 1.417041
-18.200006 -292.859028 1.417041
-18.200006 -292.859028 1.417041
-18.200006 -292.859028 1.417041
-18.200006 -292.859028 1.417041
-18.200006 -292.859028 1.417041
-18.200006 -292.859028 1.417041
-18.200006 -292.859028 1.417041
-18.200006 -292.859028 1.417041
-18.200006 -292.859028 1.417041
-18.200006 -292.859028 1.417041
-18.200006 -292.859028 1.417041
-18.200006 -292.859028 1.417041
-18.200006 -292.859028 1.417041
-18.200006 -292.859028 1.417041
-18.200006 -292.859028 1.417041
-18.200006 -292.859028 1.417041
-18.200006 -292.859028 1.417041
-18.200006 -292.859028 1.417041
-18.200006 -292.859028 1.417041
-18.200006 -292.859028 1.417041
-18.200006 -292.859028 1.417041
-18.200006 -292.859028 1.417041
-18.200006 -292.859028 1.417041
-18.200006 -292.859028 1.417041
-18.200006 -292.859028 1.417041
-18.200006 -292.859028 1.417041
-18.200006 -292.859028 1.417041
-18.200006 -292.859028 1.417041
-18.200006 -292.859028 1.417041
-18.200006 -292.859028 1.417041
-18.200006 -292.859028 1.417041
-18.200006 -292.859028 1.417041
-18.200006 -292.859028 1.417041
-18.200006 -292.859028 1.417041
-18.200006 -292.859028 1.417041
-18.200006 -292.859028 1.417041
-18.200006 -292.859028 1.417041
-18.200006 -292.859028 1.417041
-18.200006 -292.859028 1.417041
-18.200006 -292.859028 1.417041
-18.200006 -292.859028 1.417041
-18.200006 -292.859028 1.417041
-18.200006 -292.859028 1.417041
-18.200006 -292.859028 1.417041
-18.200006 -292.859028 1.417041
-18.200006 -292.859028 1.417041
-18.200006 -292.859028 1.417041
-18.200006 -292.859028 1.417041
-18.200006 -292.859028 1.417041
-18.200006 -292.859028 1.417041
-18.200006 -292.859028 1.417041
-18.200006 -292.859028 1.417041
-18.200006 -292.859028 1.417041
-18.200006 -292.859028 1.417041
-18.200006 -292.859028 1.417041
-18.200006 -292.859028 1.417041
-18.200006 -292.859028 1.417041
-18.200006 -292.859028 1.417041
-18.200006 -292.859028 1.417041
-18.200006 -292.859028 1.417041
-18.200006 -292.859028 1.417041
-18.200006 -292.859028 1.417041
-18.200006 -292.859028 1.417041
-18.200006 -292.859028 1.417041
-18.200006 -292.859028 1.417041
-18.200006 -292.859028 1.417041
-18.200006 -292.859028 1.417041
-18.200006 -292.859028 1.417041
-18.200006 -292.859028 1.417041
-18.200006 -292.859028 1.417041
-18.200006 -292.859028 1.417041
-18.200006 -292.859028 1.417041
-18.200006 -292.859028 1.417041
-18.200006 -292.859028 1.417041
-18.200006 -292.859028 1.417041
-18.200006 -292.859028 1.417041
-18.200006 -292.859028 1.417041
-18.200006 -292.859028 1.417041
-18.200006 -292.859028 1.417041
-18.200006 -292.859028 1.417041
-18.200006 -292.859028 1.417041
-18.200006 -292.859028 1.417041
-18.200006 -292.859028 1.417041
-18.200006 -292.859028 1.417041
-18.200006 -292.859028 1.417041
-18.200006 -292.859028 1.417041
-18.200006 -292.859028 1.417041
-18.200006 -292.859028 1.417041
-18.200006 -292.859028 1.417041
-18.200006 -292.859028 1.417041
-18.200006 -292.859028 1.417041
-18.200006 -292.859028 1.417041
-18.200006 -292.859028 1.417041
-18.200006 -292.859028 1.417041
-18.200006 -292.859028 1.417041
-18.200006 -292.859028 1.417041
-18.200006 -292.859028 1.417041
-18.200006 -292.859028 1.417041
-18.200006 -292.859028 1.417041
-18.200006 -292.859028 1.417041
-18.200006 -292.859028 1.417041
-18.200006 -292.859028 1.417041
-18.200006 -292.859028 1.417041
-18.200006 -292.859028 1.417041
-18.200006 -292.859028 1.417041
-18.200006 -292.859028 1.417041
-18.200006 -292.859028 1.417041
-18.200006 -292.859028 1.417041
-18.200006 -292.859028 1.417041
-18.200006 -292.859028 1.417041
-18.200006 -292.859028 1.417041
-18.200006 -292.859028 1.417041
-18.200006 -292.859028 1.417041
-18.200006 -292.859028 1.417041
-18.200006 -292.859028 1.417041
-18.200006 -292.859028 1.417041
-18.200006 -292.859028 1.417041
-18.200006 -292.859028 1.417041
-18.200006 -292.859028 1.417041
-18.200006 -292.859028 1.417041
-18.200006 -292.859028 1.417041
-18.200005 -292.858939 1.417018
-18.200005 -292.858939 1.417018
-18.200005 -292.858939 1.417018
-18.200005 -292.858939 1.417018
-18.200005 -292.858939 1.417018
-18.200005 -292.858939 1.417018
-18.200005 -292.858939 1.417018
-18.200005 -292.858939 1.417018
-18.200005 -292.858939 1.417018
-18.200005 -292.858939 1.417018
-18.200005 -292.858939 1.417018
-18.200005 -292.858939 1.417018
-18.200005 -292.858939 1.417018
-18.200005 -292.858939 1.417018
-18.200005 -292.858939 1.417018
-18.200005 -292.858939 1.417018
-18.200005 -292.858939 1.417018
-18.200005 -292.858939 1.417018
-18.200005 -292.858939 1.417018
-18.200005 -292.858939 1.417018
-18.200005 -292.858939 1.417018
-18.200005 -292.858939 1.417018
-18.200005 -292.858939 1.417018
-18.200005 -292.858939 1.417018
-18.200005 -292.858939 1.417018
-18.200005 -292.858939 1.417018
-18.200005 -292.858939 1.417018
-18.200005 -292.858939 1.417018
-18.200005 -292.858939 1.417018
-18.200005 -292.858939 1.417018
-18.200005 -292.858939 1.417018
-18.200005 -292.858939 1.417018
-18.200005 -292.858939 1.417018
-18.200005 -292.858939 1.417018
-18.200005 -292.858939 1.417018
-18.200005 -292.858939 1.417018
-18.200005 -292.858939 1.417018
-18.200005 -292.858939 1.417018
-18.200005 -292.858939 1.417018
-18.200005 -292.858939 1.417018
-18.200005 -292.858939 1.417018
-18.200005 -292.858939 1.417018
-18.200005 -292.858939 1.417018
-18.200005 -292.858939 1.417018
-18.200005 -292.858939 1.417018
-18.200005 -292.858939 1.417018
-18.200005 -292.858939 1.417018
-18.200005 -292.858939 1.417018
-18.200005 -292.858939 1.417018
-18.200005 -292.858939 1.417018
-18.200005 -292.858939 1.417018
-18.200005 -292.858939 1.417018
-18.200005 -292.858939 1.417018
-18.200005 -292.858939 1.417018
-18.200005 -292.858939 1.417018
-18.200005 -292.858939 1.417018
-18.198941 -292.852364 1.417035
-18.191081 -292.811227 1.417099
-18.173238 -292.704435 1.417178
-18.145171 -292.542986 1.417429
-18.100917 -292.288680 1.417591
-18.046334 -291.952074 1.418115
-17.968030 -291.505495 1.418857
-17.870939 -290.973830 1.418843
-17.769760 -290.328832 1.419367
-17.640168 -289.593332 1.420241
-17.496834 -288.727386 1.420868
-17.340553 -287.806331 1.422099
-17.162832 -286.751434 1.422983
-16.988206 -285.661539 1.423431
-16.776082 -284.444378 1.421162
-16.558899 -283.194745 1.419037
-16.325840 -281.802749 1.417002
-16.074928 -280.396490 1.414734
-15.817163 -278.866726 1.410904
-15.540498 -277.345093 1.407595
-15.238883 -275.661995 1.403535
-14.936690 -274.029410 1.399558
-14.626751 -272.381879 1.397018
-14.318017 -270.800971 1.396846
-14.004021 -269.114714 1.396988
-13.692070 -267.502852 1.397961
-13.364461 -265.806658 1.397919
-13.038323 -264.135253 1.397843
-12.708957 -262.367834 1.398635
-12.381073 -260.645020 1.399132
-12.041970 -258.813106 1.400243
-11.716188 -257.025486 1.402379
-11.359173 -255.129620 1.403182
-11.025575 -253.249943 1.405701
-10.654986 -251.289807 1.405929
-10.307838 -249.363823 1.407845
-9.937153 -247.310861 1.408702
-9.584545 -245.315392 1.410258
-9.217239 -243.211501 1.411378
-8.856745 -241.155232 1.412423
-8.478851 -238.984873 1.413699
-8.113744 -236.878098 1.414969
-7.737473 -234.637657 1.416435
-7.372387 -232.485545 1.417143
-6.984972 -230.211494 1.416669
-6.601296 -227.993268 1.416052
-6.198404 -225.672984 1.415468
-5.798042 -223.420983 1.414688
-5.369726 -221.047046 1.412921
-4.958586 -218.749016 1.412017
-4.531539 -216.335308 1.410737
-4.114469 -213.981149 1.409350
-3.667238 -211.516483 1.406837
-3.230615 -209.134391 1.405128
-2.787166 -206.718645 1.403204
-2.306198 -204.193122 1.401589
-1.842522 -201.739177 1.401638
-1.370594 -199.188836 1.401556
-0.920216 -196.783156 1.401674
-0.454945 -194.266385 1.402016
-0.017233 -191.885848 1.402176
0.438235 -189.425029 1.402781
0.874564 -187.057667 1.403709
1.332149 -184.598709 1.404613
1.769837 -182.235039 1.405517
2.222496 -179.760488 1.406335
2.658938 -177.393091 1.407132
3.104591 -174.929018 1.407715
3.525892 -172.579944 1.408134
3.959968 -170.158515 1.408746
4.370286 -167.846104 1.410942
4.779067 -165.466285 1.416899
5.155246 -163.198666 1.422622
5.531260 -160.825943 1.427335
5.883787 -158.568142 1.427582
6.263056 -156.222023 1.423025
6.640914 -153.978096 1.418463
7.053112 -151.619152 1.413510
7.461261 -149.351357 1.408347
7.904910 -146.986397 1.403056
8.343476 -144.682675 1.398037
8.815860 -142.279669 1.392804
9.284173 -139.981174 1.387979
9.787657 -137.578594 1.384683
10.265018 -135.239138 1.382932
10.767647 -132.794870 1.381690
11.267115 -130.443071 1.380466
11.784017 -127.972933 1.380453
12.280022 -125.586587 1.382538
12.787436 -123.048820 1.387293
13.260874 -120.620412 1.391592
13.765629 -118.074720 1.395664
14.233843 -115.584262 1.399427
14.720868 -112.973462 1.401108
15.181826 -110.473798 1.402521
15.669784 -107.820495 1.403761
16.138970 -105.274451 1.405048
16.623842 -102.610164 1.406418
17.086174 -100.032053 1.407716
17.569439 -97.337746 1.409637
18.023133 -94.745793 1.412419
18.499971 -92.016158 1.415327
18.943505 -89.389977 1.418390
19.399042 -86.647870 1.420517
19.838127 -83.995301 1.422421
20.277207 -81.345085 1.421577
20.742699 -78.584120 1.419913
21.191301 -75.925398 1.418328
21.657208 -73.174176 1.416685
22.105769 -70.549092 1.415234
22.578665 -67.832148 1.413666
23.040260 -65.245165 1.412205
23.520034 -62.560375 1.411085
23.993813 -60.017357 1.409455
24.460524 -57.373453 1.409079
24.904071 -54.857766 1.409080
25.364969 -52.263862 1.410927
25.794772 -49.795407 1.412316
26.240515 -47.231424 1.413825
26.673755 -44.781628 1.415071
27.112581 -42.269713 1.416195
27.536490 -39.856709 1.417324
27.967472 -37.382209 1.417757
28.371116 -35.043858 1.418246
28.765630 -32.615915 1.416753
29.162023 -30.351442 1.412174
29.582581 -28.029985 1.407713
29.987066 -25.841239 1.402901
30.427675 -23.613024 1.393343
30.874504 -21.494931 1.382451
31.356790 -19.320323 1.370596
31.835858 -17.267937 1.358616
32.346518 -15.152790 1.344819
32.856592 -13.182134 1.330828
33.426101 -11.175509 1.316004
34.006742 -9.226438 1.301554
34.606369 -7.357000 1.285504
35.255421 -5.399426 1.266557
35.925199 -3.525483 1.240427
36.707373 -1.573513 1.206301
37.556567 0.313282 1.174721
38.426810 2.115073 1.140700
39.401952 3.967149 1.108289
40.410890 5.757039 1.073974
41.525962 7.555426 1.036330
42.689987 9.256215 0.998545
43.987089 10.989343 0.954550
45.288910 12.600959 0.912837
46.753136 14.241115 0.868490
48.223583 15.771696 0.825354
49.831034 17.291806 0.780951
51.476792 18.723267 0.738382
53.250495 20.134573 0.696793
55.007058 21.448599 0.665020
56.908303 22.799802 0.637570
58.763274 24.058181 0.617466
60.638667 25.291856 0.601398
62.597525 26.549841 0.586650
64.476464 27.719282 0.573115
66.431889 28.897307 0.560740
68.328731 30.007599 0.548591
70.293335 31.128139 0.536137
72.191646 32.177926 0.523285
74.182073 33.228795 0.506663
76.114804 34.202055 0.489481
78.145570 35.180736 0.466258
80.109325 36.049030 0.439918
82.175061 36.897717 0.412448
84.186890 37.665910 0.386540
86.277022 38.406972 0.359537
88.307779 39.065351 0.332789
90.432524 39.685081 0.305011
92.490127 40.230577 0.278372
94.647479 40.734732 0.249769
96.728885 41.164872 0.222141
98.897918 41.542234 0.195806
101.008921 41.862563 0.172827
103.198792 42.147451 0.149107
105.303866 42.365033 0.126253
107.542566 42.559660 0.103970
109.636489 42.690017 0.085098
111.862958 42.802111 0.067478
114.005591 42.872134 0.050526
116.241444 42.901676 0.032375
118.403040 42.888619 0.015241
120.671496 42.840831 -0.001672
122.862029 42.764183 -0.016739
125.155858 42.657610 -0.032625
127.369847 42.522882 -0.048046
129.676705 42.340271 -0.064315
131.902691 42.130056 -0.079437
134.227242 41.874558 -0.096037
136.467487 41.591283 -0.112113
138.806257 41.249001 -0.129086
141.051002 40.879347 -0.145777
143.408107 40.447354 -0.162744
145.646220 39.995548 -0.180002
148.002667 39.481161 -0.199993
150.268650 38.934249 -0.219573
152.625919 38.309464 -0.240277
154.883584 37.664229 -0.260047
157.233611 36.943735 -0.280813
159.466173 36.210616 -0.298387
161.763600 35.419858 -0.315439
163.954637 34.622333 -0.331804
166.201610 33.754601 -0.349201
168.345539 32.883824 -0.367594
170.565700 31.930721 -0.389631
172.677837 30.960142 -0.412374
174.771046 29.935626 -0.435455
176.961056 28.802033 -0.459183
179.060089 27.661019 -0.483033
181.227637 26.394546 -0.510623
183.300908 25.111494 -0.536626
185.441395 23.708557 -0.564259
187.481667 22.290382 -0.590706
189.565586 20.755096 -0.618380
191.544964 19.208169 -0.645273
193.560441 17.543186 -0.675169
195.443182 15.890481 -0.704183
197.359587 14.099519 -0.734727
199.151083 12.316393 -0.764075
200.932473 10.436023 -0.793450
202.595089 8.585941 -0.821212
204.261225 6.636392 -0.848606
205.801498 4.737642 -0.871493
207.352713 2.736924 -0.893467
208.786699 0.805770 -0.914514
210.227241 -1.222507 -0.934504
211.574820 -3.180772 -0.950287
212.939933 -5.220484 -0.963588
214.219142 -7.177709 -0.975163
215.518668 -9.225258 -0.986167
216.742734 -11.193309 -0.990758
218.030072 -13.223572 -0.991343
219.278691 -15.175628 -0.992767
220.577124 -17.202427 -0.988422
221.854807 -19.142474 -0.973519
223.225026 -21.117936 -0.948335
224.605221 -22.977169 -0.920600
226.042694 -24.799921 -0.890811
227.593619 -26.640114 -0.855413
229.171244 -28.358429 -0.818690
230.878509 -30.075994 -0.776567
232.606616 -31.665940 -0.733610
234.497682 -33.249616 -0.687589
236.376890 -34.704253 -0.642852
238.418469 -36.132774 -0.594485
240.473404 -37.407325 -0.547395
242.687443 -38.636393 -0.498163
244.854199 -39.737004 -0.455614
247.181297 -40.819609 -0.419855
249.455264 -41.794194 -0.389045
251.873707 -42.723178 -0.359391
254.241866 -43.583770 -0.337027
256.740386 -44.448609 -0.313827
259.176996 -45.223743 -0.294548
261.744330 -46.002773 -0.279153
264.233706 -46.723382 -0.265467
266.863668 -47.453427 -0.253537
269.402309 -48.131905 -0.244891
272.070263 -48.828798 -0.239273
274.655640 -49.493274 -0.234379
277.368592 -50.181708 -0.229554
280.103743 -50.853277 -0.224489
282.736649 -51.483965 -0.218925
285.375132 -52.102867 -0.214237
288.033388 -52.713155 -0.208785
290.801474 -53.338690 -0.203771
293.583884 -53.951823 -0.199681
296.266683 -54.531897 -0.196875
298.958756 -55.102878 -0.195785
301.779478 -55.698423 -0.194782
304.474003 -56.265589 -0.193698
307.273307 -56.843815 -0.191267
309.946098 -57.388869 -0.187777
312.717927 -57.945495 -0.184450
315.367168 -58.476090 -0.181278
318.097779 -59.023704 -0.179294
320.708081 -59.531046 -0.176961
323.427431 -60.056046 -0.175290
326.014954 -60.548019 -0.175563
328.709674 -61.067601 -0.177345
331.295798 -61.569952 -0.178681
333.929222 -62.095739 -0.180050
336.533897 -62.608312 -0.180799
339.168762 -63.126903 -0.180543
341.712996 -63.630245 -0.179463
344.326837 -64.156632 -0.178423
346.805733 -64.655841 -0.177188
349.401412 -65.155583 -0.175985
351.813047 -65.614516 -0.173951
354.240868 -66.073237 -0.170993
356.503085 -66.497012 -0.168669
358.808278 -66.919620 -0.167117
360.983499 -67.330149 -0.170347
363.224567 -67.756165 -0.173115
365.321622 -68.155896 -0.173887
367.461663 -68.555297 -0.173436
369.454328 -68.930096 -0.172546
371.496782 -69.316158 -0.171807
373.395016 -69.675923 -0.171335
375.303415 -70.040851 -0.170571
377.076775 -70.378596 -0.170252
378.880668 -70.723735 -0.169418
380.588568 -71.044273 -0.169192
382.304647 -71.370727 -0.168076
383.879494 -71.674399 -0.168263
385.397798 -71.960881 -0.167749
386.909686 -72.253979 -0.170353
388.293967 -72.523126 -0.182328
389.658604 -72.862640 -0.210009
390.926776 -73.236374 -0.252558
392.210109 -73.708045 -0.308456
393.372738 -74.235209 -0.372363
394.535802 -74.862816 -0.444225
395.589864 -75.560192 -0.519884
396.605552 -76.366251 -0.609745
397.499170 -77.247629 -0.699942
398.336861 -78.255433 -0.798142
399.065153 -79.312940 -0.894168
399.713654 -80.495309 -0.992104
400.239645 -81.696563 -1.085094
400.707867 -83.030511 -1.181849
401.033890 -84.384645 -1.274943
401.253947 -85.846941 -1.369470
401.341075 -87.310807 -1.449752
401.355379 -88.884751 -1.513005
401.316368 -90.453343 -1.562977
401.195530 -92.123004 -1.596080
401.071867 -93.777298 -1.619768
400.881074 -95.553102 -1.646868
400.644434 -97.302131 -1.672495
400.354817 -99.182968 -1.700441
400.018303 -101.043400 -1.725913
399.613630 -103.033895 -1.747443
399.191106 -104.985826 -1.762023
398.720395 -107.081970 -1.772219
398.250580 -109.156156 -1.776136
397.743950 -111.360157 -1.779577
397.238638 -113.537128 -1.780965
396.703230 -115.859213 -1.782098
396.176524 -118.132654 -1.783655
395.602203 -120.551246 -1.786378
395.039331 -122.905500 -1.788006
394.438435 -125.401727 -1.788884
393.861055 -127.835472 -1.788373
393.250193 -130.402228 -1.788597
392.659693 -132.909881 -1.788167
392.029283 -135.544523 -1.788352
391.415726 -138.103863 -1.788376
390.767925 -140.806828 -1.789006
390.146731 -143.402632 -1.789159
389.492503 -146.146255 -1.789638
388.860101 -148.792318 -1.788958
388.203814 -151.552965 -1.787660
387.580109 -154.191741 -1.786741
386.938479 -156.929175 -1.785845
386.328136 -159.544248 -1.785309
385.690693 -162.261988 -1.786224
385.068561 -164.872599 -1.789831
384.406906 -167.570660 -1.796764
383.741344 -170.156721 -1.804942
383.020072 -172.839825 -1.814884
382.301852 -175.403093 -1.825993
381.524275 -178.065158 -1.838476
380.744321 -180.610114 -1.850677
379.901644 -183.257953 -1.863360
379.063477 -185.781281 -1.875742
378.177646 -188.413350 -1.887073
377.229601 -191.063335 -1.898581
376.293498 -193.597509 -1.908185
375.334652 -196.109469 -1.919432
374.281552 -198.760151 -1.931934
373.235898 -201.286671 -1.946086
372.093569 -203.909389 -1.962380
370.959879 -206.421145 -1.978123
369.736645 -209.027706 -1.995567
368.506480 -211.526881 -2.012748
367.174288 -214.102506 -2.029492
365.862885 -216.574239 -2.043154
364.455460 -219.145496 -2.057541
363.067693 -221.582788 -2.071599
361.598718 -224.090904 -2.085538
360.166785 -226.460654 -2.097686
358.652676 -228.895778 -2.109729
357.170433 -231.225374 -2.121145
355.621182 -233.607311 -2.132058
354.098086 -235.869311 -2.141475
352.489601 -238.252240 -2.149390
350.939779 -240.527708 -2.156840
349.296311 -242.871929 -2.164938
347.702053 -245.113589 -2.172811
346.007854 -247.434208 -2.181428
344.376487 -249.636494 -2.189339
342.670183 -251.938869 -2.192760
341.027955 -254.159944 -2.192093
339.332803 -256.451677 -2.191762
337.695735 -258.674866 -2.191646
335.995333 -260.983198 -2.191449
334.361176 -263.195457 -2.191799
332.653003 -265.492272 -2.193145
331.024996 -267.680605 -2.194323
329.335530 -269.946402 -2.195675
327.724005 -272.102413 -2.196933
326.044307 -274.334687 -2.198441
324.434006 -276.464814 -2.199674
322.760913 -278.654198 -2.201990
321.184771 -280.738228 -2.203921
319.527361 -282.916059 -2.206359
317.954802 -284.975017 -2.206567
316.327183 -287.119628 -2.206722
314.774867 -289.152083 -2.206861
313.173067 -291.245217 -2.207065
311.684289 -293.206043 -2.207153
310.168705 -295.183822 -2.207004
308.761885 -297.028797 -2.206758
307.401979 -298.812274 -2.207101
306.022778 -300.614783 -2.207357
304.748905 -302.291715 -2.207766
303.481442 -303.963635 -2.211490
302.283251 -305.494847 -2.221086
301.062812 -307.003573 -2.240325
299.892826 -308.341176 -2.272500
298.650497 -309.612832 -2.320809
297.433280 -310.683585 -2.381474
296.127632 -311.676286 -2.449288
294.802084 -312.521120 -2.523071
293.357250 -313.271649 -2.602054
291.920787 -313.876006 -2.678615
290.385242 -314.417191 -2.754686
288.891525 -314.849349 -2.823917
287.267681 -315.178426 -2.892554
285.648598 -315.444110 -2.950664
283.935439 -315.609330 -3.007164
282.264215 -315.703299 -3.055048
280.495465 -315.705408 -3.100089
278.728451 -315.665074 -3.135448
276.896199 -315.572394 3.115772
275.088347 -315.446286 3.094854
273.150701 -315.272529 3.074570
271.272180 -315.064057 3.056026
269.283856 -314.813107 3.038104
267.339018 -314.552902 3.024622
265.281519 -314.250245 3.014956
263.266647 -313.945144 3.008609
261.147941 -313.605048 3.000969
259.084200 -313.268834 2.994742
256.911995 -312.899495 2.990245
254.712267 -312.522815 2.987939
252.587708 -312.153631 2.985431
250.334426 -311.760899 2.983183
248.164942 -311.378553 2.980558
245.877077 -310.971408 2.978313
243.677470 -310.574907 2.976583
241.379061 -310.160893 2.976783
239.195162 -309.770085 2.977242
236.946688 -309.365358 2.978080
234.789643 -308.973687 2.979046
232.615203 -308.587332 2.979583
230.608078 -308.222490 2.980874
228.617996 -307.872366 2.983145
226.840772 -307.559677 2.984290
225.106269 -307.260819 2.985259
223.565015 -306.997251 2.985748
222.142620 -306.749356 2.983606
220.815452 -306.504568 2.981929
219.359700 -306.246901 2.981653
218.065360 -306.020393 2.980620
216.828102 -305.784766 2.977964
215.580548 -305.558058 2.976149
214.270730 -305.313778 2.975116
213.091447 -305.088236 2.974560
211.902540 -304.871265 2.974569
210.846945 -304.673207 2.974326
209.868140 -304.491231 2.974312
209.013891 -304.330030 2.974175
208.275631 -304.193389 2.973454
207.607296 -304.081072 2.973779
207.062823 -303.970012 2.973516
206.565540 -303.886215 2.973501
206.159243 -303.806900 2.973506
205.809094 -303.743189 2.973346
205.553980 -303.698307 2.973062
205.380504 -303.668431 2.972987
205.288053 -303.651287 2.972812
205.258742 -303.645810 2.972866
205.266097 -303.646939 2.972839
205.268178 -303.647801 2.972834
205.268178 -303.647801 2.972834
205.268178 -303.647801 2.972834
205.268178 -303.647801 2.972834
205.268178 -303.647801 2.972834
205.268178 -303.647801 2.972834
205.268178 -303.647801 2.972834
205.268178 -303.647801 2.972834
205.268178 -303.647801 2.972834
205.268178 -303.647801 2.972834
205.268178 -303.647801 2.972834
205.268178 -303.647801 2.972834
205.268178 -303.647801 2.972834
205.268178 -303.647801 2.972834
205.268178 -303.647801 2.972834
205.268178 -303.647801 2.972834
205.268178 -303.647801 2.972834
205.268178 -303.647801 2.972834
205.268178 -303.647801 2.972834
205.268178 -303.647801 2.972834
205.268178 -303.647801 2.972834
205.268178 -303.647801 2.972834
205.268178 -303.647801 2.972834
205.268178 -303.647801 2.972834
205.268178 -303.647801 2.972834
205.268178 -303.647801 2.972834
205.268178 -303.647801 2.972834
205.268178 -303.647801 2.972834
205.268178 -303.647801 2.972834
205.268178 -303.647801 2.972834
205.268178 -303.647801 2.972834
205.268178 -303.647801 2.972834
205.268178 -303.647801 2.972834
205.268178 -303.647801 2.972834
205.268178 -303.647801 2.972834
205.268178 -303.647801 2.972834
205.268178 -303.647801 2.972834
205.268178 -303.647801 2.972834
205.268178 -303.647801 2.972834
205.268178 -303.647801 2.972834
205.268178 -303.647801 2.972834
205.268178 -303.647801 2.972834
205.268178 -303.647801 2.972834
205.268178 -303.647801 2.972834
205.268178 -303.647801 2.972834
205.268178 -303.647801 2.972834
205.268178 -303.647801 2.972834
205.268178 -303.647801 2.972834
205.268178 -303.647801 2.972834
205.268178 -303.647801 2.972834
205.268178 -303.647801 2.972834
205.268178 -303.647801 2.972834
205.268178 -303.647801 2.972834
205.268178 -303.647801 2.972834
205.268178 -303.647801 2.972834
205.268178 -303.647801 2.972834
205.268178 -303.647801 2.972834
205.268178 -303.647801 2.972834
205.268178 -303.647801 2.972834
205.268178 -303.647801 2.972834
205.268178 -303.647801 2.972834
205.268178 -303.647801 2.972834
205.268178 -303.647801 2.972834
205.268178 -303.647801 2.972834
205.268178 -303.647801 2.972834
205.268178 -303.647801 2.972834
205.268178 -303.647801 2.972834
205.268178 -303.647801 2.972834
205.268178 -303.647801 2.972834
205.268178 -303.647801 2.972834
205.268178 -303.647801 2.972834
205.268178 -303.647801 2.972834
205.268178 -303.647801 2.972834
205.268178 -303.647801 2.972834
205.268178 -303.647801 2.972834
205.268178 -303.647801 2.972834
205.268178 -303.647801 2.972834
205.268178 -303.647801 2.972834
205.268178 -303.647801 2.972834
205.268178 -303.647801 2.972834
205.268178 -303.647801 2.972834
205.268178 -303.647801 2.972834
205.268178 -303.647801 2.972834
205.268178 -303.647801 2.972834
205.268178 -303.647801 2.972834
205.268178 -303.647801 2.972834
205.268178 -303.647801 2.972834
205.268178 -303.647801 2.972834
205.268178 -303.647801 2.972834
205.268178 -303.647801 2.972834
205.268178 -303.647801 2.972834
205.268178 -303.647801 2.972834
205.268178 -303.647801 2.972834
205.268178 -303.647801 2.972834
205.268178 -303.647801 2.972834
205.268178 -303.647801 2.972834
205.268178 -303.647801 2.972834
205.268178 -303.647801 2.972834
205.268178 -303.647801 2.972834
205.268178 -303.647801 2.972834
205.268178 -303.647801 2.972834
205.268178 -303.647801 2.972834
205.268178 -303.647801 2.972834
205.268178 -303.647801 2.972834
205.268178 -303.647801 2.972834
205.268178 -303.647801 2.972834
205.268178 -303.647801 2.972834
205.268178 -303.647801 2.972834
205.268178 -303.647801 2.972834
205.268178 -303.647801 2.972834
205.268178 -303.647801 2.972834
205.268178 -303.647801 2.972834
205.265225 -303.648771 2.972811
205.265225 -303.648771 2.972811
205.265225 -303.648771 2.972811
205.265225 -303.648771 2.972811
205.265225 -303.648771 2.972811
205.265225 -303.648771 2.972811
205.265225 -303.648771 2.972811
205.265225 -303.648771 2.972811
205.265225 -303.648771 2.972811
205.265225 -303.648771 2.972811
205.265225 -303.648771 2.972811
205.265225 -303.648771 2.972811
205.265225 -303.648771 2.972811
205.265225 -303.648771 2.972811
205.265225 -303.648771 2.972811
205.265225 -303.648771 2.972811
205.265225 -303.648771 2.972811
205.265225 -303.648771 2.972811
205.265225 -303.648771 2.972811
205.265225 -303.648771 2.972811
205.265225 -303.648771 2.972811
205.265225 -303.648771 2.972811
205.265225 -303.648771 2.972811
205.265225 -303.648771 2.972811
205.265225 -303.648771 2.972811
205.265225 -303.648771 2.972811
205.265225 -303.648771 2.972811
205.265225 -303.648771 2.972811
205.265225 -303.648771 2.972811
205.265225 -303.648771 2.972811
205.265225 -303.648771 2.972811
205.265225 -303.648771 2.972811
205.265225 -303.648771 2.972811
205.265225 -303.648771 2.972811
205.265225 -303.648771 2.972811
205.265225 -303.648771 2.972811
205.265225 -303.648771 2.972811
205.265225 -303.648771 2.972811
205.265225 -303.648771 2.972811
205.265225 -303.648771 2.972811
205.265225 -303.648771 2.972811
205.265225 -303.648771 2.972811
205.265225 -303.648771 2.972811
205.265225 -303.648771 2.972811
205.265225 -303.648771 2.972811
205.265225 -303.648771 2.972811
205.265225 -303.648771 2.972811
205.265225 -303.648771 2.972811
205.265225 -303.648771 2.972811
205.265225 -303.648771 2.972811
205.265225 -303.648771 2.972811
205.265225 -303.648771 2.972811
205.265225 -303.648771 2.972811
205.265225 -303.648771 2.972811
205.265225 -303.648771 2.972811
205.265225 -303.648771 2.972811
205.265225 -303.648771 2.972811
205.265225 -303.648771 2.972811
205.265225 -303.648771 2.972811
205.265225 -303.648771 2.972811
205.265225 -303.648771 2.972811
205.265225 -303.648771 2.972811
205.265225 -303.648771 2.972811
205.265225 -303.648771 2.972811
205.265225 -303.648771 2.972811
205.265225 -303.648771 2.972811
205.265225 -303.648771 2.972811
205.265225 -303.648771 2.972811
205.265225 -303.648771 2.972811
205.265225 -303.648771 2.972811
205.265225 -303.648771 2.972811
205.265225 -303.648771 2.972811
205.265225 -303.648771 2.972811
205.265225 -303.648771 2.972811
205.265225 -303.648771 2.972811
205.265225 -303.648771 2.972811
205.265225 -303.648771 2.972811
205.265225 -303.648771 2.972811
205.265225 -303.648771 2.972811
205.265225 -303.648771 2.972811
205.265225 -303.648771 2.972811
205.265225 -303.648771 2.972811
205.265225 -303.648771 2.972811
205.265225 -303.648771 2.972811
205.265225 -303.648771 2.972811
205.265225 -303.648771 2.972811
205.265225 -303.648771 2.972811
205.265225 -303.648771 2.972811
205.265225 -303.648771 2.972811
205.265225 -303.648771 2.972811
205.265225 -303.648771 2.972811
205.265225 -303.648771 2.972811
205.265225 -303.648771 2.972811
205.265225 -303.648771 2.972811
205.265225 -303.648771 2.972811
205.265225 -303.648771 2.972811
205.265225 -303.648771 2.972811
205.265225 -303.648771 2.972811
205.265225 -303.648771 2.972811
205.265225 -303.648771 2.972811
205.265225 -303.648771 2.972811
205.265225 -303.648771 2.972811
205.265225 -303.648771 2.972811
205.265225 -303.648771 2.972811
205.265225 -303.648771 2.972811
205.265225 -303.648771 2.972811
205.265225 -303.648771 2.972811
205.265225 -303.648771 2.972811
205.265225 -303.648771 2.972811
205.265225 -303.648771 2.972811
205.265225 -303.648771 2.972811
205.265225 -303.648771 2.972811
205.265225 -303.648771 2.972811
205.265225 -303.648771 2.972811
205.265225 -303.648771 2.972811
205.265225 -303.648771 2.972811
205.265225 -303.648771 2.972811
205.265225 -303.648771 2.972811
205.265225 -303.648771 2.972811
205.263561 -303.649418 2.972901
205.263561 -303.649418 2.972901
205.263561 -303.649418 2.972901
205.263561 -303.649418 2.972901
205.263561 -303.649418 2.972901
205.263561 -303.649418 2.972901
205.263561 -303.649418 2.972901
205.263561 -303.649418 2.972901
205.263561 -303.649418 2.972901
205.263561 -303.649418 2.972901
205.263561 -303.649418 2.972901
205.263561 -303.649418 2.972901
205.263561 -303.649418 2.972901
205.263561 -303.649418 2.972901
205.263561 -303.649418 2.972901
205.263561 -303.649418 2.972901
205.263561 -303.649418 2.972901
205.263561 -303.649418 2.972901
205.263561 -303.649418 2.972901
205.263561 -303.649418 2.972901
205.264400 -303.649947 2.972904
205.264400 -303.649947 2.972904
205.264400 -303.649947 2.972904
205.264400 -303.649947 2.972904
205.264400 -303.649947 2.972904
205.264400 -303.649947 2.972904
205.264400 -303.649947 2.972904
205.264400 -303.649947 2.972904
205.264400 -303.649947 2.972904
205.264400 -303.649947 2.972904
205.264400 -303.649947 2.972904
205.263816 -303.649522 2.972878
205.248531 -303.646998 2.972818
205.192270 -303.636521 2.972769
205.070710 -303.613490 2.972662
204.877973 -303.576844 2.972789
204.590315 -303.522309 2.972620
204.222382 -303.456661 2.972471
203.746547 -303.360084 2.972062
203.187216 -303.260704 2.971741
202.501264 -303.129814 2.971383
201.747180 -302.984258 2.970768
200.858407 -302.818790 2.970691
199.915757 -302.638469 2.970231
198.855257 -302.436175 2.970057
197.701347 -302.222790 2.969774
196.518669 -301.994191 2.969774
195.210585 -301.752272 2.969125
193.885549 -301.502285 2.969270
192.434268 -301.231807 2.969414
190.975919 -300.959422 2.968966
189.380215 -300.655242 2.968692
187.790324 -300.346970 2.968131
186.085832 -300.015238 2.967532
184.364656 -299.681305 2.966747
182.519231 -299.320016 2.966325
180.690427 -298.959621 2.965570
178.733421 -298.575073 2.965164
176.789387 -298.192740 2.964633
174.702920 -297.788411 2.964269
172.667225 -297.398728 2.963777
170.439622 -296.958660 2.964017
168.311668 -296.539816 2.963306
166.046000 -296.088575 2.962285
163.708749 -295.626407 2.961708
161.432705 -295.171298 2.961362
159.023932 -294.688522 2.960445
156.660864 -294.223520 2.960379
154.162597 -293.725744 2.960283
151.726025 -293.239921 2.960174
149.163339 -292.730414 2.961147
146.717278 -292.242518 2.962149
144.185966 -291.742308 2.962550
141.770111 -291.265449 2.961499
139.252171 -290.766681 2.959561
136.831710 -290.277817 2.957866
134.312876 -289.769687 2.958272
131.893446 -289.286577 2.958863
129.362359 -288.777038 2.959321
126.938235 -288.287279 2.959670
124.405407 -287.785455 2.960280
121.968174 -287.308639 2.963599
119.422207 -286.822128 2.967483
116.874573 -286.343360 2.971509
114.426198 -285.887288 2.973693
111.872505 -285.419784 2.974209
109.437726 -284.960739 2.973695
106.933714 -284.495606 2.973425
104.534112 -284.051378 2.972911
102.045847 -283.583890 2.972287
99.658575 -283.134603 2.971997
97.168969 -282.667434 2.971494
94.793417 -282.222278 2.970833
92.315636 -281.748909 2.970274
89.947043 -281.293950 2.969610
87.476444 -280.820010 2.968886
85.110978 -280.360990 2.968235
82.650898 -279.885516 2.967522
80.291545 -279.426713 2.966768
77.840069 -278.963560 2.965850
75.490623 -278.502508 2.963766
73.054354 -278.030213 2.962907
70.761365 -277.574084 2.960943
68.377407 -277.092184 2.958925
66.117668 -276.639095 2.958356
63.775396 -276.171590 2.958393
61.456058 -275.709507 2.958495
59.250200 -275.267671 2.959040
56.966933 -274.816629 2.960048
54.795780 -274.386440 2.961066
52.553207 -273.945790 2.961940
50.412608 -273.533656 2.963131
48.211347 -273.107400 2.964206
46.119031 -272.698319 2.965161
43.965100 -272.283594 2.966458
41.951931 -271.900132 2.967702
39.913032 -271.511867 2.968534
38.001649 -271.145046 2.970035
36.069609 -270.780029 2.970835
34.264685 -270.436792 2.970782
32.441793 -270.088336 2.969920
30.752747 -269.766415 2.969546
29.045184 -269.441392 2.969238
27.466298 -269.139588 2.968984
25.896376 -268.839954 2.968725
24.484685 -268.568029 2.968870
23.127665 -268.308001 2.968802
21.931245 -268.076598 2.968920
20.786382 -267.858042 2.968779
19.772336 -267.664046 2.968851
18.801467 -267.477585 2.968392
17.946598 -267.313171 2.968509
17.176552 -267.163975 2.968265
16.457268 -267.023090 2.968130
15.832617 -266.906596 2.967958
15.238568 -266.793386 2.967846
14.687796 -266.683567 2.968051
14.203257 -266.588929 2.967677
13.792783 -266.513142 2.967199
13.441241 -266.447324 2.967009
13.172167 -266.395118 2.967770
12.970822 -266.353883 2.966984
12.811390 -266.321437 2.966885
12.682665 -266.297299 2.967083
12.602099 -266.282829 2.966957
12.581598 -266.279283 2.966899
12.587163 -266.279841 2.967109
12.587163 -266.279841 2.967109
12.587163 -266.279841 2.967109
12.587163 -266.279841 2.967109
12.587163 -266.279841 2.967109
12.587163 -266.279841 2.967109
12.587163 -266.279841 2.967109
12.587163 -266.279841 2.967109
12.587163 -266.279841 2.967109
12.587163 -266.279841 2.967109
12.587163 -266.279841 2.967109
12.587163 -266.279841 2.967109
12.587163 -266.279841 2.967109
12.587163 -266.279841 2.967109
12.587163 -266.279841 2.967109
12.587163 -266.279841 2.967109
12.587163 -266.279841 2.967109
12.592235 -266.280918 2.967091
12.592235 -266.280918 2.967091
12.592235 -266.280918 2.967091
12.592235 -266.280918 2.967091
12.592235 -266.280918 2.967091
12.592235 -266.280918 2.967091
12.592235 -266.280918 2.967091
12.592235 -266.280918 2.967091
12.592235 -266.280918 2.967091
12.592235 -266.280918 2.967091
12.592235 -266.280918 2.967091
12.592235 -266.280918 2.967091
12.592235 -266.280918 2.967091
12.592235 -266.280918 2.967091
12.592235 -266.280918 2.967091
12.592235 -266.280918 2.967091
12.592235 -266.280918 2.967091
12.591979 -266.280784 2.967057
12.572845 -266.277040 2.967146
12.507809 -266.264328 2.967191
12.386994 -266.238116 2.967045
12.191464 -266.198688 2.966804
11.933981 -266.151059 2.966731
11.594082 -266.087877 2.966855
11.183208 -266.005624 2.966370
10.709624 -265.916653 2.966567
10.133262 -265.803820 2.966189
9.501994 -265.681017 2.966679
8.775085 -265.545725 2.968648
8.001071 -265.404522 2.973982
7.118637 -265.259140 2.984785
6.215118 -265.131842 2.999577
5.205365 -265.006920 3.017922
4.181760 -264.899085 3.038054
3.059042 -264.812848 3.065174
1.926333 -264.775754 3.098045
0.698525 -264.785219 3.137528
-0.487553 -264.853386 -3.103031
-1.741779 -264.989640 -3.050761
-2.962536 -265.206656 -2.992849
-4.232136 -265.514683 -2.927658
-5.433266 -265.897426 -2.863109
-6.659067 -266.377708 -2.793122
-7.804703 -266.937681 -2.723735
-8.967174 -267.606747 -2.650168
-10.038126 -268.331211 -2.579206
-11.094035 -269.169215 -2.504578
-12.105137 -270.076474 -2.430525
-13.010230 -271.028270 -2.364140
-13.934902 -272.091465 -2.302691
-14.770578 -273.155375 -2.244399
-15.546446 -274.324949 -2.184217
-16.266101 -275.500763 -2.132206
-16.982339 -276.793477 -2.080485
-17.593287 -278.069542 -2.030442
-18.183753 -279.438697 -1.978150
-18.721583 -280.866111 -1.934262
-19.193709 -282.271292 -1.894180
-19.629425 -283.788253 -1.855942
-20.007540 -285.266171 -1.822285
-20.357755 -286.846234 -1.791155
-20.688600 -288.405311 -1.772362
-21.018891 -290.072337 -1.759079
-21.329829 -291.680889 -1.748671
-21.645664 -293.391530 -1.740972
-21.951447 -295.072698 -1.734515
-22.266509 -296.845037 -1.729314
-22.555756 -298.564062 -1.724796
-22.862278 -300.394458 -1.719811
-23.151442 -302.175802 -1.716372
-23.458438 -304.054888 -1.713763
-23.744931 -305.886685 -1.710962
-24.046568 -307.820423 -1.708102
-24.331286 -309.687098 -1.706716
-24.630454 -311.636362 -1.708086
-24.921599 -313.496039 -1.710061
-25.218378 -315.440019 -1.711638
-25.514290 -317.304180 -1.713096
-25.826029 -319.238908 -1.715094
-26.129547 -321.100018 -1.716831
-26.452652 -323.037342 -1.720026
-26.780419 -324.978412 -1.724106
-27.104069 -326.844254 -1.727976
-27.452255 -328.787647 -1.732434
-27.788088 -330.661013 -1.736524
-28.150273 -332.605577 -1.740621
-28.512198 -334.475240 -1.744279
-28.895382 -336.434722 -1.747602
-29.267834 -338.315852 -1.750460
-29.678468 -340.258460 -1.752983
-30.045299 -342.148134 -1.751298
-30.436186 -344.113136 -1.751210
-30.808837 -346.000770 -1.749495
-31.197093 -347.967054 -1.748728
-31.562125 -349.858190 -1.747550
-31.949611 -351.834246 -1.747168
-32.320382 -353.725717 -1.749247
-32.714235 -355.692306 -1.751940
-33.103184 -357.588022 -1.754645
-33.513449 -359.554326 -1.757585
-33.905019 -361.434470 -1.760093
-34.312733 -363.371446 -1.762354
-34.709070 -365.221878 -1.763367
-35.116579 -367.129972 -1.762884
-35.496709 -368.947253 -1.761292
-35.879813 -370.836133 -1.758305
-36.241166 -372.630435 -1.755231
-36.603740 -374.480899 -1.752499
-36.943373 -376.226920 -1.749676
-37.282627 -377.976376 -1.747972
-37.604342 -379.643103 -1.746771
-37.905938 -381.215964 -1.744998
-38.215245 -382.855616 -1.740811
-38.490121 -384.408289 -1.736441
-38.777511 -386.009072 -1.731507
-39.030806 -387.546718 -1.727319
-39.298206 -389.145075 -1.722056
-39.548209 -390.696076 -1.718527
-39.815369 -392.330354 -1.715022
-40.069081 -393.910706 -1.712086
-40.330763 -395.575409 -1.712397
-40.597060 -397.188576 -1.714737
-40.874918 -398.891937 -1.717423
-41.151259 -400.541734 -1.720307
-41.443559 -402.271742 -1.723488
-41.744703 -403.954968 -1.727021
-42.061069 -405.719926 -1.730821
-42.375028 -407.426562 -1.733594
-42.704086 -409.232082 -1.735901
-43.040270 -411.041358 -1.738403
-43.369484 -412.797104 -1.740183
-43.718118 -414.645413 -1.741070
-44.049321 -416.428875 -1.740062
-44.389404 -418.304640 -1.738013
-44.715704 -420.131756 -1.734704
-45.046733 -422.032486 -1.731745
-45.363046 -423.865775 -1.728521
-45.692626 -425.800130 -1.725465
-46.007306 -427.630954 -1.723063
-46.324656 -429.544226 -1.720339
-46.621634 -431.364759 -1.718122
-46.921270 -433.239945 -1.715902
-47.204267 -435.038322 -1.715063
-47.500610 -436.884094 -1.716024
-47.793532 -438.640870 -1.716939
-48.084580 -440.460528 -1.716648
-48.365490 -442.194552 -1.715561
-48.642498 -443.975802 -1.714783
-48.910288 -445.665045 -1.713831
-49.170630 -447.373485 -1.713085
-49.418154 -448.935926 -1.712253
-49.666087 -450.517217 -1.713688
-49.910449 -452.030663 -1.714900
-50.160752 -453.574184 -1.715467
-50.390814 -455.031162 -1.713503
-50.622875 -456.541576 -1.710941
-50.837076 -457.962917 -1.708076
-51.057676 -459.426893 -1.705427
-51.258104 -460.823819 -1.703196
-51.460699 -462.206482 -1.703355
-51.688450 -463.631455 -1.710197
-51.921136 -465.036828 -1.721849
-52.174866 -466.366251 -1.736549
-52.467432 -467.735107 -1.754376
-52.767883 -469.043775 -1.771380
-53.104719 -470.389703 -1.788456
-53.441790 -471.684319 -1.802770
-53.815578 -473.035739 -1.815179
-54.183999 -474.322702 -1.826482
-54.582638 -475.663780 -1.833590
-54.948203 -476.960961 -1.826578
-55.291068 -478.344136 -1.809644
-55.592416 -479.686380 -1.789296
-55.878121 -481.098991 -1.767452
-56.133829 -482.477708 -1.750195
-56.385033 -483.920474 -1.738464
-56.626460 -485.321976 -1.729923
-56.863319 -486.792565 -1.721673
-57.075905 -488.194028 -1.713756
-57.279973 -489.636029 -1.706043
-57.474048 -491.013135 -1.699531
-57.662463 -492.435334 -1.693019
-57.830296 -493.770846 -1.686787
-57.998802 -495.116649 -1.680701
-58.135127 -496.365086 -1.675318
-58.277791 -497.614552 -1.669825
-58.398460 -498.769229 -1.665503
-58.513371 -499.920892 -1.660366
-58.605108 -500.965934 -1.655852
-58.703080 -502.000027 -1.651233
-58.777770 -502.929031 -1.647595
-58.844350 -503.822716 -1.641979
-58.906877 -504.627230 -1.634755
-58.943042 -505.430404 -1.621984
-58.956777 -506.208715 -1.603815
-58.945453 -507.021513 -1.574260
-58.887938 -507.783318 -1.537144
-58.782330 -508.574138 -1.487271
-58.625324 -509.340717 -1.430499
-58.399133 -510.126606 -1.366896
-58.143734 -510.887486 -1.304334
-57.818048 -511.662667 -1.237394
-57.427548 -512.387146 -1.171452
-56.976290 -513.154974 -1.100039
-56.481052 -513.881777 -1.031098
-55.890563 -514.611496 -0.957941
-55.268596 -515.286765 -0.886764
-54.544840 -515.967526 -0.812100
-53.785731 -516.594293 -0.740437
-52.915896 -517.224179 -0.667505
-52.009800 -517.789898 -0.597965
-51.002999 -518.336864 -0.534801
-49.947629 -518.867060 -0.481928
-48.864219 -519.363536 -0.438440
-47.677347 -519.838343 -0.396011
-46.495129 -520.265488 -0.354045
-45.206293 -520.670235 -0.313578
-43.930892 -521.019861 -0.280200
-42.558590 -521.375337 -0.252586
-41.202112 -521.693553 -0.231187
-39.755968 -522.016328 -0.216578
-38.332696 -522.335135 -0.207412
-36.817398 -522.658677 -0.199201
-35.332592 -522.965959 -0.192113
-33.751754 -523.281515 -0.185387
-32.210132 -523.586994 -0.182461
-30.574284 -523.910759 -0.179609
-28.979277 -524.220647 -0.176718
-27.289400 -524.544152 -0.173992
-25.642857 -524.853851 -0.170941
-23.907614 -525.168094 -0.167462
-22.151772 -525.485027 -0.163913
-20.467901 -525.781125 -0.160621
-18.717220 -526.091946 -0.156946
-17.026019 -526.388232 -0.154602
-15.262090 -526.688588 -0.151436
-13.566068 -526.969658 -0.148103
-11.821775 -527.249013 -0.144649
-10.167206 -527.511034 -0.140692
-8.460980 -527.767193 -0.135570
-6.842469 -528.000296 -0.130424
-5.174510 -528.228763 -0.124401
-3.594043 -528.432603 -0.117151
-1.964991 -528.628312 -0.107589
-0.415806 -528.794824 -0.097421
1.174969 -528.942036 -0.083023
2.693521 -529.050250 -0.068621
4.257415 -529.138342 -0.054657
5.737524 -529.204050 -0.040503
7.266211 -529.243699 -0.026705
8.713101 -529.261403 -0.012934
10.179086 -529.262853 -0.000582
11.600510 -529.258559 0.007527
12.911710 -529.253924 0.013456
14.256581 -529.244461 0.019777
15.538808 -529.229941 0.025742
16.859833 -529.200889 0.032856
18.105702 -529.173794 0.040863
19.370475 -529.121604 0.048635
20.537486 -529.069914 0.055372
21.700767 -529.017561 0.056985
22.766121 -528.973145 0.050896
23.875242 -528.965255 0.041033
24.913603 -528.936985 0.029416
25.989373 -528.980902 0.013586
27.017818 -529.001935 -0.006512
28.097236 -529.092255 -0.036070
29.100182 -529.214835 -0.079076
30.173614 -529.391586 -0.125557
31.176121 -529.673059 -0.174402
32.219637 -529.949940 -0.228227
33.246083 -530.331148 -0.274642
34.302468 -530.763963 -0.324583
35.385908 -531.235748 -0.371301
36.418164 -531.773887 -0.411204
37.519021 -532.327867 -0.444103
38.559346 -532.917294 -0.466512
39.666899 -533.576258 -0.478609
40.777697 -534.147607 -0.485512
41.942169 -534.813433 -0.487615
43.104123 -535.449766 -0.488917
44.325062 -536.113467 -0.485915
45.515799 -536.771932 -0.476838
46.805324 -537.443584 -0.461876
48.090516 -538.073733 -0.442263
49.467466 -538.702016 -0.421597
50.873341 -539.316948 -0.400966
52.266348 -539.878115 -0.379733
53.748307 -540.427063 -0.352636
55.216544 -540.928024 -0.323291
56.790456 -541.405779 -0.292959
58.316584 -541.824519 -0.263541
59.920659 -542.219217 -0.238368
61.463795 -542.570139 -0.219703
63.072383 -542.909187 -0.204677
64.595043 -543.228694 -0.194482
66.178879 -543.540410 -0.186519
67.684903 -543.840001 -0.180623
69.198276 -544.132129 -0.175988
70.618217 -544.386727 -0.174133
72.024697 -544.649442 -0.173057
73.293463 -544.882047 -0.173342
74.551666 -545.111525 -0.173375
75.692806 -545.337639 -0.173102
76.845241 -545.561563 -0.174674
77.931571 -545.759257 -0.176543
79.020607 -545.996356 -0.179085
80.050472 -546.194941 -0.181825
81.016048 -546.391671 -0.184109
81.979956 -546.599590 -0.185876
82.899521 -546.785201 -0.188057
83.702860 -546.956793 -0.189469
84.488431 -547.121430 -0.191391
85.223874 -547.275372 -0.192644
85.863531 -547.417393 -0.194223
86.490882 -547.549219 -0.195497
87.056989 -547.670040 -0.196774
87.542579 -547.775453 -0.197964
88.025046 -547.885221 -0.199131
88.512593 -547.997701 -0.200385
88.967659 -548.092537 -0.201421
89.440725 -548.198228 -0.202546
89.915972 -548.299339 -0.203296
90.363714 -548.397012 -0.203332
90.818386 -548.505608 -0.202146
91.266467 -548.600236 -0.201315
91.689679 -548.684365 -0.200229
92.108567 -548.778561 -0.198378
92.522788 -548.873242 -0.195539
92.944854 -548.947796 -0.189503
93.421683 -549.023386 -0.176904
93.936219 -549.093010 -0.157010
94.482868 -549.143454 -0.131456
95.100626 -549.187841 -0.098639
95.772247 -549.195593 -0.062465
96.490330 -549.162934 -0.022355
97.236030 -549.124171 0.019397
98.056971 -549.051746 0.065044
98.902146 -548.912958 0.111670
99.845282 -548.711131 0.163595
100.828382 -548.467970 0.219023
101.809916 -548.151695 0.274554
102.857489 -547.740949 0.336579
103.902585 -547.272544 0.397249
105.017072 -546.683426 0.458008
106.160132 -546.017697 0.521789
107.265469 -545.276465 0.583752
108.410658 -544.396196 0.649232
109.566131 -543.406025 0.712124
110.649327 -542.348743 0.770108
111.759699 -541.139037 0.821714
112.826333 -539.899852 0.860876
113.932332 -538.532828 0.894493
114.996906 -537.149121 0.918032
116.118915 -535.645486 0.938110
117.202387 -534.145100 0.955046
118.342285 -532.521593 0.968271
119.466318 -530.920837 0.975534
120.656129 -529.198640 0.981619
121.863129 -527.428744 0.986356
123.039339 -525.690909 0.987879
124.291722 -523.854272 0.987222
125.510990 -522.057407 0.985874
126.808952 -520.203002 0.982681
128.086080 -518.372849 0.981370
129.430246 -516.435635 0.979382
130.733060 -514.566758 0.977607
132.118824 -512.596557 0.975282
133.473393 -510.663168 0.973628
134.901317 -508.636445 0.971759
136.348769 -506.591132 0.969840
137.764900 -504.596953 0.967680
139.234565 -502.539608 0.965501
140.632364 -500.596127 0.963373
142.089678 -498.569059 0.961530
143.475289 -496.654037 0.959600
144.912803 -494.683089 0.957442
146.290780 -492.800457 0.955530
147.713997 -490.863965 0.953493
149.078574 -489.025305 0.951288
150.494856 -487.123849 0.949122
151.841158 -485.307516 0.947430
153.228651 -483.431447 0.945953
154.551574 -481.680726 0.943430
155.958756 -479.827365 0.941620
157.292714 -478.062956 0.939496
158.678855 -476.243580 0.937410
160.023974 -474.467121 0.935624
161.430321 -472.639652 0.933460
162.789111 -470.890907 0.931713
164.213560 -469.015072 0.930958
165.580363 -467.256462 0.929494
167.041718 -465.364326 0.929574
168.434056 -463.555848 0.929213
169.900340 -461.658627 0.929711
171.384502 -459.732647 0.930490
172.803749 -457.878959 0.931226
174.228723 -456.006073 0.931482
175.726116 -454.039862 0.930453
177.179428 -452.147717 0.928531
178.717248 -450.169185 0.925024
180.213523 -448.279277 0.921404
181.784943 -446.302712 0.917766
183.298277 -444.405414 0.914462
184.819581 -442.510394 0.911423
186.416937 -440.526540 0.908667
187.951531 -438.609661 0.909140
189.550830 -436.601878 0.911207
191.085654 -434.666138 0.913586
192.678463 -432.648325 0.916371
194.200380 -430.709681 0.919386
195.798663 -428.671821 0.922409
197.329267 -426.712101 0.925193
198.914243 -424.676585 0.927798
200.446427 -422.696076 0.930177
201.973813 -420.711235 0.932305
203.560402 -418.639685 0.934361
205.085970 -416.631478 0.936191
206.669810 -414.534814 0.937842
208.189169 -412.512199 0.938738
209.773885 -410.402587 0.939509
211.307981 -408.368163 0.940555
212.914059 -406.257341 0.941200
214.451278 -404.205762 0.941482
216.025921 -402.090712 0.939665
217.550435 -400.099687 0.937112
219.146981 -398.017454 0.935955
220.667454 -396.035329 0.934325
222.199220 -394.047893 0.932617
223.795834 -391.974922 0.930987
225.329174 -389.986573 0.929301
226.937090 -387.905400 0.926831
228.491140 -385.927241 0.922611
230.124606 -383.871533 0.917389
231.687381 -381.887849 0.911214
233.351760 -379.865524 0.899783
234.977672 -377.940431 0.888381
236.697276 -375.946860 0.875350
238.359481 -374.062832 0.862966
240.057877 -372.201154 0.850377
241.844857 -370.280830 0.836991
243.584973 -368.458318 0.824509
245.424155 -366.583506 0.811114
247.198253 -364.817658 0.798743
249.049131 -363.024933 0.786156
250.844106 -361.334908 0.773848
252.722074 -359.603887 0.761351
254.541106 -357.962538 0.750036
256.458337 -356.281625 0.739331
258.309873 -354.677898 0.733251
260.234691 -353.009845 0.728973
262.094703 -351.411934 0.725596
263.975685 -349.817574 0.723452
265.929407 -348.161368 0.722587
267.820676 -346.548820 0.724590
269.780187 -344.858228 0.728620
271.647925 -343.221280 0.735976
273.588892 -341.470618 0.746016
275.437673 -339.770461 0.755799
277.346946 -337.982445 0.765726
279.165436 -336.240227 0.774893
280.987800 -334.460294 0.783995
282.867500 -332.592525 0.793672
284.659186 -330.783484 0.804493
286.514563 -328.849357 0.816874
288.268885 -326.991055 0.828565
290.090589 -325.044873 0.840112
291.803056 -323.155920 0.851577
293.471860 -321.250080 0.863121
295.192749 -319.223367 0.874783
296.826388 -317.296149 0.883963
298.544448 -315.226662 0.894173
300.177225 -313.237904 0.903177
301.888252 -311.143610 0.910563
303.472112 -309.152358 0.916331
305.118333 -307.053751 0.920624
306.818566 -304.893635 0.922021
308.447018 -302.816902 0.923126
310.152261 -300.599363 0.925627
311.786107 -298.480216 0.928517
313.508784 -296.250615 0.931501
315.149480 -294.091289 0.933696
316.790967 -291.919196 0.936050
318.531370 -289.614595 0.935386
320.212381 -287.429112 0.934026
321.979733 -285.135372 0.935918
323.667522 -282.898841 0.939821
325.442216 -280.549562 0.940154
327.146872 -278.299287 0.940516
328.851731 -276.044150 0.940348
330.653879 -273.649338 0.940757
332.374986 -271.373014 0.940933
334.177176 -268.983841 0.940957
335.892995 -266.701677 0.941053
337.676918 -264.335336 0.941369
339.347700 -262.098916 0.941470
341.021458 -259.857000 0.941828
342.747249 -257.534772 0.942400
344.393105 -255.336227 0.943196
346.106963 -253.055035 0.945330
347.741094 -250.853779 0.950096
349.395693 -248.557339 0.957863
350.975897 -246.349332 0.966591
352.536235 -244.143136 0.973600
354.152814 -241.836681 0.976657
355.694086 -239.631348 0.976982
357.287668 -237.328786 0.979135
358.798401 -235.094137 0.987110
360.330497 -232.825510 1.003408
361.792882 -230.520195 1.021873
363.180513 -228.242009 1.037288
364.603531 -225.826366 1.051737
365.934503 -223.485142 1.065928
367.302568 -221.024698 1.080627
368.583699 -218.627137 1.096985
369.876048 -216.093479 1.114578
371.072602 -213.632871 1.129561
372.256706 -211.161107 1.139883
373.475521 -208.543160 1.152048
374.613232 -206.007293 1.164550
375.754062 -203.343255 1.177702
376.821802 -200.754487 1.192062
377.869351 -198.142737 1.206630
378.904556 -195.424380 1.221289
379.875742 -192.772801 1.233405
380.873469 -189.997987 1.241617
381.809200 -187.332797 1.249043
382.764136 -184.511451 1.257527
383.654315 -181.824827 1.266278
384.522088 -179.131443 1.275286
385.398685 -176.320117 1.285633
386.205364 -173.606767 1.297967
387.007589 -170.764515 1.311151
387.753539 -168.033548 1.323993
388.483602 -165.178017 1.336683
389.154020 -162.398715 1.346490
389.894789 -159.377936 1.348614
390.519964 -156.750388 1.350380
391.188628 -153.916678 1.351561
391.870682 -150.991640 1.353160
392.524477 -148.172061 1.353427
393.193707 -145.356983 1.352821
393.882440 -142.448701 1.350565
394.556128 -139.685903 1.347563
395.254118 -136.815053 1.345295
395.917723 -134.087900 1.345259
396.579636 -131.384156 1.345887
397.265336 -128.574864 1.346501
397.907642 -125.942845 1.347537
398.558187 -123.248547 1.348802
399.151515 -120.748064 1.349100
399.774400 -118.229995 1.349881
400.346145 -115.868907 1.350423
400.896757 -113.576156 1.348917
401.447963 -111.299906 1.347658
401.960866 -109.205355 1.346053
402.472238 -107.125173 1.345106
402.935270 -105.226055 1.343992
403.376217 -103.425764 1.342193
403.808368 -101.672948 1.340021
404.219473 -100.108744 1.339905
404.587690 -98.623694 1.338485
404.920634 -97.336692 1.338261
405.217870 -96.137600 1.336408
405.508689 -95.001257 1.334301
405.764273 -94.024797 1.332173
405.994269 -93.123023 1.330433
406.197559 -92.361523 1.328214
406.380179 -91.684661 1.325541
406.565764 -91.000741 1.322120
406.744057 -90.335689 1.319913
406.933654 -89.665969 1.318080
407.106436 -89.024944 1.318848
407.271278 -88.379026 1.323630
407.426299 -87.716413 1.333899
407.571435 -87.048598 1.350144
407.692776 -86.352624 1.374107
407.781898 -85.651832 1.405653
407.848441 -84.917292 1.442873
407.868571 -84.142221 1.484527
407.873478 -83.340464 1.525448
407.842380 -82.499352 1.569563
407.764300 -81.666814 1.614415
407.633553 -80.780461 1.667822
407.453882 -79.907385 1.724281
407.208065 -79.020305 1.783026
406.914431 -78.030984 1.846145
406.517117 -77.086586 1.908343
406.034503 -76.110925 1.977296
405.521953 -75.149950 2.047229
404.875558 -74.214431 2.116820
404.111172 -73.232288 2.193399
403.307178 -72.325087 2.266302
402.361755 -71.385159 2.338984
401.356600 -70.540043 2.409037
400.253978 -69.686146 2.477088
399.086781 -68.891782 2.535207
397.849291 -68.143077 2.591732
396.466299 -67.412269 2.649274
395.079910 -66.762515 2.692163
393.561863 -66.094721 2.728733
392.022722 -65.473299 2.758529
390.390485 -64.847028 2.785382
388.738918 -64.267975 2.811644
387.023529 -63.721756 2.839400
385.190043 -63.190471 2.868402
383.353079 -62.728123 2.897574
381.392492 -62.288869 2.924617
379.472106 -61.878849 2.939276
377.507764 -61.471575 2.949966
375.405791 -61.048544 2.956270
373.347973 -60.636942 2.959368
371.190663 -60.206819 2.962034
369.073136 -59.794247 2.964792
366.947629 -59.384377 2.964622
364.727229 -58.949731 2.963134
362.578179 -58.532826 2.961902
360.316226 -58.080511 2.961624
358.115291 -57.648871 2.963773
355.915660 -57.222160 2.965488
353.597875 -56.775714 2.967012
351.271245 -56.333387 2.967831
349.032607 -55.902826 2.968040
346.772214 -55.464773 2.967100
344.512841 -55.015057 2.965597
342.153888 -54.551454 2.964193
339.859934 -54.098029 2.962915
337.467309 -53.621147 2.961791
335.161357 -53.170225 2.961140
332.738004 -52.688654 2.961426
330.393992 -52.220991 2.961463
328.071722 -51.757450 2.961991
325.620825 -51.280473 2.962707
323.283195 -50.826735 2.963713
320.947192 -50.375788 2.964847
318.542838 -49.915666 2.965737
316.245662 -49.473161 2.966795
313.861847 -49.017242 2.967910
311.561967 -48.575449 2.969015
309.262405 -48.134748 2.969741
306.861925 -47.680186 2.970624
304.443972 -47.229267 2.971676
302.114554 -46.796399 2.972970
299.788038 -46.356539 2.973828
297.353777 -45.891979 2.974466
295.008525 -45.452212 2.975226
292.579829 -45.011248 2.975455
290.254911 -44.593558 2.974491
287.940683 -44.173805 2.972098
285.555939 -43.722371 2.968952
283.292769 -43.277903 2.964990
280.957267 -42.803739 2.958093
278.740225 -42.325948 2.946680
276.558187 -41.810465 2.930523
274.321172 -41.235939 2.909060
272.202821 -40.629911 2.886230
270.035784 -39.957760 2.861455
267.997953 -39.267794 2.835940
265.993703 -38.532577 2.810536
263.942135 -37.726455 2.784386
262.025318 -36.911032 2.758990
260.063289 -36.013059 2.733240
258.222995 -35.112245 2.709212
256.421753 -34.185724 2.685529
254.578143 -33.177564 2.661076
252.859028 -32.182621 2.637260
251.098307 -31.097499 2.613278
249.422699 -30.015437 2.590787
247.780353 -28.908598 2.567808
246.071217 -27.702003 2.545346
244.458366 -26.497814 2.522264
242.782127 -25.196778 2.499320
241.204798 -23.890101 2.476124
239.629696 -22.536684 2.453039
237.999792 -21.067823 2.429218
236.456426 -19.625354 2.407191
234.857505 -18.071361 2.385943
233.336949 -16.538085 2.369419
231.812419 -14.963722 2.355052
230.227251 -13.284287 2.341739
228.711163 -11.646449 2.335678
227.111588 -9.922888 2.335163
225.546314 -8.253841 2.337300
223.905082 -6.500662 2.339787
222.310416 -4.802788 2.343003
220.701247 -3.100759 2.346266
219.007636 -1.332705 2.349758
217.364532 0.366457 2.355673
215.637584 2.106988 2.366467
213.954615 3.756798 2.377167
212.248913 5.395421 2.385714
210.463685 7.094580 2.392591
208.752919 8.713290 2.397514
206.976359 10.386766 2.401777
205.262282 11.986635 2.406421
203.547275 13.569928 2.411456
201.758597 15.201864 2.418386
200.040336 16.740116 2.428101
198.243043 18.300419 2.440736
196.506752 19.772528 2.454844
194.759174 21.199610 2.474450
192.909346 22.620503 2.498781
191.101845 23.932722 2.523213
189.201235 25.242942 2.547338
187.370207 26.458008 2.568343
185.519645 27.632711 2.588680
183.582342 28.810212 2.609646
181.714095 29.897542 2.629073
179.727148 30.990474 2.648580
177.837552 31.989517 2.665181
175.866225 32.988695 2.683855
173.963212 33.910990 2.702037
172.055927 34.797567 2.720122
170.044807 35.690985 2.738699
168.094778 36.514745 2.756967
166.051881 37.337220 2.775258
164.073408 38.094638 2.792509
162.072339 38.816370 2.808957
159.951236 39.548217 2.824633
157.900243 40.220571 2.839676
155.746759 40.892600 2.856172
153.669719 41.503108 2.872070
151.581045 42.083390 2.888994
149.386251 42.656161 2.904202
147.261555 43.180441 2.918342
145.044560 43.683974 2.933425
142.916770 44.128986 2.949783
140.673821 44.542771 2.967844
138.512222 44.911821 2.988431
136.335491 45.224206 3.010735
134.052931 45.498192 3.033630
131.838486 45.716849 3.055659
129.518485 45.891820 3.079186
127.290128 46.012989 3.098357
125.055101 46.095333 3.116181
122.701732 46.134603 3.135563
120.483232 46.128393 -3.129377
118.187294 46.083245 -3.110998
115.986852 46.000488 -3.096128
113.814864 45.898662 -3.083536
111.560500 45.765543 -3.070478
109.412681 45.612580 -3.057885
107.197738 45.435129 -3.045578
105.080293 45.252307 -3.034114
102.978783 45.016509 -3.020925
100.800175 44.743373 -3.005486
98.708841 44.433003 -2.988153
96.523177 44.074923 -2.968556
94.419758 43.682085 -2.947980
92.215710 43.220646 -2.925119
90.100620 42.716782 -2.901333
87.979996 42.151935 -2.875765
85.763471 41.499927 -2.848113
83.639070 40.815267 -2.821315
81.425289 40.031859 -2.794321
79.299254 39.228214 -2.771672
77.185193 38.382741 -2.750640
74.980714 37.448580 -2.728636
72.878765 36.497922 -2.707160
70.724929 35.469651 -2.686007
68.697233 34.458772 -2.667837
66.682555 33.422289 -2.651490
64.608296 32.314277 -2.637269
62.652204 31.249830 -2.626836
60.612381 30.125436 -2.618129
58.698458 29.048877 -2.614137
56.797432 27.975286 -2.612152
54.821666 26.854530 -2.611250
52.949032 25.799664 -2.611726
51.011975 24.705912 -2.612973
49.174507 23.671230 -2.616159
47.276423 22.624410 -2.621790
45.484351 21.655175 -2.629530
43.705572 20.727161 -2.640946
41.892573 19.822218 -2.655165
40.180108 19.000291 -2.671457
38.412898 18.197716 -2.694414
36.694528 17.486813 -2.721012
34.903381 16.803349 -2.748995
33.194329 16.198568 -2.773833
31.474911 15.634340 -2.798323
29.695143 15.096829 -2.823348
27.993458 14.632594 -2.847172
26.237363 14.196328 -2.870296
24.547088 13.807330 -2.890210
22.873224 13.457254 -2.910802
21.141259 13.135974 -2.931606
19.500559 12.868749 -2.952112
17.802846 12.622607 -2.972842
16.186447 12.413321 -2.992265
14.592181 12.248268 -3.011380
12.945347 12.098852 -3.030822
11.365153 11.989601 -3.048489
9.809950 11.895041 -3.063013
8.201946 11.816178 -3.073909
6.663905 11.754912 -3.083606
5.069541 11.707678 -3.093136
3.553852 11.675100 -3.101372
1.975807 11.656378 -3.110518
0.465223 11.648759 -3.119770
-1.050001 11.661051 -3.130870
-2.620266 11.695029 3.137713
-4.121292 11.758271 3.119743
-5.669096 11.867671 3.097870
-7.131829 12.003352 3.076121
-8.581817 12.169165 3.055538
-10.077821 12.362379 3.038111
-11.498158 12.561368 3.026420
-12.969770 12.778222 3.016328
-14.361696 12.993844 3.008686
-15.787067 13.224892 3.003802
-17.135357 13.444109 2.999687
-18.451021 13.671533 2.995287
-19.784239 13.905208 2.989212
-21.034625 14.136191 2.980934
-22.250221 14.378600 2.971694
-23.472352 14.622442 2.966208
-24.642195 14.851524 2.967286
-25.848879 15.068904 2.971534
-26.996893 15.275223 2.977945
-28.144688 15.465458 2.984164
-29.332805 15.655502 2.991932
-30.475450 15.829335 2.998490
-31.689064 16.012654 3.003070
-32.860037 16.187832 3.007291
-34.096429 16.365916 3.011006
-35.307123 16.539585 3.013993
-36.537542 16.711682 3.016132
-37.847927 16.895182 3.017186
-39.130727 17.072344 3.018397
-40.501285 17.261749 3.019558
-41.845906 17.447757 3.018882
-43.206794 17.644188 3.015617
-44.651467 17.867814 3.011005
-46.067322 18.088432 3.005630
-47.568305 18.336719 2.999085
-49.027545 18.590120 2.992712
-50.544783 18.863413 2.985669
-51.978672 19.129438 2.978837
-53.400655 19.399743 2.972210
-54.869061 19.688475 2.965191
-56.265727 19.970841 2.958827
-57.699707 20.269144 2.952168
-59.054865 20.559036 2.946838
-60.374878 20.848790 2.944653
-61.690777 21.127340 2.945717
-62.898300 21.379119 2.949612
-64.100595 21.620486 2.955813
-65.194262 21.831491 2.961270
-66.218406 22.018567 2.966593
-67.203281 22.199476 2.971921
-68.058053 22.352573 2.976012
-68.844281 22.484918 2.980091
-69.486776 22.597086 2.983415
-70.057110 22.690462 2.986260
-70.576589 22.774181 2.988907
-71.020883 22.847591 2.991182
-71.449464 22.917558 2.992990
-71.843954 22.977469 2.994882
-72.221629 23.037357 2.995817
-72.575887 23.093164 2.994309
-72.882393 23.147487 2.991801
-73.165644 23.197310 2.989900
-73.411903 23.239744 2.988135
-73.636786 23.280778 2.984149
-73.872420 23.338486 2.973326
-74.117270 23.411406 2.955493
-74.358232 23.498203 2.929968
-74.599587 23.606163 2.898251
-74.855330 23.738705 2.860717
-75.113156 23.873070 2.829424
-75.383666 24.006563 2.806069
-75.679263 24.140712 2.792523
-75.979463 24.256313 2.790156
-76.303443 24.365682 2.795518
-76.625395 24.472118 2.806686
-76.976226 24.570226 2.825536
-77.323407 24.646230 2.850712
-77.679206 24.707221 2.878925
-78.052538 24.765437 2.907913
-78.410480 24.808755 2.935306
-78.777120 24.844655 2.958628
-79.097418 24.883862 2.970567
-79.361559 24.929921 2.975131
-79.574441 24.967845 2.975521
-79.711422 24.995132 2.974789
-79.785214 25.008993 2.974350
-79.790915 25.010448 2.974332
-79.790915 25.010448 2.974332
-79.791052 25.010299 2.974319
-79.791052 25.010299 2.974319
-79.791052 25.010299 2.974319
-79.791519 25.010317 2.974362
-79.791519 25.010317 2.974362
-79.791941 25.010238 2.974442
-79.791941 25.010238 2.974442
-79.792162 25.010113 2.974516
-79.792162 25.010113 2.974516
-79.792236 25.010003 2.974536
-79.792236 25.010003 2.974536
-79.792259 25.009890 2.974509
-79.792259 25.009890 2.974509
-79.792387 25.009717 2.974525
-79.792387 25.009717 2.974525
-79.792369 25.009674 2.974551
