-0.00611258 -0.0074892 0.000542967
-0.0138769 0.00145149 0.000254242
-0.00307083 -0.0144572 0.000228254
-0.0068841 -0.00540709 0.000552265
-0.00676441 -0.00209498 0.00051674
-0.00713015 -0.0093348 0.000113813
-0.00625134 -0.00500011 0.000366298
0.0199423 0.00334692 0.000206558
0.0102239 0.00107718 8.16266e-05
0.0117955 0.00620031 6.11226e-05
0.0193439 -0.000306129 0.000154821
0.00372171 0.00192499 -0.000301512
0.00560713 0.0114145 -0.000167282
0.00683546 0.0069201 -0.000251444
0.0175452 -0.00636578 -5.23647e-05
0.0141373 -0.00684643 -7.00076e-05
0.0152221 -0.00491261 -0.000165852
0.0124598 -0.000667334 -0.000295075
0.00440168 0.00246954 -0.000239762
0.00781631 -0.00693417 -0.000252636
-0.00751114 -0.00456715 -0.000471505
-0.00642347 -0.00587344 -0.000147971
0.00080061 -0.00628233 9.68854e-05
-0.00159836 -0.0103307 0.000215379
-0.0030179 -0.00762844 0.000242798
-0.0013113 -0.00983858 0.000226585
-0.0104852 -0.00440049 -0.000399264
-0.00840044 -0.000290155 0.00302753
-0.0193734 0.00801015 0.002642
-0.0258465 0.0170922 0.00218758
-0.0175242 0.0118511 0.00253257
-0.0179281 0.00915813 0.00258264
-0.0175943 0.0125594 0.00276217
-0.0181847 0.0209908 0.00238332
-0.0195131 0.024338 0.00235614
0.00422668 0.024631 0.00264391
0.003582 0.0173588 0.00236639
0.0942028 -0.0448546 0.000156013
0.0992546 -0.0273871 5.85e-05
0.109692 -0.0215373 0.00130304
0.13471 0.0169034 0.00125679
0.195069 -0.000442028 0.00276503
0.218732 0.0086875 0.00432309
0.305964 0.037878 0.00522956
0.376739 -0.000238419 0.00674113
0.428838 0.0155439 0.00790295
0.470787 0.0287161 0.00988039
0.523569 -0.000750065 0.0129326
0.627705 0.0116931 0.0136779
0.681849 0.0314789 0.0167056
0.736532 0.0467877 0.018405
0.777843 0.0160742 0.0238446
0.809155 0.0340853 0.0257841
0.82979 0.0480757 0.028494
0.895222 0.0735455 0.0304516
0.888978 0.0505357 0.0292655
0.973941 0.0713253 0.0284503
1.03297 0.0415769 0.0257524
1.07802 0.019217 0.0197159
1.13115 0.0246332 0.0115949
1.1455 -0.00824356 0.00573882
1.21191 0.000390053 0.00238046
1.23753 0.00879049 0.000532953
1.26339 -0.00620264 -0.00244966
1.30607 -0.0058285 -0.00249329
1.35356 0.00915527 -0.000607165
1.38628 0.0015583 0.00085601
1.3834 8.86917e-05 0.00297698
1.41299 0.0270872 0.00586971
1.45648 0.0195055 0.00465402
1.49627 0.0438309 0.00686487
1.52247 0.0514221 0.00997934
1.57191 -0.000704288 0.0129598
1.5884 0.0750275 0.0132683
1.65079 0.0514507 0.0189818
1.66165 0.066905 0.0218485
1.73502 0.0723205 0.0276495
1.79421 0.057754 0.029116
1.80109 0.0939417 0.0293802
1.84513 0.0844107 0.0302602
1.897 0.0943537 0.0293332
1.91468 0.0759163 0.0296615
1.95098 0.0103798 0.0278634
1.99516 0.0211935 0.0199083
1.98017 0.0473366 0.0151215
2.05086 0.0191841 0.0126155
2.04903 0.0334568 0.0111898
2.0694 -0.00769138 0.010289
2.07452 -0.0125008 0.00564918
2.06272 -0.0248613 0.00241217
2.05905 -0.0113077 -0.00214997
2.03301 -0.0222569 -0.00143567
2.05186 -0.0117493 -0.00451818
1.94861 -0.0307589 -0.00482336
2.02055 -0.0468464 -0.00705663
2.02528 -0.0364552 -0.0101682
2.01164 -0.0544672 -0.0097889
2.05787 -0.0479898 -0.0131675
1.9765 -0.0393457 -0.0145923
2.03702 -0.0461602 -0.0120014
2.06149 -0.0566471 -0.0165364
2.04332 -0.0597907 -0.0184182
2.04947 -0.0436878 -0.0194563
2.06948 -0.0546649 -0.0213801
2.00337 -0.0444088 -0.0226013
2.09114 -0.0694952 -0.0239266
2.09994 -0.0338798 -0.0236794
2.03217 -0.0524735 -0.0232839
2.07364 -0.0413895 -0.0235881
2.07724 -0.0701776 -0.0230993
2.07921 -0.075736 -0.0235378
2.15364 -0.04527 -0.0236773
2.09496 -0.0262032 -0.0266904
2.1046 -0.0271654 -0.0210191
2.12556 -0.0218201 -0.0188967
2.08557 -0.0602608 -0.0193664
2.12303 -0.0161324 -0.0170023
2.0766 -0.0586138 -0.0163297
2.19927 -0.0137749 -0.0196306
2.14295 -0.030839 -0.0183984
2.19213 -0.0639601 -0.0218419
2.19647 -0.0435276 -0.0189621
2.18858 -0.0296097 -0.0190341
2.18882 -0.0488663 -0.0194983
2.19078 -0.0070076 -0.0177671
2.154 -0.0215654 -0.0183972
2.22818 -0.0561543 -0.0193781
2.24433 -0.0549078 -0.019736
2.20193 -0.025301 -0.0206796
2.22982 -0.0130138 -0.0189597
2.2456 -0.0272989 -0.0163845
2.26318 -0.0341148 -0.0172879
2.298 -0.0364685 -0.0161082
2.27374 0.0241718 -0.0157751
2.34154 -0.0702457 -0.0174457
2.38702 -0.0297527 -0.0183539
2.31265 -0.0217304 -0.0193101
2.37647 -0.0569553 -0.0197102
2.41724 -0.0333138 -0.0207697
2.40737 0.0212002 -0.018114
2.41167 -0.0625515 -0.0177356
2.52972 -0.0602417 -0.0189959
2.4447 -0.0649357 -0.0173763
2.4652 -0.0113316 -0.020008
2.51227 -0.0113153 -0.0159923
2.44083 -0.0501132 -0.0144943
2.49896 -0.0614157 -0.0155055
2.47871 -0.0497663 -0.010791
2.51211 -0.0278356 -0.0147587
2.60666 -0.0246502 -0.0133487
2.52101 -0.0412087 -0.0165097
2.54772 -0.00463295 -0.0215134
2.58511 -0.0146531 -0.0206358
2.56275 -0.0702623 -0.0209049
2.56 -0.112349 -0.020966
2.51587 -0.096468 -0.0243126
2.52784 -0.054258 -0.0296542
2.54408 -0.0556799 -0.0279252
2.53353 -0.0489341 -0.0285682
2.478 -0.0572125 -0.0278439
2.50091 -0.072962 -0.0275697
2.40398 -0.122532 -0.0264317
2.48815 -0.103179 -0.0287623
2.46813 -0.119434 -0.0266902
2.42761 -0.0759959 -0.0294522
2.43615 -0.101432 -0.0278164
2.44055 -0.0782554 -0.0281223
2.35864 -0.0895109 -0.0265183
2.34346 -0.0708117 -0.0212144
2.33393 -0.0623817 -0.0161163
2.35235 -0.0513558 -0.0125593
2.30829 -0.052587 -0.0116405
2.29264 0.00576019 -0.0116624
2.28669 -0.0396113 -0.000527533
2.23152 0.0140367 0.00308928
2.2457 0.0678396 0.00595411
2.24313 0.0559998 0.00788578
2.26462 0.0181057 0.0113636
2.25842 0.0812635 0.0145241
2.19689 0.112702 0.0158056
2.20129 -0.0135667 0.022827
2.26462 0.101441 0.0256213
2.28278 0.101847 0.0276237
2.25519 0.0689685 0.0300606
2.22302 0.141048 0.034283
2.25525 0.131451 0.0394886
2.27349 0.128778 0.0440827
2.25454 0.111869 0.0484744
2.26586 0.132044 0.0495449
2.3759 0.154084 0.048569
2.31656 0.19936 0.0498343
2.34886 0.133411 0.0459913
2.38773 0.101265 0.0447169
2.4439 0.115206 0.0320533
2.32187 0.0659003 0.0273515
2.3947 0.117161 0.0198234
2.46794 0.0176082 0.0191692
2.45746 0.0604196 0.0151177
2.49659 0.0654163 0.00886187
2.47868 -0.0043484 0.0108941
2.51464 0.0556829 0.008854
2.53595 0.0934 0.0093306
2.50429 0.0566546 0.0086337
2.56234 0.0377846 0.0110551
2.5433 0.00354862 0.00960001
2.58564 0.0117884 0.00907907
2.64312 -0.00600481 0.00788769
2.60024 0.0329034 0.00593385
2.60205 0.0155263 0.00466165
2.681 0.0552471 0.00575337
2.65323 0.0457809 0.00295767
2.68118 0.00472796 0.0061191
2.76266 0.0102439 0.0050753
2.71098 0.00571418 0.00460204
2.63898 -0.0122894 0.00557479
2.68726 0.0425348 0.00588736
2.67833 0.0288954 0.00524649
2.6275 0.0197077 0.00407871
2.60932 0.0825443 0.00364718
2.58208 0.0472488 0.00477084
2.56844 -0.00363159 0.00684222
2.58404 0.00236893 0.0063518
2.52015 -0.0440769 0.00586662
2.51468 0.0297419 0.00157794
2.4712 0.0421765 0.00118813
2.53172 0.047692 0.000154821
2.44973 0.0308681 -0.00405994
2.50234 0.0238824 -0.00803176
2.46452 -0.0398276 -0.00918403
2.41958 -0.0354619 -0.0112049
2.38452 0.0157256 -0.00814215
2.46917 -0.0287685 -0.00262347
2.43408 -0.0190201 -0.000448616
2.46874 -0.0124087 -0.00279942
2.47508 -0.016952 0.000773994
2.45168 0.0139396 0.00516447
2.48705 -0.000774384 0.00425896
2.47252 0.0116825 0.00325712
2.42065 -0.00578499 3.56118e-05
2.3612 0.0276365 -0.00120631
2.46331 -0.0282078 0.0005289
2.37116 -0.0175056 -0.00216785
2.34781 -0.00175667 0.00156006
2.26563 0.0161114 0.00260648
2.21371 -0.00134087 0.00318107
2.16709 0.000569344 0.00101885
2.06795 -0.00431347 0.0020462
1.99121 0.0166941 0.00201902
1.98483 0.000303268 0.00122294
1.89936 0.0100293 0.0038813
1.87017 0.00395489 0.00259384
1.80656 0.031558 0.00133762
1.68054 0.0123186 -0.00128594
1.59975 -0.0206852 -0.00841156
1.56287 -0.0580368 -0.0190033
1.51736 -0.0557222 -0.0302304
1.39118 -0.0572567 -0.043889
1.33179 -0.118149 -0.0510365
1.24443 -0.079215 -0.0587193
1.18853 -0.12612 -0.0681819
1.17707 -0.150364 -0.0761653
1.12078 -0.133347 -0.0774809
1.13573 -0.183594 -0.0843877
1.03364 -0.186036 -0.0890795
1.08506 -0.174053 -0.0831081
1.09947 -0.153181 -0.078256
1.09377 -0.188202 -0.0764674
1.08287 -0.13606 -0.0692908
1.13752 -0.0934153 -0.0640115
1.17593 -0.134692 -0.0604045
1.1594 -0.1272 -0.0566577
1.24835 -0.0743836 -0.045139
1.25801 -0.121375 -0.0455064
1.31548 -0.0719018 -0.04572
1.34081 -0.109081 -0.0448529
1.43399 -0.10559 -0.0491912
1.43511 -0.116306 -0.0508441
1.44548 -0.147662 -0.0457975
1.61441 -0.0908041 -0.0420295
1.60629 -0.0721292 -0.0346798
1.66615 -0.0801768 -0.0313753
1.74845 -0.0679383 -0.0265867
1.78793 -0.0108991 -0.019695
1.87444 -0.052547 -0.0165714
1.85892 -0.0251899 -0.0117363
1.9191 -0.0306749 -0.000538262
1.97745 0.00017643 0.000364629
2.07731 0.0304923 0.000457374
2.15541 -0.0191679 0.000792352
2.15584 0.0163713 0.00174793
2.23224 0.00102282 0.00329885
2.26243 0.0118527 0.000524131
2.32028 -0.0219312 -0.00222865
2.35246 -0.0361261 -0.00134674
2.45602 -0.00365257 -0.00417271
2.39782 0.0111957 -0.00146046
2.41834 0.00529385 0.00161776
2.5037 -0.0101919 0.0018321
2.50138 0.0863047 0.00429639
2.49942 -0.0106764 0.00135717
2.52763 0.0170059 0.00277814
2.55648 0.0578222 0.00272807
2.57321 0.0365791 0.00162539
2.63221 0.0240955 0.000136224
2.6478 0.0647945 -0.000548275
2.64917 0.0759583 -0.000295075
2.74597 0.0380516 -0.00438538
2.81356 0.0475349 -0.00260654
2.81453 -0.0207548 -0.00527612
2.9227 -0.0538902 -0.0079414
2.90496 -0.0727043 -0.00573769
2.91839 -0.0571084 -0.00766483
2.91116 -0.0640464 -0.00962606
2.94372 -0.0379615 -0.00723043
2.99654 -0.0544639 -0.0131678
3.01126 -0.0397549 -0.0118476
2.96267 -0.0527897 -0.0133916
3.053 -0.000632286 -0.0110363
3.01514 -0.0425138 -0.0121068
3.08049 -0.0451221 -0.0142559
3.09265 -0.0437727 -0.0162601
3.13526 -0.063653 -0.0152701
3.09377 -0.0470476 -0.0179783
3.14098 -0.0109024 -0.0214922
3.14181 -0.0199509 -0.0201849
3.18259 -0.00925922 -0.0178415
3.19852 -0.00253296 -0.0176806
3.24601 -0.0516939 -0.0150529
3.24916 0.00526333 -0.0112032
3.26739 0.00117397 -0.0113439
3.24091 0.00711632 -0.012355
3.25376 0.0174675 -0.0129279
3.23376 0.0530558 -0.0119628
3.29711 0.0128098 -0.0132095
3.34986 -0.0136929 -0.012051
3.35444 -0.0171099 -0.012267
3.37872 0.0348063 -0.0100328
3.35148 -0.0395141 -0.0133349
3.32362 -0.119259 -0.0128414
3.31472 0.00137678 -0.00999227
3.35252 -0.0391813 -0.00505844
3.38414 0.0930903 0.00307473
3.38151 -0.0453474 0.00415787
3.31443 0.050652 0.00428733
3.26373 0.0186092 0.0021232
3.17896 -0.0294847 -0.00106946
3.21294 0.00928795 0.00302943
3.11484 -0.012855 0.00163445
3.15382 0.0027653 0.00182876
3.1507 0.0351824 0.00220498
3.16661 -0.0585944 -0.000942143
3.17845 -0.0959814 -0.00140491
3.1274 -0.0396982 -0.0016388
3.08169 -0.0734718 -0.00077978
3.0866 -0.004691 -0.00270668
3.05198 -0.0611762 -0.00201503
3.13817 -0.0644503 -0.00463763
3.11681 -0.00701627 -0.0018808
3.09905 0.00180721 -0.0044407
3.04742 -0.0308917 -0.000504168
3.11019 -0.0075326 -0.00387326
3.00254 0.052206 -0.00347701
3.11026 0.0559058 -0.00298491
3.09893 0.0405636 -0.00601426
3.12794 0.015295 -0.00652281
2.98142 -0.0329041 -0.00814477
3.04617 -0.0208426 -0.00916663
3.0895 -0.0925179 -0.0134071
2.99594 -0.0176153 -0.00942198
3.06199 -0.0681362 -0.0072898
3.01897 -0.0397949 -0.00884691
3.05216 0.00846291 -0.0102452
3.05324 -0.0178986 -0.00914398
2.96745 -0.0479221 -0.0091745
3.06022 0.00135803 -0.00642172
3.03752 0.0655766 -0.0076603
2.98271 -0.0650921 -0.00602666
3.04197 0.00861931 -0.00305692
3.07163 0.0178547 -0.00324431
3.07564 0.0150766 -0.00434199
3.04154 0.00221252 -0.00372353
3.02431 -0.00709152 -0.00394717
3.0222 -0.0182896 -0.00281111
2.98626 0.00365734 -0.00277558
3.04742 -0.0664711 -0.00233188
2.95821 -0.00706196 0.000700084
3.12189 0.0593853 0.00631985
3.12156 0.015625 0.00732598
3.12482 -0.00891304 0.00913366
3.09383 0.0448895 0.0129109
3.16065 0.0746222 0.0149163
3.19009 0.0742927 0.0135415
3.20284 0.0551443 0.0140041
3.14474 0.0719891 0.0163361
3.14428 0.0347619 0.0172845
3.2613 0.0429516 0.0148095
3.30305 0.0605335 0.0125647
3.31445 0.0329275 0.0141142
3.18491 0.0226097 0.013574
3.28891 0.0566859 0.0112997
3.19609 0.00069046 0.0092133
3.26603 0.0349507 0.00819072
3.30346 0.0510836 0.00306496
3.29647 0.0025835 -0.00188247
3.33736 0.0325661 -0.00132862
3.28448 -0.020175 -0.00034109
3.32798 -0.0238247 0.00240549
3.3293 0.0317459 0.00641426
3.30693 0.0982761 0.0057784
3.38427 0.0573692 0.00531182
3.4235 0.0422821 0.00607094
3.42728 0.0550404 0.00212464
3.4791 0.0602188 0.00563678
3.41915 0.0731239 0.00435814
3.43955 0.0464029 0.0040482
3.55842 0.11625 0.00650677
3.38154 0.0741739 0.00545415
3.53718 0.0281324 -0.00056115
3.47031 0.0495329 -0.00272337
3.42388 0.0466022 0.00499758
3.3699 0.079113 0.00192603
3.35612 0.0407686 0.00444063
3.35869 0.0587664 0.00179753
3.35313 -0.081645 -0.000189932
3.40511 0.0436678 0.000182716
3.2884 -0.0329585 0.00192866
3.3301 0.00524759 0.00186381
3.28781 0.0150156 -0.000404032
3.30424 0.0666018 -0.000833662
3.24161 -0.0250483 0.00196394
3.22804 0.0145555 -0.000516327
3.20138 0.0116296 0.00282368
3.33435 0.0365939 0.00397619
3.24762 0.064234 0.00410017
3.25221 0.0546257 0.00425896
3.24846 -0.00904655 0.0041593
3.27899 0.100965 0.00335488
3.20929 -0.0198479 0.0028139
3.24836 0.0118895 0.00116285
3.18954 0.0129251 0.00354323
3.19872 -0.0174992 0.0033358
3.10266 -0.038254 0.000456659
3.11797 -0.00935698 0.00271472
3.03742 -0.0483341 0.00306567
2.99972 0.0349822 0.00625571
2.97665 0.0308633 0.00050625
3.03698 -0.0554795 0.00101146
2.84806 -0.0387111 0.00384816
2.81744 -0.000229359 0.0033625
2.86253 -0.0191393 0.00356921
2.86114 -0.0528858 0.00325545
2.76444 0.065794 0.000151245
2.73584 0.0847399 0.00244626
2.6737 0.0480295 0.000342933
2.69685 -0.0272286 -0.000332506
2.56162 -0.00151873 -0.00610843
2.65798 0.00387859 -0.00844017
2.54641 -0.0172856 -0.00413171
2.52674 -0.0212131 -0.00746885
2.44817 0.0265189 -0.00645009
2.3757 0.0518963 -0.00586453
2.24764 0.00612259 -0.0074741
2.21057 -0.038166 -0.0107733
1.9784 0.00542879 -0.0207459
2.01547 -0.100479 -0.0270087
1.80246 -0.141305 -0.0426308
1.78235 -0.0946484 -0.0539664
1.61056 -0.142012 -0.0637573
1.51598 -0.17172 -0.0655414
1.43339 -0.21796 -0.0674008
1.34996 -0.182811 -0.0701369
1.22847 -0.166366 -0.0651793
1.14875 -0.143391 -0.0710937
1.173 -0.171808 -0.07202
1.20139 -0.192046 -0.0774192
1.11953 -0.160039 -0.0797216
1.1695 -0.17355 -0.0754475
1.111 -0.0990639 -0.0707754
1.10253 -0.0888605 -0.0555045
1.14676 -0.0867796 -0.0308785
1.24379 -0.0148754 -0.0188855
1.27118 -0.00780296 -0.00993648
1.30379 -0.00206661 -0.00872556
1.37571 -0.0688992 -0.00140944
1.39208 -0.00146103 0.00736508
1.44963 0.0327263 0.00600633
1.46401 -0.0157433 0.003553
1.56877 -0.0311003 0.00432333
1.52936 -0.0138168 0.00546202
1.58939 -0.0284595 -0.000790509
1.60577 -0.0823193 -0.00124112
1.63865 0.0205936 -0.00143114
1.64789 -0.0477943 -0.000760468
1.69426 -0.0402737 -0.00090638
1.8169 -0.0458851 6.56525e-05
1.78314 -0.0535889 0.000955192
1.80529 -0.031229 -0.00117508
1.91167 -0.0524406 0.00214276
1.921 0.0236683 0.000453083
1.98712 -0.0845833 -0.00315324
2.0368 -0.0644264 -0.00197163
2.06999 -0.0161324 -0.00222746
2.02165 -0.0389204 0.00300798
2.13614 0.0485897 0.0028232
2.13849 0.033052 0.00126466
2.17699 0.0126259 0.00312385
2.19533 0.0433515 0.000904886
2.25353 0.0341878 -0.000840338
2.27295 0.0418143 -0.00112215
2.30683 -0.00965166 9.73622e-05
2.34216 0.0135486 0.00112638
2.37898 0.0224886 0.00260672
2.41566 -0.0180521 -0.000388535
2.37396 0.0337667 -0.00062743
2.40875 0.0035696 0.000632135
2.48454 0.0433087 0.000679104
2.4225 0.0236101 -0.000136526
2.50399 0.0100241 0.0022355
2.50609 -0.0414701 -0.000448616
2.47029 0.0370913 0.00217137
2.50781 0.0103624 -0.00256673
2.57337 0.0418151 0.000145046
2.44812 0.028945 0.00160369
2.4163 -0.0355053 0.000263302
2.43861 0.0819602 0.00512537
2.47596 0.0484152 -0.000322254
2.3866 -0.0202913 -0.0017623
2.39733 -0.00498199 -0.00180116
2.36161 0.0227356 0.00195297
2.31838 -0.0147591 -0.000164183
2.30157 0.00480747 0.0029386
2.2762 0.00813961 0.00360951
2.26031 -0.0615749 0.000228969
2.32572 0.043869 0.00016698
2.21547 0.0299034 0.00311026
2.15557 0.0398407 0.000176756
2.28369 -0.00348139 -0.00127521
2.16479 0.0279422 0.00180539
2.17307 -0.000671864 0.00131568
2.11036 0.00727725 -0.00166574
2.01445 -0.00463629 0.00127706
1.84352 -0.017375 0.00141582
1.92896 0.0142875 -0.000548275
1.89694 -0.00247574 -0.00739399
1.84001 0.00250483 -0.0124182
1.81684 -0.031888 -0.0201496
1.76568 -0.0420828 -0.0288426
1.64505 -0.0552673 -0.0404915
1.57658 -0.0926504 -0.0480308
1.45731 -0.15969 -0.0546779
1.41762 -0.143946 -0.0597908
1.3375 -0.108779 -0.0649489
1.4007 -0.164585 -0.0659889
1.3208 -0.151309 -0.0726966
1.37177 -0.194756 -0.0755552
1.28316 -0.163372 -0.0754234
1.27365 -0.089571 -0.0737135
1.28767 -0.113625 -0.0680849
1.31337 -0.136647 -0.0691771
1.24518 -0.152677 -0.0624134
1.24354 -0.120016 -0.061325
1.24812 -0.0645685 -0.0620762
1.23965 -0.107856 -0.0599374
1.29203 -0.0861812 -0.0573284
1.28359 -0.0911334 -0.0548908
1.27692 -0.0472159 -0.0487305
1.33457 -0.119012 -0.0418452
1.4228 -0.0588503 -0.0394703
1.49187 0.0122066 -0.0311646
1.46181 -0.00930481 -0.0320651
1.48224 -0.0403781 -0.0273968
1.57874 -0.106222 -0.0188712
1.67024 -0.0533631 -0.0186969
1.65408 0.00621831 -0.0169038
1.69047 -0.0572668 -0.0141989
1.75544 -0.0242559 -0.0123235
1.7219 -0.0154541 -0.0126669
1.82994 0.00196266 -0.00657669
1.83367 -0.0246301 0.000805704
1.89361 -0.057333 0.00108895
1.87942 0.0855303 -0.00406471
1.78056 0.19746 -0.0154845
2.10336 -0.016139 0.00285253
2.07522 -0.0303898 0.000952331
2.16388 0.0894117 0.00143203
2.00494 0.0254641 -0.00706354
2.15063 -0.0562224 -0.00358883
2.28646 0.0361004 -0.00456825
2.06738 0.0353661 -0.00176183
2.24466 0.0238936 -0.00355974
2.27591 -0.0208504 -0.00108066
2.31111 -0.0274959 0.000664798
2.3327 0.0200858 -0.000397118
2.32881 -0.0232792 0.00242695
2.4092 0.026556 0.00429138
2.38336 -0.00334203 0.00554046
2.47598 -0.0231578 0.00342282
2.43057 0.00814462 0.00222811
2.39996 0.0132166 0.00282916
2.4585 0.0432782 0.00259933
2.44086 0.0307159 0.00249037
2.43119 0.0329638 0.00126084
2.31827 0.0676889 0.000642864
2.34806 -0.035604 0.000595657
2.29889 -0.00580215 -0.00176349
2.26538 -0.050539 -0.00241485
2.29078 0.0189686 -0.00238124
2.19011 -0.0390668 -0.00627461
2.11069 -0.0401382 -0.00428239
2.17936 0.0045352 -0.00398269
2.18008 -0.0382562 -0.00557843
2.13779 -0.0236335 -0.00277844
2.15712 -0.0268798 -0.00446859
2.11579 -0.0263215 0.00312361
2.11801 0.0336578 0.00503906
2.03179 -0.0132272 0.00603279
2.13094 0.0112991 0.00600204
2.10388 0.0654895 0.0076085
2.15194 -0.00530434 0.00530371
2.14387 0.0611391 0.00399169
2.24015 0.00611782 0.00341186
2.22797 0.0601597 0.00354633
2.28679 0.0827951 0.00121364
2.21349 0.0651093 -0.000198277
2.28097 0.0558252 -0.000488432
2.29635 0.0149059 0.00280031
2.26608 0.0304842 0.00115523
2.29577 -0.0156255 0.00108847
2.28656 0.0326223 0.00100431
2.38753 0.0724564 -0.000698956
2.3164 -0.010191 -0.00148526
2.35127 0.017498 -0.00488153
2.33825 -0.0486255 -0.00423852
2.33936 0.000409126 -0.00620666
2.35839 0.00643754 -0.00302282
2.39494 0.0171533 -0.00463429
2.46101 0.0195928 0.000854341
2.40027 -0.00399017 0.00186309
2.5063 0.0368657 0.00058159
2.44425 0.0201993 0.00100574
2.50608 -0.101946 0.00116047
2.42891 -0.0346847 0.0031372
2.49212 -0.0131855 0.00157127
2.48628 -0.0177155 0.00503668
2.44875 -0.0106754 0.0041655
2.52114 -0.0120435 0.00340661
2.52314 -0.0399332 0.00303945
2.52464 -0.00216269 -0.000228556
2.5578 -0.0053277 0.000524131
2.55224 -0.0436431 -0.00046459
2.57087 0.0215057 -0.00148502
2.5994 -0.0353427 0.00106463
2.65342 0.0040361 0.00117931
2.62993 -0.00613594 0.00220379
2.65458 0.00185299 0.0018681
2.7126 -0.0450115 0.00188216
2.69503 -0.0056572 0.00027403
2.71986 -0.0120368 -0.0030202
2.82214 -0.0568967 0.000308601
2.76749 -0.0436182 0.000995485
2.78519 0.0368137 0.000451414
2.78221 -0.0286252 -0.00050536
2.84372 0.0615301 -0.00169531
2.81114 -0.0452616 -0.00049034
2.84584 -0.0358639 0.00254282
2.83745 0.0173182 0.000789968
2.86146 0.015233 0.000156013
2.87866 -0.00121832 0.00227961
2.82581 -0.0306192 0.00255903
2.79423 0.0234902 0.00132116
2.84968 -0.0201248 0.00208577
2.81271 -0.00775576 0.00272473
2.76939 0.041184 0.00122341
2.82666 -0.0182313 0.00290498
2.81799 -0.0224341 -0.000830086
2.8637 0.0258247 0.000130741
2.81591 -0.0203307 -0.000312479
2.8423 -0.0126801 -0.000275286
2.86085 0.0116663 -0.00231019
2.84781 -0.0116148 0.000158397
2.92146 -0.0262223 0.00398287
2.90311 -0.0246538 0.00403485
2.91903 -0.00889063 0.00197205
2.93151 0.0457644 0.00203165
2.92717 -0.0189843 -0.00179592
2.92837 0.0402327 -0.00400225
2.98923 -0.0489321 -0.00109044
2.96155 -0.0223465 0.000531522
2.91671 0.00810194 0.00235352
2.90272 0.0424967 0.00102433
2.84263 -0.0502019 -0.000802191
2.82855 0.0424862 0.00119218
2.82257 0.04252 0.000831453
2.9122 -0.0571523 0.000220386
2.91884 0.0482526 0.000867216
2.8633 -0.0144448 0.000504104
2.81148 0.0521271 -0.000320347
2.83212 0.0196972 -0.000662716
2.87497 0.0182457 0.00194368
2.91309 0.0395746 0.0025588
2.9322 0.000795364 0.000458805
2.93017 -0.00228405 0.000204651
2.94457 0.011291 0.000786153
2.9236 -0.00278234 0.00225481
2.93786 0.00740969 0.00133762
2.99318 0.0619835 0.00386175
2.91762 -0.0310578 0.00554547
3.01801 0.00916815 0.0021232
3.04749 0.0640295 0.00184664
3.21037 0.0155838 0.00461969
2.98867 -0.00136559 0.0023795
3.00242 0.0258203 0.00182852
3.05535 -0.0287189 -0.000459107
3.04853 -0.00892186 0.00253472
3.02377 0.0402679 0.000966398
3.02892 0.0260094 0.000611393
2.9815 0.00516558 0.00132283
3.07864 -0.0225979 0.00212654
3.07855 0.0553451 5.03937e-05
3.00003 0.0378563 -0.00121489
3.02488 0.0570052 0.00248536
3.07063 0.0108267 0.00112542
3.04987 0.0492244 0.000177471
2.97074 0.0399041 6.49373e-05
3.05167 0.0068903 -0.00119224
2.94487 -0.0103989 -0.00203815
2.9804 -0.0267849 -0.00287453
3.00128 0.0209942 -0.000941666
3.00558 -0.0071826 -0.000822934
2.9769 0.0370216 0.00115284
2.96451 -0.0286188 4.41949e-05
2.8941 0.0424252 0.00163016
2.96558 0.029294 0.00229224
2.93117 -0.0272999 0.00143298
2.97531 -0.0229759 0.00321445
2.95713 -0.0334587 0.00168046
2.98273 -0.0541534 0.00249418
2.95257 -0.0254498 0.00186619
2.9037 -0.0385036 0.000990001
2.86578 -0.0416946 0.00465998
2.83582 -0.00675392 0.00422939
2.84773 -0.0319023 0.000554411
2.82311 -0.0161304 -0.000731619
2.88446 -0.0279465 0.00138911
2.73061 -0.0329247 0.00352773
2.82069 -0.0236797 -0.000356825
2.84591 -0.0204506 0.000775901
2.70416 -0.0359955 -0.000305565
2.66647 -0.0710516 -0.00351063
2.76701 -0.0013299 -0.000554713
2.72413 -0.0159566 -0.00259987
2.7319 -0.00692332 -0.00285521
2.66581 0.009552 -0.00334755
2.54699 -0.0147622 -0.00348965
2.57666 0.047209 -0.00812164
2.54327 -0.0375055 -0.00820032
2.54772 -0.0208002 -0.00918117
2.51051 -0.0329105 -0.00891605
2.44994 -0.0168986 -0.0136406
2.45292 -0.0463982 -0.0149035
2.41834 -0.0107508 -0.0171475
2.41741 -0.0281944 -0.0208098
2.38799 -0.0639887 -0.0222482
2.39777 -0.0413218 -0.0249738
2.35704 -0.0587854 -0.0252909
2.31636 -0.0848465 -0.027312
2.29873 -0.116735 -0.0271565
2.3172 -0.0730228 -0.0276314
2.30002 -0.04739 -0.0296496
2.27002 -0.0529461 -0.028053
2.2887 -0.0393543 -0.0242263
2.27913 -0.0521164 -0.0213586
2.28354 -0.0615959 -0.0206679
2.27202 -0.0574856 -0.0208716
2.28443 -0.0804062 -0.0231864
2.30996 -0.073698 -0.0264815
2.34012 -0.0728474 -0.024913
2.29654 -0.0924835 -0.0256692
2.29524 -0.0562439 -0.0267934
2.27057 -0.100849 -0.0269345
2.24462 -0.0679798 -0.0276128
2.25388 -0.066061 -0.0282227
2.35658 -0.0870094 -0.0295686
2.24086 -0.0846748 -0.0291063
2.25776 -0.0716591 -0.0304371
2.19689 -0.0838737 -0.0292949
2.32994 -0.0885696 -0.0299002
2.2483 -0.061038 -0.0287956
2.33437 -0.118199 -0.0284969
2.36728 -0.0778787 -0.0335151
2.31538 -0.0945802 -0.0340928
2.36183 -0.10879 -0.0333802
2.3283 -0.0227933 -0.0317496
2.28683 -0.0476727 -0.0259043
2.29445 -0.0347981 -0.0239672
2.32053 -0.0631714 -0.0262536
2.33151 -0.0874281 -0.026751
2.34769 -0.0592279 -0.0281982
2.39668 -0.070859 -0.0292899
2.33232 -0.0418444 -0.0293521
2.35739 -0.0631351 -0.0301494
2.33238 -0.0513744 -0.0286004
2.40346 -0.0108681 -0.0243386
2.32919 -0.0101576 -0.0191564
2.43801 -0.0362148 -0.0170013
2.40198 -0.0319643 -0.0162641
2.38238 -0.05021 -0.0157453
2.41653 -0.02034 -0.0155644
2.43044 -0.0381536 -0.0144819
2.43302 -0.0264874 -0.0160617
2.44015 -0.0361271 -0.0161544
2.43922 -0.0329647 -0.0157494
2.47643 -0.0470028 -0.0154628
2.471 -0.0324392 -0.0170669
2.46213 -0.0456619 -0.0164606
2.47716 -0.0228481 -0.0182838
2.57659 -0.00818253 -0.0195967
2.57578 -0.0240536 -0.0214905
2.54264 -0.0340767 -0.0220088
2.55961 -0.0241642 -0.0224873
2.52999 -0.049202 -0.0215997
2.63846 -0.021698 -0.0248345
2.63851 -0.0518131 -0.019792
2.6616 0.00447273 -0.0177256
2.71056 0.00381279 -0.0177802
2.71559 -0.0423317 -0.0179242
2.73589 -0.0283871 -0.0197815
2.81292 -0.0327635 -0.0192741
2.84078 -0.0256844 -0.0223629
2.74625 -0.0887179 -0.0193822
2.80518 -0.0568538 -0.0192455
2.77737 -0.0568762 -0.0211562
2.7753 -0.0668554 -0.0221037
2.77214 -0.0628126 -0.0223669
2.73224 -0.0521553 -0.0244562
2.74353 -0.0458922 -0.0290498
2.80028 -0.0461701 -0.0287344
2.78047 -0.0553906 -0.0288819
2.75153 -0.123555 -0.0318653
2.72435 -0.118653 -0.0324422
2.76595 -0.0672824 -0.0322551
2.70114 -0.0829483 -0.0321817
2.73403 -0.0917985 -0.0299532
2.7376 -0.127143 -0.029077
2.75012 -0.13048 -0.0270704
2.74663 -0.0975857 -0.025802
2.72849 -0.0479302 -0.0274369
2.72191 -0.103728 -0.0225643
2.67628 -0.0279078 -0.0250267
2.6379 -0.11106 -0.0217046
2.6775 -0.0805612 -0.01918
2.64314 -0.0769248 -0.0155717
2.67203 -0.0241756 -0.0152477
2.60905 -0.0447345 -0.0118176
2.59017 -0.0261297 -0.00353161
2.45583 0.0594783 0.00511917
2.57392 0.0817537 0.00860509
2.52914 0.0788059 0.0142868
2.53932 0.0296273 0.0188204
2.49058 0.0651684 0.02242
2.45214 0.0918825 0.023687
2.45232 0.0688872 0.028277
2.4606 0.0623431 0.03608
2.47501 0.112539 0.03625
2.50917 0.144529 0.0355912
2.52991 0.130002 0.0355318
2.4539 0.110567 0.0361064
2.47593 0.106141 0.0395399
2.49176 0.077167 0.044695
2.52081 0.186111 0.0439392
2.57941 0.18222 0.0468727
2.5113 0.103774 0.0463456
2.63249 0.114123 0.0424319
2.67987 0.0987659 0.031642
2.61212 0.106242 0.0244976
2.65962 0.0702848 0.0199736
2.65254 0.0691485 0.0178004
2.64164 0.0628285 0.0144647
2.68898 0.0401565 0.0177232
2.75524 0.0646553 0.0142048
2.71829 0.0454645 0.0133236
2.72116 0.00633693 0.00947818
2.78239 0.0409427 0.0119904
2.77235 0.000957727 0.009343
2.87234 0.0425763 0.00971374
2.80446 0.0313401 0.00904831
2.76681 5.91278e-05 0.00644645
2.87752 0.06292 0.00252923
2.92509 0.0570772 0.00287017
2.84683 0.0361373 0.00366768
2.87221 0.0262109 0.00403866
2.89095 0.0106905 0.00364384
2.87128 0.0300355 0.0027326
2.94541 0.00785208 0.0026885
2.86324 0.00839329 0.00184187
2.9022 0.0434728 0.00278625
2.9916 0.0101011 0.00622377
2.94302 -0.0259025 0.00583586
2.97473 0.0292969 0.00437173
2.93141 -0.0326092 0.00401839
2.876 -0.0154923 0.00357207
2.94486 -0.023001 0.00389299
2.88671 0.023365 0.00145373
2.9388 0.0226622 0.00316438
2.83335 0.0141153 -0.00196973
2.88992 -0.0104871 -0.00432626
2.84784 0.0101066 -0.00329033
2.85665 0.00164223 -0.000629576
2.83152 0.0192003 0.00342235
2.81356 0.00846815 0.00207242
2.82252 0.0131922 0.00169024
2.79804 0.0153446 0.00188431
2.79249 0.00246334 0.00209698
2.77977 -0.0408525 0.00198659
2.71725 -0.00144863 0.0025104
2.64956 0.0103493 -0.00106183
2.67038 -0.0132923 -0.000136765
2.49158 0.0476522 0.00348219
2.43116 -0.0609074 -0.00101724
2.34061 -0.0292711 -0.000929268
2.29356 -0.00796223 -0.000156315
2.25991 -0.0265703 -9.90947e-05
2.09465 -0.0187769 0.000305502
2.04371 0.0253716 0.000515548
2.00779 0.0521049 -0.000559958
1.82786 -0.0268631 -0.00989285
1.80907 -0.0808258 -0.022994
1.69154 -0.0832272 -0.0357856
1.79954 -0.0901403 -0.0453123
1.62843 -0.0962934 -0.0483042
1.53945 -0.1026 -0.053862
1.45322 -0.124389 -0.0581135
1.42916 -0.138702 -0.0666613
1.36309 -0.124169 -0.0758909
1.34342 -0.202007 -0.0876886
1.27301 -0.224811 -0.0886537
1.28836 -0.200003 -0.0881499
1.31096 -0.233542 -0.0866295
1.32544 -0.171717 -0.0853263
1.33028 -0.170249 -0.0832082
1.34256 -0.152612 -0.078817
1.4126 -0.168073 -0.0822002
1.3703 -0.208703 -0.0769664
1.42828 -0.19743 -0.0718888
1.44503 -0.188417 -0.0622632
1.55781 -0.141685 -0.0449452
1.60115 -0.0805984 -0.0376131
1.59763 -0.102567 -0.0386442
1.70465 -0.106555 -0.0386767
1.72725 -0.0280552 -0.0373251
1.80479 -0.0829625 -0.0369414
1.79882 -0.0443339 -0.030337
1.93123 -0.0612931 -0.0228237
1.99471 -0.0382657 -0.0153574
1.99884 -0.0569201 -0.0114228
2.04388 -0.017858 0.00251636
2.12743 0.0337677 0.0012165
2.17351 0.0335712 0.00110182
2.26029 0.0239229 0.00286445
2.3031 -0.00852346 0.000968544
2.32774 0.0140529 0.00195822
2.37124 -0.0153747 0.00132546
2.40321 0.016191 0.000725357
2.55302 -0.0197735 -0.000526818
2.58755 -0.0198584 -0.00425711
2.62644 -0.00538445 -0.00103584
2.66001 0.00193787 0.00268897
2.73345 0.031909 0.000576584
2.83378 -0.0383816 0.00167379
2.7999 0.0138187 0.00119957
2.74908 -0.0101252 0.00107655
2.95885 0.0598602 -0.000874909
2.86723 0.0479183 0.00142631
2.93524 0.041584 -0.000307473
3.01882 0.0186062 -0.00345317
3.02423 -0.0252972 -0.00468555
3.06842 -0.0243731 0.00104937
3.10353 -0.0814037 -0.00444904
3.06615 0.018672 -0.00220362
3.01037 -0.0241022 -0.00191084
3.08689 0.0237002 -0.0101182
3.06489 -0.0492983 -0.0132934
3.08874 0.0183821 -0.0119006
3.11026 -0.0452166 -0.0147182
3.07032 -0.0143547 -0.0161113
3.19617 -0.0416498 -0.0121893
3.14298 -0.0802784 -0.0087072
3.10471 -0.107239 -0.00793687
3.18968 -0.02279 -0.0102858
3.25733 -0.0159845 -0.0123629
3.21375 -0.0364494 -0.016776
3.27769 -0.0428362 -0.0165726
3.28052 -0.0499249 -0.0178451
3.33157 0.0168877 -0.0181419
3.29201 0.0512486 -0.0169887
3.29998 -0.0239401 -0.0154752
3.39704 -0.00812054 -0.0138561
3.42163 -0.0133133 -0.010997
3.45404 -0.0328474 -0.0161175
3.49484 0.0101881 -0.0153505
3.49586 0.00867081 -0.0163535
3.50193 -0.0655384 -0.0199126
3.42422 -0.0956669 -0.0165285
3.52177 -0.00653267 -0.0140893
3.51385 -0.0113664 -0.0148491
3.46851 -0.0153749 -0.00821939
3.57654 -0.0895958 -0.0033373
3.58713 -0.0318902 -0.00278464
3.59872 0.0737967 0.00305685
3.614 -0.0233622 0.00130519
3.51935 0.0406662 0.00394115
3.51562 0.0138193 0.00329146
3.45933 -0.0154654 0.00163659
3.45414 0.0617605 0.000365822
3.39516 -0.0615261 -0.00379411
3.46056 -0.0311625 -0.00228992
3.47598 -0.0867482 -2.73307e-05
3.43903 -0.0692285 0.00188145
3.43842 -0.0258695 0.000157205
3.4228 -0.00688899 -0.00298515
3.43538 -0.0410675 -0.00421444
3.29883 -0.0233619 -0.00330392
3.28651 -0.0347588 -0.00558582
3.13235 -0.0597755 -0.00625554
3.15688 -0.0160499 -0.00783101
2.93022 -0.00947356 -0.00986496
3.18513 0.0115314 -0.0107817
2.80413 0.0262556 -0.0108561
2.67633 -0.0286441 -0.0156676
2.53517 -0.0225968 -0.0167097
2.3067 0.0134993 -0.00850621
2.20681 -0.00619793 -0.00330368
2.23663 -0.00126648 -0.00248328
2.24794 -0.00402641 -0.00068179
2.21405 -0.0255127 0.00386032
2.29876 0.0750685 0.00209769
2.31304 0.00488186 0.000366298
2.28559 0.00159359 0.0017558
2.36874 -0.0429726 -0.00102845
2.31886 -0.0429497 -0.00185219
2.34607 0.0668907 0.000969497
2.30862 -0.000534058 -0.000908764
2.34312 -0.0764351 0.000439254
2.44883 0.0343294 -0.00276867
2.40731 -0.0758429 -0.00275198
2.41934 0.0284386 -0.00218502
2.3884 -0.0186214 0.00320729
2.39871 -0.0220795 0.00154218
2.39149 6.67572e-05 0.0019606
2.47758 0.0308628 0.00148949
2.53305 0.0699863 0.00117501
2.57691 0.015521 -0.000782879
2.5722 -0.011837 -0.00478783
2.50516 -0.0211668 -0.0046455
2.53497 0.0240955 -0.00387398
2.56801 -0.0443926 -0.00384751
2.63693 0.00404835 -0.00422302
2.6246 -0.0266933 -0.00357619
2.68285 0.0355701 0.00136861
2.76134 0.0454922 -0.000850113
2.70504 0.0507879 0.000795452
2.74646 0.0497618 0.00573787
2.76555 0.0971355 0.00721606
2.775 0.111686 0.00799355
2.83585 0.0424385 0.0102349
2.85189 0.0616846 0.00941571
2.92083 0.0338922 0.0134142
2.91884 0.0689907 0.0109733
2.92859 0.0414577 0.0132938
2.91559 0.0286798 0.0122069
3.05679 -0.028285 0.0118709
2.92024 0.0489025 0.0101651
3.08517 0.119084 0.0122126
2.95703 0.014544 0.00936732
2.99517 0.0464716 0.0112761
3.012 0.0682011 0.00827011
3.0666 0.0302277 0.00439986
3.03131 0.0513487 0.00181326
3.07144 -0.0111456 0.000161497
3.15311 -0.0449276 0.00386533
3.11682 0.0317383 0.00669011
3.19605 0.0259151 0.00236758
3.23176 0.0195332 0.00178847
3.22068 0.101849 0.00327715
3.22596 0.0413074 0.00355395
3.23243 -0.00252342 0.0051547
3.22701 0.0599518 0.00326928
3.24786 0.0936432 0.00258931
3.33247 -0.0188456 -0.00200716
3.32544 0.081521 0.00276693
3.35087 0.0517654 0.000848858
3.36695 0.0151701 0.00255236
3.38606 0.062849 -0.00181261
3.39492 0.0452852 0.00252446
3.42921 0.0705729 0.00312719
3.38136 0.0505342 0.00384983
3.40726 0.0454769 0.000202982
3.31519 0.0607042 0.00231895
3.4446 0.0143948 0.00135073
3.42139 -0.0555577 0.00187024
3.39052 0.0277395 -0.000571879
3.3282 0.0476322 -0.00115052
3.27203 0.0325336 0.00270352
3.31716 0.0254974 0.0032874
3.17754 0.0662222 -0.000109108
3.29033 0.0463266 0.00253996
3.29134 0.0264673 0.00313219
3.17958 0.00984716 0.00235161
3.17612 0.0283113 0.00510034
3.16518 0.0553327 0.00289663
3.22832 0.038506 0.00491008
3.23023 0.0255322 0.00482115
3.19636 0.0545716 0.00523552
3.23029 0.0182133 0.00770053
3.15769 0.017869 0.00820765
3.15119 -0.0523779 0.00329193
3.10024 -0.0221672 0.00569138
3.10685 -0.0481634 0.0048438
3.03988 0.0845795 0.00499996
3.03515 -0.0203896 9.37859e-05
2.99558 -0.0144506 0.00251278
3.09546 -0.0310636 0.00359449
2.96186 -0.00968742 0.00469526
2.99129 -0.010824 0.00360593
3.00306 -0.0582607 -0.000778826
2.93387 0.069087 -0.000689419
2.92313 0.0238965 -0.00392643
2.89369 -0.0454602 -0.00721803
2.83184 -0.0434589 -0.00708428
2.72219 0.000354767 -0.00711242
2.74239 -0.0205703 -0.00569454
2.57985 -0.0215268 -0.00884929
2.59293 -0.0377102 -0.00468317
2.55908 0.0104914 -0.00680366
2.38771 0.0396767 -0.00701133
2.35395 0.00549412 -0.00811616
2.22814 -0.000472069 -0.0136389
2.19724 -0.0397849 -0.0239386
2.02353 -0.0847988 -0.042504
1.93454 -0.0746431 -0.0578746
1.78114 -0.210496 -0.0651266
1.77759 -0.175555 -0.078623
1.73775 -0.181715 -0.0900106
1.61983 -0.223559 -0.0927214
1.64299 -0.222891 -0.0949863
1.73254 -0.191606 -0.0935101
1.6577 -0.196824 -0.0913571
1.75427 -0.189206 -0.0856589
1.7042 -0.191092 -0.0760047
1.70882 -0.112774 -0.0625826
1.74131 -0.0830469 -0.0419523
1.86631 -0.097949 -0.0124206
1.86091 -0.0124292 -0.00234285
1.92816 -0.0302858 -0.00242201
1.96918 -0.0310421 -0.00409237
1.94331 -0.0155621 -0.000770481
2.03877 -0.0222797 -0.00265303
1.9925 -0.0306606 0.000353901
2.06397 -0.0202675 0.00894293
2.09334 0.00691032 -0.00225702
2.2269 -0.0142117 0.00410613
2.16917 0.0255928 0.000942794
2.16625 -0.0148354 0.00199422
2.2096 -0.0920887 0.00114974
2.31436 -0.0401688 0.000363199
2.26401 -0.0215168 0.00246581
2.28522 -0.0253277 0.00435504
2.3848 0.0056572 0.00320729
2.33912 -0.0261307 0.00197562
2.3962 -0.0119901 0.00180945
2.42434 -0.00346693 0.0023528
2.38393 -0.0206482 -0.000619562
2.39086 0.0350618 -0.00166741
2.39244 -0.00360727 0.00256333
2.33041 0.0344143 0.00362763
2.34475 0.0109057 0.00379023
2.32815 0.0281343 0.00237903
2.28494 0.0321884 0.00257072
2.30323 0.0139847 0.00375494
2.35037 -0.00276709 0.00269851
2.31574 0.0843468 0.000249712
2.33433 0.0405302 -0.000497015
2.32231 -0.0499086 -0.00441638
2.36329 0.0296588 -0.00300065
2.38611 -0.00269079 -0.00286427
2.36744 -0.0297623 -0.00107709
2.38429 -0.0157579 -0.00344768
2.49652 -0.110144 0.00273856
2.3963 -0.00740051 0.00369152
2.40943 0.059 -0.000719221
2.47093 0.0168877 -0.0024561
2.48179 0.00606823 -0.00234977
2.37139 0.00406933 0.0013276
2.38324 0.0221233 0.0032824
2.46192 0.0179405 0.00742253
2.41827 0.0382671 0.00796971
2.43813 -0.0581923 0.00288567
2.36422 -0.00461006 0.00513109
2.34239 0.0281677 0.00380668
2.27315 0.00159168 0.00437292
2.37569 0.0240316 0.00214872
2.25435 0.0226259 0.00523361
2.26303 0.0119386 0.00223788
2.17153 0.0441334 0.00160441
2.10199 -0.0373349 0.000497905
2.0212 -0.039813 0.00481924
1.94396 0.00150871 0.00424942
1.89024 0.00607109 -0.0026156
1.74732 0.0112619 -0.0047783
1.7194 -0.0482235 -0.00952545
1.64349 -0.0493422 -0.0239343
1.54781 -0.0368795 -0.0355107
1.47775 -0.0878153 -0.0487458
1.42219 -0.121239 -0.0650989
1.39764 -0.148584 -0.0691606
1.36667 -0.161771 -0.0724
1.38868 -0.153857 -0.0728082
1.40628 -0.119647 -0.0714456
1.36991 -0.150698 -0.0686268
1.35475 -0.154768 -0.0681311
1.32183 -0.165002 -0.0671927
1.32151 -0.107212 -0.066786
1.32185 -0.0969696 -0.0662266
1.31866 -0.123682 -0.068617
1.33882 -0.150452 -0.0664436
1.31897 -0.176702 -0.0659348
1.28788 -0.143198 -0.0641035
1.35098 -0.129058 -0.0646714
1.37279 -0.157174 -0.0638444
1.41512 -0.096487 -0.0613243
1.40028 -0.153306 -0.060466
1.38452 -0.132403 -0.0533957
1.49725 -0.0460527 -0.046507
1.5451 -0.0161903 -0.0399698
1.49048 -0.117147 -0.0244211
1.65125 0.04329 -0.013055
1.52669 -0.042055 -0.0116104
1.56378 -0.00550365 -0.00448004
1.70414 0.00842381 -0.00248304
1.71241 0.0201788 -0.00187102
1.69696 0.0335232 -0.00460091
1.75154 0.0312433 -0.00235406
1.77222 -0.0319052 -0.00414434
1.8159 0.00889969 -0.00170127
1.82607 -0.0265894 -0.00589767
1.89725 0.0367496 -0.00770822
1.87847 0.1205 -0.010738
1.93069 -0.0410652 -0.00690547
1.92303 -0.108305 -0.0108811
2.00022 -0.065732 -0.00838366
1.92944 0.0342116 -0.015154
2.11413 0.0137081 -0.00768152
2.08642 0.00647449 0.00181636
2.06878 0.0117445 0.00703677
2.13965 0.0279179 0.0158649
2.16205 0.0156469 0.0200449
2.21067 0.0760256 0.0184978
2.21141 0.0403887 0.0175482
2.35788 0.0021379 0.0121053
2.26943 0.0556164 0.00241431
2.32579 0.00373733 0.00172171
2.36499 -0.0382618 -0.000826271
2.41149 -0.042985 -0.000109108
2.38464 0.0300767 0.00126156
2.41474 0.0113454 8.83023e-05
2.52677 0.0195017 -0.00281587
2.46776 0.00127316 -0.00264636
2.47407 0.0199499 -0.00332108
2.44314 -0.0119257 -0.0047442
2.52458 -0.0325537 -0.00424949
2.49757 -0.0552616 -0.0036749
2.54236 -0.0346832 -0.00429574
2.6621 -0.121109 -0.00295893
2.54236 -0.0410829 -0.00291983
2.56479 0.0328901 -0.00173274
2.52248 -0.0506151 -0.00178543
2.61904 0.0202546 -0.0032734
2.50352 -0.046553 -0.000223788
2.61008 0.0311983 0.00350007
2.52887 0.0648632 0.00863465
2.49741 0.0472846 0.00820836
2.53844 0.0221825 0.00584134
2.53134 0.0382872 0.00548872
2.51846 0.0340643 0.00557884
2.53727 0.0239325 0.00181564
2.56024 0.0361414 0.0023981
2.59538 -0.0138531 -0.00213209
2.57573 0.046174 0.000548212
2.54591 0.0652485 0.000241129
2.52131 -0.00272083 0.00182637
2.54599 0.0270166 0.00149903
2.61993 0.0490913 -0.00222984
2.58324 -0.0633841 -0.00391165
2.49303 -0.0394411 -0.00386611
2.56408 -0.0690451 -0.00481597
2.59237 0.0308466 -0.0073525
2.66043 -0.050158 -0.00405994
2.61028 -0.00998306 -0.00215045
2.61245 0.0135994 -0.00237647
2.63999 -0.00641918 -0.00140181
2.63736 -0.0370584 0.00158676
2.60327 -0.0377178 -0.00182405
2.58472 -0.0295153 0.00277504
2.58013 -0.0106139 0.0025936
2.66487 0.0191 -0.000138195
2.56219 -0.0407839 0.000154344
2.51034 -0.0219016 0.00361571
2.56005 -0.00151968 0.00389442
2.51058 0.00390434 0.0017384
2.45263 -0.0180693 -0.00308815
2.43058 -0.03926 -0.00642243
2.39153 -0.057734 -0.00547996
2.30934 -0.043576 -0.0067834
2.22625 -0.0652764 -0.00972071
2.13121 -0.023325 -0.0104908
2.11684 -0.0284896 -0.00880423
2.00356 -0.0434904 -0.00837675
2.01478 -0.0737076 -0.0107886
1.89932 -0.0374718 -0.00629011
1.95732 -0.000939369 -0.00494948
1.7725 0.00949287 -0.00145856
1.69438 -0.0270252 0.00580677
1.65673 -0.014554 0.00814661
1.52747 -0.0103436 0.00844177
1.42835 -0.0366955 0.00780806
1.35297 0.0261974 0.0132144
1.2708 -0.00648403 0.0073913
1.16902 -0.000718117 0.0101608
1.06162 0.00283003 0.00802025
0.994632 0.0203691 0.011165
0.93737 0.0265484 0.00922236
0.825308 -0.0125504 0.00894674
0.794316 0.0251656 0.00404534
0.837532 0.0100384 0.00141248
0.796906 0.00881624 0.000395862
0.804599 -0.0144255 -0.0039095
0.797992 -0.0388837 -0.00935379
0.79924 -0.039012 -0.0160965
0.838664 -0.0548129 -0.0204383
0.858449 -0.0136156 -0.0254425
0.864289 -0.0137167 -0.0287298
0.849493 -0.0590334 -0.0324186
0.873214 -0.0835743 -0.0371284
0.925549 -0.0957737 -0.0517952
0.917399 -0.0972221 -0.0570013
0.93921 -0.108166 -0.0597672
0.945155 -0.132104 -0.0694982
0.967479 -0.155926 -0.0723006
0.98684 -0.19475 -0.0758974
1.04056 -0.202286 -0.0819828
1.06583 -0.129622 -0.0829283
1.12773 -0.203708 -0.0865325
1.12406 -0.167059 -0.0865337
1.16429 -0.171456 -0.0899943
1.19544 -0.208677 -0.0862924
1.27851 -0.178934 -0.0809845
1.31982 -0.150547 -0.0724651
1.41303 -0.166821 -0.0623988
1.47148 -0.105412 -0.0553161
1.5406 -0.0843732 -0.0390002
1.60848 -0.0410295 -0.0229816
1.72604 -0.0416031 -0.0193068
1.74986 -0.0275364 -0.017939
1.82061 -0.0431091 -0.0128032
1.85789 -0.050063 -0.0111229
1.93619 -0.0376787 -0.00782934
1.98211 -0.0511082 -0.00830737
2.08451 -0.0180726 -0.00793043
2.1336 -0.0520282 -0.00758973
2.16542 -0.00459743 -0.00383225
2.26869 -0.0351825 -0.00330034
2.37811 0.00250626 -0.00395122
2.37203 -0.0352368 -0.000371846
2.5038 -0.0108004 0.00457009
2.57531 0.0419221 -0.000482472
2.54817 -0.0340366 6.01689e-05
2.59703 0.0213499 -0.00122825
2.67455 -0.00472355 -0.000517519
2.65349 0.00623989 -0.000606211
2.69713 0.0290742 -0.000670822
2.69546 0.00645971 -0.000952395
2.80907 -0.0335917 0.000944463
2.65863 0.0112922 -0.00398198
2.81486 0.00999093 -0.000319393
2.86416 -0.050137 -0.000696095
2.92232 -0.0920275 0.00211462
2.93689 -0.0612907 0.000314562
2.95483 -0.00877285 0.00322661
2.96572 -0.0771656 0.000228254
2.99483 0.0414515 0.00161466
3.04685 0.00711489 0.00263294
3.11299 0.0072 0.000990717
3.11123 -0.0149808 0.00201234
3.08464 0.0495261 0.00182566
3.20659 0.0140573 0.00206145
3.23224 -0.0234535 0.00242385
3.27687 0.0326219 -0.000378283
3.32625 -0.0406317 -0.000142248
3.30306 -0.0258377 -0.00108925
3.26848 -0.0159016 -0.00148908
3.34632 -0.0997074 0.0014275
3.31792 0.0222354 0.00117788
3.30061 -0.02001 0.00358495
3.24613 -0.0157435 0.00180611
3.33428 0.00328419 -0.000641974
3.2236 -0.00888181 0.00159511
3.25415 -0.0191443 0.00189671
3.17966 0.0101398 -0.000862988
3.19365 -0.0240211 -0.000380905
3.1414 0.0114465 0.00172958
3.11787 -0.0166202 0.00111446
3.08833 0.0520344 0.00041422
3.09106 -0.0362465 0.000446407
3.05949 0.0151964 0.000929681
3.13329 0.0353718 0.00199351
3.07162 0.0116172 0.00616774
3.00998 0.0304074 0.00577077
3.07909 0.0456419 0.00624975
3.00497 -0.00423431 0.00325903
3.04009 -0.0101552 0.00168785
3.06925 -0.0130084 0.00195178
2.99027 -0.00640106 -0.00255147
3.02463 -0.000730991 -0.00243202
2.95725 -0.0351429 0.0022746
2.89717 -0.0521035 -0.000368746
3.01321 -0.0260115 -0.00297752
2.92302 -0.0317945 -0.0036296
2.91018 0.0237432 0.000140039
2.93984 0.0233451 0.00152382
2.87165 -0.0452707 0.00317463
2.97578 -0.0190144 0.00171026
2.87142 -0.0347056 0.00131163
2.81751 -0.0188551 0.00202021
2.67471 0.0380662 0.00316319
2.68656 -0.0518039 0.00352725
2.46072 -0.00131834 0.00126156
2.37326 0.0227854 0.000759689
2.21472 0.0391965 0.000471203
2.15947 0.0341311 -0.00142279
2.05394 0.0343237 -0.000121029
2.14038 -0.033864 -0.000946434
2.13099 0.0323086 0.000969021
1.82913 0.0192132 0.00406465
2.22721 0.0586729 0.0033904
2.17962 -0.0254021 -0.00139681
2.1654 -0.0189677 0.00152311
2.16396 0.0546803 0.00096616
2.20181 -0.00418949 0.00110683
2.19628 0.0730295 0.00106343
2.23323 -0.0371199 0.00172171
2.29292 -0.00652361 -0.00325886
2.38337 0.031116 0.00253829
2.29418 -0.0237836 -0.000722082
2.3474 -0.0868025 -0.00180474
2.38617 0.0263629 -0.00394216
2.37392 -0.0477877 -0.00198046
2.30328 -0.064301 -0.00406066
2.34317 0.0453844 -0.000437172
2.2114 -0.00522494 -0.00113455
2.33037 0.0763757 0.00304469
2.24024 -0.0122156 0.00673255
2.24998 0.0521221 0.00663099
2.23758 0.0693626 0.0108269
2.14591 0.10651 0.0148347
2.17634 0.0486197 0.0166732
2.11923 0.0880439 0.0249809
2.14033 0.126499 0.0309094
2.18301 0.0557355 0.0330544
2.04244 0.165265 0.0394178
2.14567 0.117277 0.049553
2.09505 0.127133 0.0500816
2.10426 0.157568 0.0557991
2.19067 0.15285 0.0580948
2.08666 0.0972996 0.0569495
2.14563 0.171332 0.0689817
2.13466 0.192286 0.0733012
2.14146 0.147781 0.0755251
2.19902 0.136786 0.0700546
2.28297 0.117306 0.0662676
2.28203 0.115284 0.0662902
2.3332 0.166259 0.0614715
2.29439 -0.0171938 0.0412677
2.40917 0.11155 0.0370959
2.49213 -0.0156021 0.0299886
2.49733 0.0999947 0.0187477
2.52054 0.0208054 0.0166272
2.58465 -0.0271301 0.0131944
2.57801 -0.0178776 0.0130115
2.67854 0.0347748 0.010244
2.60435 0.122838 0.0110613
2.5599 -0.0182524 0.00718769
2.73497 0.0529013 0.0120977
2.6899 0.0998707 0.00945481
2.79654 0.11753 0.0102387
2.75986 0.0309153 0.00957545
2.79717 -0.0234947 0.000724641
2.89156 0.0195951 0.00112137
2.83324 -0.0925264 -0.00157514
2.88856 -0.0485506 -0.00257126
2.90727 -0.0613232 -0.00310984
2.9597 -0.0433168 -0.0040361
2.90264 -0.0604544 -0.00472394
2.93627 -0.0734301 -0.00671378
3.01132 -0.0260649 -0.00668612
2.98353 -0.0508885 -0.00888601
3.06634 -0.0407557 -0.00898114
3.04598 -0.0531411 -0.00803653
2.98539 -0.033103 -0.0050098
2.97526 -0.0670433 -0.00377098
2.98844 -0.0206385 0.00274834
2.95745 0.0146074 0.00373825
3.01322 -0.0549827 0.00705299
2.94446 -0.0507193 0.00707635
2.89996 -0.0653219 0.00625285
2.93918 -0.0380373 0.00483402
3.03098 0.0123587 0.00145063
2.8869 -0.0261288 0.00473293
2.98517 -0.0475941 0.0136407
2.90289 0.0213299 0.0194713
2.97405 0.0210629 0.0229495
3.02956 0.0834599 0.0218662
3.10539 0.0554848 0.0200728
3.03999 0.0439978 0.0160013
3.02138 0.0568142 0.0128375
3.03253 -0.0301399 0.0100733
3.06846 0.0183268 0.00903973
3.07432 0.00692177 0.00981101
3.05775 0.0546055 0.0103856
3.12201 0.041501 0.0178519
3.12737 0.0184145 0.017912
3.19313 0.068368 0.0208445
3.1847 0.0555153 0.0221008
3.14991 0.0512295 0.0194863
3.14459 0.0166435 0.0203408
3.22534 0.0521946 0.0192383
3.14076 0.00672913 0.0126804
3.2097 -0.0128632 0.012606
3.16639 -0.01301 0.00905546
3.15861 0.037631 0.0084289
3.0741 0.00242615 0.00942978
3.01959 0.00742626 0.0121804
3.09805 -0.00948048 0.0116199
3.06957 0.0727587 0.00696882
3.00449 -0.0348158 0.00506362
3.1228 -0.0889587 0.00545057
3.11281 -0.0670738 5.15858e-05
3.04595 -0.0516281 -0.00221291
2.97245 -0.0234489 -0.00460068
2.89694 -0.0594234 -0.000258597
2.95525 0.0045166 -0.000265749
2.90671 -0.00204849 -0.000251206
2.90495 -0.00728035 0.000322906
2.89102 -0.0219212 0.000254003
2.88402 -0.00247574 0.00249395
2.89567 -0.0482483 0.00582418
2.79187 -0.0350037 0.00386366
2.84326 0.00356865 0.00486979
2.71326 -0.0132856 0.00262078
2.68597 0.00387096 0.00226816
2.61637 -0.0402498 0.00180945
2.57855 -0.0344133 0.00206861
2.45416 -0.0119057 0.0022448
2.25777 -0.025301 0.00255784
2.16533 -0.0167837 -0.00336352
2.10516 -0.00406456 -0.00210324
2.11015 -0.0730095 -0.00181213
1.96669 -0.0648708 -6.95308e-05
1.90543 -0.0311089 0.000583259
1.71525 -0.0442734 -0.00034109
1.7886 0.0195789 0.00267896
1.68691 0.00320053 0.00856885
1.59662 0.0315437 0.0171536
1.51448 0.0381451 0.029981
1.50119 0.100401 0.041072
1.55779 0.144457 0.0461985
1.51217 0.137306 0.0483583
1.47622 0.111108 0.0537456
1.51434 0.154879 0.0569607
1.46803 0.130448 0.0580865
1.51766 0.134813 0.0614265
1.51666 0.144377 0.0625149
1.51406 0.150274 0.0674675
1.47974 0.165138 0.0783029
1.52639 0.170004 0.0890013
1.49979 0.220563 0.0936902
1.54034 0.267599 0.105154
1.57637 0.218214 0.108608
1.55454 0.21875 0.109643
1.70005 0.16636 0.103947
1.77839 0.203453 0.0863095
1.72476 0.144976 0.0739299
1.7342 0.0854968 0.0655902
1.78959 0.0995436 0.0549928
1.87047 0.0183978 0.0387038
1.88732 0.049186 0.0239163
1.9095 0.0664809 0.0140181
1.93998 -0.00299144 0.0123928
1.99972 0.00304842 0.00581917
2.06325 -0.043412 0.00584683
2.10181 0.0386261 0.00427231
2.15871 -0.00281501 0.00475201
2.18199 0.0127697 0.00241479
2.29737 -0.000684381 0.00138292
2.29149 -0.0134456 0.000780908
2.33866 0.00146365 0.000312177
2.28961 0.0120807 0.000150053
2.31831 0.00734806 -0.00113312
2.46722 -0.00330853 0.00108275
2.55015 0.02722 -0.000124605
2.56048 -0.0213156 0.000415413
2.56929 0.00251627 0.00058159
2.70329 -0.00555706 -0.00106278
2.66683 -0.0159883 -0.00017515
2.69044 0.00714731 -0.000995549
2.63512 -0.012187 -0.00169125
2.51978 -0.0338006 -0.000600489
2.53129 -0.0533552 -0.000155123
2.54891 -0.0476053 -0.00112429
2.52583 -0.0268905 -0.00243917
2.5296 -0.0735569 -0.00236169
2.54723 -0.0490639 -0.00280228
2.53582 -0.0465429 -0.000648411
2.54015 -0.0251051 0.00137695
2.55167 -0.00772285 0.000735847
2.45998 0.00772619 0.00118741
2.47602 -0.00455761 -0.0017089
2.53614 -0.0286083 -0.000383528
2.55895 -0.0150976 -0.00160828
2.53439 0.0171881 -0.000325831
2.57776 -0.0295525 -0.000104101
2.57452 -0.00576401 -7.83523e-05
2.61129 -0.0541801 -0.000225457
2.60541 0.0168333 -0.000683459
2.60656 -0.0564079 -0.000353964
2.638 -0.0315852 -0.00229684
2.6575 0.00809956 -0.00172726
2.64407 -0.00534391 -0.00264636
2.61581 -0.0210009 -0.00398603
2.588 -0.00924444 -0.00237695
2.56047 0.0371101 -0.00330249
2.55608 -0.00614738 -0.00320807
2.58195 -0.0235815 -0.00376407
2.60455 -0.0371675 -0.00357262
2.5492 -0.123175 -0.00947491
2.47247 -0.0347109 -0.0118977
2.426 0.0173225 -0.0171651
2.18966 -0.0742731 -0.0182797
2.14928 -0.0827637 -0.0187794
2.02083 -0.0574875 -0.0180129
1.89571 -0.050087 -0.0137066
1.86263 0.0196781 -0.00873795
1.73076 -0.00733566 -0.00694099
1.64624 -0.00197983 0.00185546
1.72084 -0.00415325 0.00843343
1.62154 0.019165 0.0129386
1.61083 0.0986872 0.0180424
1.57664 0.0162449 0.024031
1.55543 0.0759439 0.0306028
1.47337 0.0774126 0.0344034
1.48138 0.0705361 0.0391918
1.45459 0.0747366 0.0471869
1.47602 0.0932527 0.0527881
1.42033 0.0891743 0.0567485
1.37575 0.136844 0.065395
1.36531 0.177457 0.0766564
1.39469 0.178741 0.0835904
1.44143 0.166138 0.0868772
1.45484 0.143178 0.0854157
1.47949 0.183712 0.0814575
1.4395 0.189995 0.076197
1.54031 0.125545 0.0770372
1.53544 0.22466 0.077484
1.56926 0.204492 0.0784155
1.55775 0.199382 0.0806862
1.67555 0.195401 0.081396
1.65446 0.265043 0.0790025
1.74373 0.0450707 0.0718111
1.78099 0.165145 0.0660668
1.83326 0.101356 0.0500282
1.88672 0.0930061 0.0377875
1.90603 0.0835648 0.0298181
1.87298 0.0347204 0.0275272
1.92288 0.0338907 0.0305494
1.98772 0.0753155 0.0269998
1.99702 0.0121956 0.0154241
2.01539 -0.00111771 0.0118898
2.09379 -0.0163879 0.00479159
2.10329 0.0464039 0.00348577
2.13005 -0.0422192 -0.00157634
2.19016 0.0301924 -0.00225225
2.18718 -0.0383739 0.000329343
2.23355 -0.0146694 -0.00256577
2.22885 0.00648117 -0.00126377
2.27079 -0.023201 -0.00103918
2.38318 -0.0587139 -0.00369206
2.37935 -0.0669441 -0.00380269
2.41133 -0.0402813 -5.59409e-05
2.44332 -0.023819 0.000830499
2.47678 -0.063509 0.00165018
2.53771 -0.0597591 -1.10467e-06
2.51829 -0.0447464 -0.000825795
2.5828 -0.0455399 3.01282e-05
2.54666 -0.0641441 0.000303356
2.60529 -0.0466995 0.000993101
2.59661 -0.0119419 0.00144371
2.63633 -0.0428123 0.000803081
2.64098 -0.0382061 -0.000283154
2.62815 0.00526428 -0.00067416
2.63643 -0.0504074 0.000908224
2.64601 -0.0531845 0.00235328
2.59807 -0.0373859 0.00167641
2.51424 0.0112648 -0.00384441
2.46433 -0.0656319 0.00125155
2.51361 0.0166798 0.00114378
2.44381 0.00279999 0.00212535
2.4449 -0.0385094 0.00292763
2.42794 -0.0251026 0.00199565
2.3472 -0.0197716 0.0032092
2.24875 -0.0238857 -0.000919016
2.14693 -0.0455418 -0.000987204
2.13518 -0.0520077 0.00103602
2.12784 0.00315475 0.00333366
2.04897 -0.066061 -0.00111786
2.05784 -0.0479145 -0.00181475
2.01496 -0.0184193 -0.00499383
1.99525 -0.0359344 -0.00447074
1.92137 -0.00568008 -0.00485221
1.91976 -0.0542221 0.000888435
1.92307 0.00782108 0.000522939
1.89647 -0.038003 -0.000944527
1.94215 0.0334044 0.00213656
1.89679 -0.0165682 -0.00023094
1.94683 -0.0162239 0.00129899
1.91844 -0.0214381 -0.00151268
1.91209 0.00571513 0.000703422
1.9277 -0.0384445 -0.00183597
1.91009 -0.0185275 -0.00346461
1.89698 -0.0511117 -0.00420037
1.95053 -0.02013 -0.00417844
1.98257 -0.0474387 -0.00233641
1.92444 0.00414312 -0.00627485
1.96369 0.0169476 -0.00372902
1.98083 -0.0696675 -0.00164619
1.94125 -0.0471067 -0.000280054
2.01912 0.00466323 0.0033296
2.01168 -0.0453546 0.00346908
1.97201 0.0105786 0.000930158
2.02836 0.0176554 -0.00515667
2.06823 -0.0553112 -0.000929268
2.03187 -0.00471616 -0.00263635
2.11433 -0.0136478 0.00215134
1.99379 -0.0230358 0.00377425
2.08682 0.00676012 0.0067676
2.07034 -0.0147848 0.00702819
2.02835 -0.00692201 0.00930342
2.08108 -0.0262527 0.00672087
2.1343 -0.00163338 0.002709
2.09371 0.00375021 0.00216588
2.08286 -0.010041 -5.64178e-05
2.00163 0.000115395 -0.00189844
2.06223 -0.0363126 -0.000161799
2.07355 -0.0180593 -0.000135096
2.08871 0.0233202 -4.42584e-05
1.99534 -0.00456524 -0.00248233
1.98957 -0.02847 -0.00233761
2.01324 -0.0124464 -0.00493232
1.9833 0.000295877 -0.00255481
2.01987 -0.0185885 -0.00119487
1.93751 0.00861835 0.00188193
1.96691 0.046979 0.00312957
1.89403 -0.00614929 0.0027841
1.94977 0.0050025 0.00159702
1.85161 0.0287733 0.0016106
1.93497 -0.000802517 -0.00111118
1.86713 -0.013114 0.000299064
1.82359 -0.034853 -0.00203672
1.86821 0.0408502 0.00274309
1.82473 -0.0324016 -0.0010697
1.75585 -0.0456972 -0.00215855
1.82893 -0.0171175 0.00013694
1.81605 -0.018134 0.00125751
1.76905 0.00558352 0.0016261
1.81028 -0.0109707 0.000590889
1.82385 0.0184861 0.000413982
1.81743 0.0217793 0.000464288
1.80003 0.0248604 0.000513879
1.85337 -0.0262079 -0.00107113
1.82482 -0.0169768 0.000125019
1.83702 -0.00296497 0.00521025
1.82025 0.0342894 0.0111335
1.845 0.0630589 0.0186222
1.82916 0.0682263 0.0328394
1.78833 0.141524 0.0437928
1.79227 0.187111 0.0511011
1.70442 0.197848 0.0615478
1.73122 0.171373 0.0677064
1.75247 0.21972 0.0727476
1.76425 0.12151 0.0826279
1.70911 0.216358 0.0827139
1.81544 0.216488 0.0811566
1.7914 0.259229 0.0801705
1.82092 0.239147 0.0804146
1.88459 0.232575 0.0824877
1.86647 0.195346 0.0867189
1.86727 0.282623 0.0825993
1.90683 0.249521 0.0873671
1.9235 0.222046 0.089373
1.94973 0.256855 0.0861803
2.03386 0.250288 0.0896707
2.04047 0.215384 0.0704857
2.05536 0.17693 0.0486747
2.06836 0.103021 0.0336681
2.05049 0.0817928 0.0278469
2.12632 0.0351567 0.0220374
2.10669 0.018292 0.0103296
2.06345 0.0311635 0.00360331
1.99858 -0.0174217 0.00246987
1.95669 0.00448847 0.00368604
1.85832 0.00161386 0.00383696
1.85087 0.027863 0.00321278
1.87884 -0.0291181 0.0046657
1.97899 0.0160823 0.0028592
1.79179 -0.0606656 0.00402745
2.06387 -0.00842285 -0.00100246
1.87348 0.0151271 0.0026811
1.97282 -0.0251846 -0.0016996
2.02869 0.0145586 -0.00400081
1.99517 0.0129414 -0.00293914
1.98875 -0.0284853 -0.00311437
2.01388 0.0174189 -0.00292412
2.09562 -0.0222063 -0.00363413
2.06991 0.00727177 -0.00270668
2.06091 -0.0387592 -0.00388256
2.13704 -0.0278111 -0.00232688
2.1416 -0.0283833 -0.00269833
2.20452 -0.00788116 -0.00338713
2.16148 -0.0404186 -0.00248614
2.17677 -0.00311184 -0.00344292
2.21931 0.0393648 -6.07093e-05
2.19231 0.0418606 0.000818578
2.12612 -0.000443935 0.00233421
2.14574 0.0449314 0.00704416
2.14307 0.0609322 0.00733742
2.09722 0.03407 0.00766334
2.07469 -0.0227728 0.00521716
2.06144 0.0343022 0.0078226
2.05905 0.0242214 0.00688204
1.97685 0.0481439 0.00883326
1.98427 0.0734043 0.0191816
1.98554 0.0611115 0.0304275
2.03212 0.0842141 0.0466801
2.06 0.191777 0.0602785
2.0222 0.164753 0.0629145
2.05619 0.182644 0.0689698
2.11315 0.177756 0.0693704
2.04687 0.134517 0.0735174
2.09381 0.204376 0.0772131
2.14979 0.182264 0.0749265
2.15183 0.17623 0.0799862
2.19799 0.259807 0.080551
2.22457 0.123231 0.072065
2.26111 0.144527 0.0690044
2.37295 0.115755 0.0643662
2.35954 0.126239 0.0490914
2.38168 0.0123405 0.0265802
2.46089 0.041996 0.0171264
2.42669 0.0472479 0.0101987
2.4799 0.00155067 0.0100192
2.51993 0.0131788 0.0066255
2.73441 0.111917 -0.00410977
2.55438 -0.0100117 0.00285992
2.65278 0.0157204 -0.00139848
2.6556 0.0289602 -0.000121983
2.82348 0.0681019 -0.00107542
2.768 0.04498 -0.00136104
2.78198 -0.0825396 0.00165185
2.77344 0.000662804 0.00197634
2.81547 0.0461016 0.000569431
2.883 -0.032557 0.00117692
2.84578 -0.00747299 0.000714389
2.93286 0.00240993 0.000583498
2.96814 -0.0210257 0.00243887
2.95903 -0.0477719 0.00214776
3.04707 -0.0238204 0.00280031
3.04112 -0.00121975 0.00149402
3.07052 -0.0464215 0.000676958
3.09241 -0.0326242 -0.000191124
3.08012 -0.0137296 0.00172004
3.11614 -0.049098 0.00011119
3.10717 -0.0563278 0.000872461
3.16544 -0.0283089 -0.000175627
3.08402 0.036046 -0.000225457
3.08183 -0.0292196 0.00425729
3.03593 -0.0350647 0.00552973
3.08432 -0.0388994 0.00540647
3.0345 -0.0913792 0.00117501
3.0503 0.0336018 0.0133842
2.91866 -0.0734158 0.0140375
3.00465 0.00867462 0.0178717
2.98699 -0.0285759 0.0180591
2.96627 0.0641155 0.0204509
2.91146 0.0836592 0.0186449
2.93417 0.0683174 0.0193337
2.9861 0.0153189 0.0197018
2.85854 0.00848675 0.0094572
2.96267 0.000731468 0.0102828
2.89579 0.0565252 0.0099667
2.94903 0.045126 0.0103956
2.93719 0.0398235 0.0110787
2.90526 0.0573111 0.0162183
2.88743 0.0396614 0.0171286
3.06061 0.0339584 0.0194393
2.89396 0.0105515 0.0167876
2.97801 0.0947399 0.0164309
2.91511 0.0404959 0.0154973
3.04406 -0.00961113 0.014305
2.94561 0.0392971 0.0122183
2.99742 0.00247765 0.0130464
2.98043 0.00249958 0.0129205
2.73546 -0.0190525 0.010295
2.89812 0.0723677 0.00893554
2.96711 0.0758104 0.010346
2.82829 0.0328693 0.0119255
2.81865 -0.0241623 0.00760302
2.86634 0.0182247 0.0061005
2.79104 -0.0447817 0.00199374
2.81473 0.00573349 0.00249681
2.8145 -0.0775528 0.0042642
2.84 -0.0220642 0.0047501
2.64709 -0.0501213 0.00293049
2.78554 -0.00928497 -0.000533017
2.78299 0.015192 -0.00107542
2.71655 -0.0455971 -0.00124541
2.68566 -0.059906 -0.00189534
2.71321 -0.0238895 0.00292787
2.69964 -0.0588894 0.0025948
2.73475 0.0234985 -0.00195232
2.7123 -0.0406208 0.00275406
2.78677 0.0164318 0.00330481
2.64569 -0.0211592 0.00047311
2.69298 0.0185442 0.00143108
2.66131 -0.0539827 0.00304445
2.60291 -0.0120077 0.00198254
2.4463 -0.00202465 0.0025917
2.3342 -0.0155439 0.000958053
2.29534 -0.0100031 0.00314435
2.17329 -0.0166206 0.00207361
2.07333 -0.0157919 -8.16902e-05
1.93348 0.00651932 -0.0015761
1.93761 -0.0651865 0.00121149
1.85878 -0.0541134 0.00024852
1.84717 -0.0563927 -0.00206509
1.85094 0.00155258 0.00105151
1.77745 -0.0152817 -0.00197521
1.70673 0.00910568 0.0039328
1.73702 0.0290642 0.0132149
1.61632 0.0251894 0.0223766
1.61577 0.0543804 0.029647
1.57386 0.098814 0.0408665
1.45541 0.124451 0.049496
1.44313 0.124875 0.0617453
1.53026 0.184422 0.0692609
1.43247 0.14948 0.0717934
1.46535 0.197356 0.0769289
1.49341 0.150946 0.0788582
1.47338 0.188532 0.0819901
1.43096 0.264482 0.0880247
1.48482 0.165793 0.0917235
1.49626 0.252534 0.0913971
1.51478 0.185648 0.0940851
1.5843 0.212921 0.0939995
1.5772 0.210588 0.0945178
1.6497 0.168578 0.0937916
1.72413 0.186637 0.0800315
1.74665 0.101583 0.0744205
1.84659 0.0589144 0.0594619
1.86868 0.0746255 0.0390983
1.90837 0.0418652 0.0304631
1.94805 0.0643191 0.0275987
2.00072 0.037283 0.0255154
2.03877 0.0372199 0.0139025
2.12354 0.020908 0.00748738
2.14491 0.00560534 0.00663981
2.1868 0.0260525 0.00637802
2.26701 0.011933 0.00408706
2.27253 0.00215387 0.00350007
2.39971 -0.0460288 -0.0017058
2.38092 -0.0374535 -0.00300947
2.47318 -0.02013 -0.00193563
2.41144 0.0175334 -0.00336805
2.412 0.00986511 -0.00203362
2.5837 -0.0353301 -0.00255981
2.57695 -0.00835085 -0.00260702
2.63005 -0.00326395 -0.00206867
2.72988 -0.0020771 -0.00179234
2.70682 -0.0357828 -0.00203672
2.70631 -0.0270438 -0.00212136
2.69414 -0.0134087 -0.00234691
2.76229 -0.0451488 -0.00140849
2.76376 -0.0497062 -0.00487653
2.83471 -0.0561905 -0.00623837
2.74959 -0.11346 -0.00769344
2.84175 -0.0403463 -0.00366059
2.82443 -0.050099 -0.0049471
2.90578 -0.0173392 -0.00297824
2.87538 -0.0396766 -0.00347701
2.86317 -0.0222666 -0.00205794
2.87491 0.00919533 -0.00076166
2.8735 0.0196829 -0.00234166
2.77764 -0.0263615 -0.00157991
2.80347 -0.00577545 0.000464765
2.78482 -0.0372629 -0.00174228
2.80833 -0.0207577 0.00125298
2.79881 0.000606537 0.00138029
2.76645 0.0240459 0.00261459
2.78563 -0.0390873 0.00140628
2.82663 -0.0158353 0.00334963
2.78978 -0.00993299 0.00307926
2.72204 -0.0203249 0.0021089
2.78166 0.0171938 -0.00107995
2.72714 -0.0126662 -0.00158206
2.66913 -0.00120449 -0.00101772
2.7153 -0.03756 -0.00534621
2.66897 -0.0675554 -0.0100979
2.72028 -0.114079 -0.0201863
2.66358 -0.140431 -0.0255114
2.61697 -0.0894127 -0.0284866
2.5694 -0.118612 -0.0311798
2.46426 -0.063261 -0.0235976
2.53774 -0.131584 -0.0237483
2.49908 -0.0457134 -0.022709
2.47241 -0.0864296 -0.0207519
2.53337 -0.0530071 -0.021124
2.4813 -0.128742 -0.0239555
2.48022 -0.0571098 -0.0219754
2.50991 -0.107946 -0.0179333
2.45384 -0.0756836 -0.021666
2.54972 -0.0903549 -0.0180227
2.44403 -0.0750275 -0.0186931
2.5579 -0.0801001 -0.0184073
2.53963 -0.0367508 -0.0215069
2.56212 -0.0904245 -0.025041
2.56621 -0.112994 -0.0268973
2.63715 -0.112235 -0.0275456
2.5938 -0.0830216 -0.0294119
2.61425 -0.120342 -0.0291943
2.63211 -0.122456 -0.0281631
2.60213 -0.101477 -0.0276953
2.6372 -0.128473 -0.0198864
2.67037 -0.048671 -0.0132646
2.66007 -0.117476 -0.00561944
2.67488 -0.00569296 -0.00201813
2.70451 -0.0466423 0.00104818
2.70719 -0.0205339 0.00386557
2.73497 -0.0319131 0.00884136
2.72349 0.0350065 0.0140637
2.77793 0.0176706 0.0181235
2.77234 0.0464671 0.0182904
2.76894 0.0874943 0.018112
2.80626 0.0193164 0.0186332
2.91112 0.0566707 0.0203577
2.78171 -0.0221903 0.0246688
2.75747 0.00514448 0.0202263
2.67147 -0.00657175 0.0230189
2.70023 0.0357287 0.0233544
2.69796 0.0327253 0.02783
2.69584 0.00857806 0.0300411
2.64214 0.0755997 0.0262617
2.60633 -0.00447941 0.031443
2.62595 0.0636227 0.0275899
2.55313 0.0288305 0.0256701
2.60522 0.027216 0.0244888
2.52022 0.0554221 0.0252059
2.61671 0.0781996 0.0228055
2.55205 0.0748562 0.0199879
2.62235 0.0284686 0.0199314
2.59277 -0.00701809 0.0202351
2.60879 0.00912476 0.0156012
2.5728 0.0111237 0.0179757
2.6162 -0.0322018 0.018442
2.63698 0.0314674 0.017048
2.63899 0.00357246 0.0198699
2.70707 -0.0345364 0.0215665
2.69135 0.0166492 0.0207914
2.6722 0.0213375 0.0202452
2.71943 0.00384903 0.0207621
2.69382 0.0481815 0.0198751
2.73188 0.00454712 0.0210977
2.75396 -0.00721741 0.0222772
2.71441 0.030508 0.0225516
2.77829 0.0231705 0.0255128
2.82627 0.0256996 0.0268825
2.81219 0.0144386 0.0266431
2.87635 0.0176144 0.0241078
2.81095 0.00369263 0.0199939
2.734 -0.0189724 0.0165108
2.69981 -0.0134907 0.0102383
2.68853 -0.00160599 0.010181
2.6577 -0.00431252 0.00757345
2.68077 -0.0216713 0.00747999
2.65067 -0.0382195 0.0085679
2.56955 0.0234852 0.0124291
2.59221 0.0941353 0.0166329
2.62124 0.0293541 0.0248052
2.64637 0.0347691 0.0293969
2.6016 0.0244408 0.0308116
2.61546 0.0609016 0.0320269
2.65681 0.061924 0.0314573
2.53511 0.0191517 0.0322543
2.62059 0.0748787 0.0294925
2.60172 0.0492277 0.0277897
2.64682 0.0482483 0.0250042
2.63479 0.045764 0.0242701
2.66738 0.086298 0.0199486
2.56768 0.085043 0.0170775
2.57404 0.0719538 0.0132883
2.5436 0.0414152 0.0113693
2.58451 0.00754356 0.0118922
2.54041 -0.000694275 0.0100871
2.49917 0.0342121 0.00418648
2.51941 0.0390587 0.00542769
2.49656 0.0309906 0.00466046
2.44007 0.0228176 0.0058907
2.4403 0.00483894 0.00598272
2.36873 0.0448761 0.00488052
2.39696 -0.0126629 -0.00142303
2.38225 -0.0135899 -0.0020887
2.31592 -0.00173378 -0.00691596
2.3132 -0.030735 -0.00775805
2.28423 -0.0147667 -0.0109474
2.2693 -0.0650291 -0.0118231
2.29687 -0.0326653 -0.0142342
2.24598 -0.0733891 -0.0180132
2.2304 -0.124767 -0.0198666
2.28828 -0.0992165 -0.0198449
2.15068 -0.0950441 -0.0195154
2.24043 -0.0923948 -0.0255093
2.17349 -0.0727367 -0.030512
2.11696 -0.112591 -0.0320083
2.15838 -0.0872688 -0.0358216
2.15342 -0.106284 -0.0341431
2.10053 -0.0751553 -0.0270967
2.13517 -0.0986643 -0.0274595
2.08664 -0.0348129 -0.0250351
2.12467 -0.0590267 -0.0193891
2.10419 -0.0669937 -0.0161153
2.03163 -0.0363369 -0.0176148
1.91584 -0.00572014 -0.0135914
1.95782 -0.025341 -0.0121416
1.79639 -0.0178661 -0.0124873
1.78708 -0.020216 -0.0135762
1.70699 -0.0208302 -0.0137142
1.63778 -0.0279999 -0.0146684
1.57872 -0.0413971 -0.0143732
1.47153 -0.0659885 -0.0119013
1.4913 -0.05583 -0.0132908
1.45495 -0.0269279 -0.0139519
1.4096 -0.042778 -0.0127138
1.39225 -0.0331459 -0.0132917
1.38169 -0.0405998 -0.00699297
1.36343 0.00443649 -0.00104752
1.28106 -0.000356674 0.00266585
1.27198 -0.00790215 0.00128183
1.22015 -0.0187855 0.00102147
1.17251 -0.00549889 0.000181047
1.14165 -0.0359535 -0.0036954
1.08754 0.0193024 -0.00210229
1.04468 0.0289135 0.000382988
0.95134 -0.0281296 -0.000180872
0.875283 0.0270329 0.00119123
0.86428 -0.0118771 0.0014852
0.84891 -0.00428581 0.00171789
0.713756 0.00264359 0.000717727
0.685887 0.0315876 -0.000168951
0.639649 -0.00719261 0.0016869
0.59413 0.0155373 0.000782577
0.597328 0.0180378 0.00156602
0.481487 0.0150032 -0.00218454
0.432839 0.00564957 0.000816671
0.342052 -0.00143623 0.000560133
0.29786 0.00933838 -0.000199231
0.178296 -0.00465202 0.00018963
0.116305 -0.00519562 0.000281421
0.0726852 0.0167427 -0.00129238
0.0531626 -0.0109501 -0.00107637
0.00546217 -0.0041008 -0.00224033
-0.0169492 -0.0145683 -0.00149289
-0.0307908 -0.0225182 -0.00175134
-0.0281634 -0.0142746 -0.00195375
-0.0544167 -0.0131397 -0.00183049
0.0152988 -0.0178318 -0.0015916
0.0188527 -0.0106583 -0.00178066
0.0134039 -0.0135899 -0.00182238
0.00193405 -0.0113068 -0.00205198
0.0133562 -0.0131302 -0.00196019
0.00374842 -0.0103531 -0.00215093
0.0178676 -0.00785637 -0.00204697
-0.0796313 0.0436993 0.000104992
-0.0589995 0.039856 0.000298349
-0.0601487 0.0404186 0.000424949
-0.0675564 0.0460243 0.000268547
-0.060576 0.0440617 0.000211088
-0.0364017 0.0324821 0.00129565
0.0266061 0.0130615 0.00193032
0.0740891 0.045002 0.00073537
0.0180502 0.064558 0.000193206
-0.029192 0.00790787 0.00188097
-0.0206909 0.00925064 0.00147709
-0.0154037 0.004282 0.00203475
-0.0143876 0.00564194 0.00176033
-0.00904083 0.0169945 0.00196156
-0.00515079 0.0146656 0.00184998
