-68.6884 9.60747 -0.151715
-68.6796 9.61512 -0.15205
-68.6536 9.64276 -0.154467
-68.6345 9.67335 -0.156822
-68.6111 9.69904 -0.159299
-68.5868 9.72215 -0.161824
-68.5644 9.7494 -0.16421
-68.538 9.77367 -0.16673
-68.5136 9.799 -0.16888
-68.4872 9.82864 -0.171257
-68.4603 9.8406 -0.17378
-68.4308 9.8621 -0.176364
-68.4025 9.89569 -0.178965
-68.3772 9.92939 -0.181443
-68.3546 9.95959 -0.183799
-68.3297 9.98859 -0.186113
-68.3017 10.0216 -0.18838
-68.2774 10.0558 -0.190883
-68.2467 10.0854 -0.193422
-68.1977 10.1138 -0.196021
-68.1395 10.1536 -0.198763
-68.0694 10.1806 -0.201686
-67.938 10.1847 -0.202651
-67.8032 10.1883 -0.20373
-67.6561 10.1778 -0.204408
-67.4719 10.1112 -0.205812
-67.1945 10.0409 -0.204096
-66.8688 10.0206 -0.203288
-66.5189 9.96868 -0.203
-66.1211 9.89588 -0.203442
-65.7014 9.81901 -0.204203
-65.1948 9.71139 -0.206424
-64.6701 9.62103 -0.208555
-64.0969 9.52957 -0.210149
-63.4314 9.3568 -0.210145
-62.7939 9.2085 -0.208708
-62.0115 9.00816 -0.208642
-61.2377 8.87613 -0.208354
-60.4416 8.66233 -0.206782
-59.533 8.47401 -0.207714
-58.6135 8.30136 -0.207943
-57.7161 8.1462 -0.209434
-56.7732 7.93336 -0.209191
-55.8122 7.70486 -0.207157
-54.7642 7.49934 -0.207262
-53.7454 7.27144 -0.206094
-52.6717 7.05037 -0.205332
-51.6047 6.86399 -0.204995
-50.4488 6.60354 -0.206395
-49.3358 6.39528 -0.205514
-48.1689 6.18948 -0.20643
-47.0008 5.90872 -0.206271
-45.8074 5.67754 -0.207504
-44.6002 5.45817 -0.207909
-43.3681 5.19975 -0.201638
-42.2029 5.01141 -0.194232
-40.9814 4.7501 -0.18264
-39.7774 4.61011 -0.169766
-38.5152 4.40136 -0.155955
-37.2432 4.20617 -0.143767
-35.9777 4.04613 -0.132335
-34.7343 3.89128 -0.119303
-33.4218 3.75035 -0.107582
-32.1277 3.64062 -0.100867
-30.8403 3.51258 -0.0958306
-29.5337 3.37408 -0.0957943
-28.2192 3.2264 -0.0952872
-26.9206 3.07042 -0.0959808
-25.5271 2.86611 -0.0957114
-24.1652 2.69371 -0.0948462
-22.8098 2.56563 -0.0964166
-21.4505 2.40538 -0.0949415
-20.0029 2.26202 -0.091144
-18.6055 2.13468 -0.0873128
-17.1144 1.98114 -0.0816831
-15.6752 1.8821 -0.0769235
-14.2047 1.78007 -0.0673627
-12.6827 1.7168 -0.0582165
-11.1312 1.62556 -0.0513581
-9.58258 1.55453 -0.0438744
-8.02549 1.48136 -0.0367734
-6.46526 1.4285 -0.0298111
-4.85999 1.39089 -0.0229396
-3.31779 1.34282 -0.0158402
-1.77452 1.30403 -0.00917211
-0.227357 1.27571 -0.00709263
1.29331 1.21924 -0.00900975
2.76649 1.18755 -0.0101642
4.27023 1.15656 -0.0115663
5.69518 1.12983 -0.0147974
7.17472 1.07841 -0.0170847
8.46169 1.00793 -0.0205032
9.74234 0.986322 -0.0230099
10.9068 0.920188 -0.0268153
12.0521 0.889626 -0.0288323
13.1294 0.841806 -0.0283252
14.0657 0.809496 -0.0312454
14.9645 0.776966 -0.033482
15.7036 0.728431 -0.0332908
16.3688 0.707258 -0.0319656
16.9175 0.708544 -0.0304214
17.3872 0.694571 -0.029606
17.7841 0.683181 -0.02784
18.137 0.651797 -0.0264217
18.4982 0.62484 -0.0248045
18.8521 0.613169 -0.0232085
19.1935 0.590484 -0.021922
19.5244 0.583691 -0.0203382
19.922 0.595955 -0.0141973
20.3364 0.600053 -0.0086824
20.7829 0.593372 -0.00165478
21.2874 0.587482 0.00618872
21.8508 0.610467 0.0155979
22.4638 0.634281 0.0245551
23.1306 0.660675 0.036173
23.8799 0.75818 0.0480626
24.647 0.814348 0.0655642
25.4569 0.884381 0.0836016
26.3175 1.01484 0.103185
27.2247 1.18227 0.126241
29.308 1.59168 0.163364
30.2702 1.79979 0.201099
31.4026 2.09162 0.231477
32.5762 2.44941 0.26368
33.7399 2.82509 0.297848
34.9349 3.2649 0.332372
36.1753 3.76644 0.369229
37.4392 4.35504 0.407357
38.7103 5.00062 0.445362
40.0478 5.70316 0.482319
41.3679 6.45283 0.511821
42.6941 7.23021 0.536044
44.1098 8.06124 0.554202
45.5071 8.92394 0.565928
46.9522 9.81723 0.572873
48.4233 10.729 0.57168
49.8639 11.6224 0.56539
51.3524 12.5272 0.560247
52.8844 13.4604 0.555613
54.4812 14.4324 0.549512
56.0581 15.354 0.544691
57.6452 16.2999 0.539945
59.3175 17.2794 0.535138
61.0131 18.2431 0.529857
62.7295 19.2049 0.524542
64.463 20.161 0.520844
66.2697 21.1433 0.516569
68.0477 22.0984 0.51053
69.8512 23.0716 0.503705
71.647 24.0223 0.493918
73.5267 24.9598 0.481251
75.4254 25.8593 0.465984
77.3411 26.7494 0.449394
79.2417 27.6148 0.433797
81.2086 28.4794 0.416049
83.1659 29.3092 0.399174
85.1271 30.0736 0.380898
87.1438 30.8209 0.361785
89.1673 31.5247 0.338019
91.1927 32.203 0.311657
93.2437 32.7635 0.28477
95.3432 33.2883 0.258308
97.4152 33.7728 0.23222
99.5014 34.2003 0.20568
101.577 34.5658 0.181292
103.67 34.8878 0.157165
105.753 35.1605 0.139739
107.846 35.4145 0.120322
110.019 35.5753 0.0968591
112.132 35.7609 0.0725897
114.328 35.8269 0.0484138
116.466 35.8537 0.0245689
118.648 35.8708 0.00237497
120.787 35.8333 -0.0159358
122.984 35.7546 -0.0307678
125.16 35.6537 -0.0454938
127.352 35.5137 -0.0601179
129.558 35.3304 -0.0743658
131.761 35.1563 -0.0892207
133.962 34.926 -0.103023
136.164 34.6886 -0.116007
138.273 34.3932 -0.126218
140.379 34.1106 -0.138841
142.573 33.7727 -0.154256
144.655 33.4111 -0.169902
146.752 32.9782 -0.189879
148.862 32.504 -0.207563
150.964 32.004 -0.222922
153.072 31.4937 -0.238484
155.142 30.9457 -0.254883
157.26 30.3242 -0.271639
159.312 29.7258 -0.287364
161.433 29.0714 -0.30267
163.484 28.3839 -0.315505
165.566 27.6508 -0.328301
167.647 26.9023 -0.340519
169.776 26.0814 -0.353069
171.833 25.2379 -0.366374
173.931 24.4114 -0.381785
175.91 23.5751 -0.400082
177.906 22.6541 -0.418325
179.918 21.7159 -0.43652
181.869 20.7992 -0.452113
183.867 19.7481 -0.465233
185.829 18.7178 -0.485037
187.733 17.6412 -0.506802
189.653 16.4833 -0.532746
191.506 15.3051 -0.561898
193.353 14.0505 -0.590968
195.136 12.7499 -0.619949
196.869 11.3791 -0.648811
198.573 9.9918 -0.680169
200.249 8.53864 -0.709744
201.877 7.04595 -0.735468
203.471 5.50235 -0.757725
204.962 3.98875 -0.776694
206.467 2.46454 -0.794866
207.935 0.8723 -0.811463
209.336 -0.736475 -0.826925
210.722 -2.32866 -0.844955
212.038 -3.94902 -0.862647
213.322 -5.60335 -0.883338
214.569 -7.24183 -0.903789
215.777 -8.95885 -0.923685
216.977 -10.6334 -0.94314
218.142 -12.3585 -0.958257
219.274 -14.0888 -0.973215
220.411 -15.7634 -0.986179
221.448 -17.4822 -0.996949
222.515 -19.2194 -1.00535
223.531 -20.8857 -1.0113
224.579 -22.5547 -1.01635
225.676 -24.247 -1.01684
226.701 -25.9042 -1.01801
227.741 -27.6019 -1.0107
228.808 -29.1767 -1.00104
229.862 -30.7718 -0.985994
230.935 -32.277 -0.969096
232.05 -33.836 -0.951126
233.208 -35.3544 -0.928821
234.342 -36.8491 -0.903195
235.591 -38.2772 -0.877916
236.847 -39.6961 -0.850174
238.137 -41.0476 -0.820736
239.485 -42.3691 -0.784982
240.884 -43.6353 -0.745689
242.338 -44.8316 -0.706675
243.783 -45.9932 -0.663855
245.341 -47.0693 -0.615831
246.947 -48.1317 -0.562585
248.638 -49.0525 -0.507637
250.374 -49.857 -0.45484
252.226 -50.6093 -0.40484
254.023 -51.3138 -0.369053
255.908 -51.9822 -0.339892
257.812 -52.5875 -0.314847
259.709 -53.1305 -0.29081
261.648 -53.6389 -0.268294
263.669 -54.1464 -0.251848
265.669 -54.639 -0.240759
267.663 -55.1131 -0.229447
269.745 -55.587 -0.226205
271.778 -56.0571 -0.227428
273.829 -56.5017 -0.231971
275.873 -56.9781 -0.237409
277.863 -57.5241 -0.242316
279.922 -58.1195 -0.245674
282.037 -58.6441 -0.249005
284.088 -59.1571 -0.252694
286.167 -59.7173 -0.25606
288.342 -60.2789 -0.259252
290.383 -60.8029 -0.262919
292.506 -61.3596 -0.263456
294.61 -61.9379 -0.26264
296.753 -62.518 -0.259833
298.915 -63.12 -0.25557
301.139 -63.6734 -0.252082
303.357 -64.2047 -0.249756
305.611 -64.7887 -0.246617
307.815 -65.3481 -0.239831
310.08 -65.8486 -0.231716
312.323 -66.366 -0.223127
314.616 -66.8767 -0.216586
316.864 -67.3826 -0.212279
319.231 -67.9346 -0.204538
321.501 -68.3986 -0.199141
323.81 -68.8568 -0.194918
326.138 -69.3329 -0.18889
328.347 -69.7806 -0.183833
330.579 -70.2462 -0.181006
332.758 -70.7117 -0.180855
334.919 -71.1625 -0.181354
337.12 -71.5322 -0.180452
339.321 -71.9695 -0.177143
341.531 -72.3846 -0.175311
343.71 -72.7449 -0.174148
345.861 -73.1482 -0.17524
348.044 -73.5102 -0.177579
350.239 -73.9078 -0.179213
352.379 -74.3047 -0.178622
354.489 -74.6893 -0.176538
356.61 -75.0467 -0.174141
358.74 -75.4384 -0.171971
360.791 -75.7881 -0.170202
362.876 -76.149 -0.165076
364.917 -76.4935 -0.158469
366.977 -76.8304 -0.155701
368.984 -77.1632 -0.152501
370.981 -77.4717 -0.150361
372.965 -77.8063 -0.14761
374.926 -78.0634 -0.144824
376.936 -78.3213 -0.142639
378.84 -78.5931 -0.141808
380.712 -78.8718 -0.142649
382.623 -79.1663 -0.14316
384.542 -79.4608 -0.145231
386.429 -79.7558 -0.145421
388.234 -80.019 -0.146161
389.995 -80.3098 -0.146438
391.714 -80.5513 -0.148041
393.362 -80.7971 -0.148363
394.937 -81.0298 -0.148863
396.464 -81.2859 -0.152782
397.924 -81.5667 -0.163451
399.316 -81.8137 -0.177549
400.653 -82.1011 -0.200358
401.986 -82.4365 -0.239036
403.187 -82.8554 -0.289212
404.394 -83.3342 -0.34843
405.496 -83.8718 -0.4087
406.56 -84.4459 -0.469321
407.578 -85.1339 -0.540734
408.518 -85.8663 -0.611842
409.395 -86.7101 -0.686476
410.21 -87.6229 -0.767834
410.912 -88.5672 -0.856009
411.533 -89.5926 -0.947691
412.089 -90.662 -1.04228
412.54 -91.7936 -1.14097
412.844 -92.9465 -1.23833
413.033 -94.1233 -1.33315
413.086 -95.3213 -1.41015
413.111 -96.5671 -1.46545
413.061 -97.8841 -1.50849
413.077 -99.2606 -1.53874
413.045 -100.666 -1.56139
413.026 -102.147 -1.58336
412.965 -103.605 -1.60053
412.88 -105.101 -1.61499
412.761 -106.657 -1.63
412.621 -108.241 -1.64222
412.468 -109.825 -1.65468
412.276 -111.54 -1.66699
412.066 -113.2 -1.67752
411.864 -114.925 -1.6896
411.588 -116.658 -1.70009
411.344 -118.439 -1.71072
411.042 -120.197 -1.71911
410.738 -122.045 -1.72432
410.449 -123.9 -1.72863
410.119 -125.782 -1.73257
409.833 -127.739 -1.73335
409.473 -129.738 -1.73301
409.18 -131.673 -1.73481
408.798 -133.669 -1.73682
408.452 -135.604 -1.74026
408.044 -137.58 -1.74646
407.697 -139.567 -1.7494
407.287 -141.615 -1.75032
406.918 -143.704 -1.74827
406.532 -145.748 -1.74641
406.148 -147.881 -1.74573
405.761 -150.003 -1.74452
405.336 -152.097 -1.74514
404.963 -154.295 -1.74506
404.58 -156.46 -1.74624
404.212 -158.656 -1.74681
403.832 -160.782 -1.74716
403.461 -162.981 -1.74861
403.04 -165.242 -1.75104
402.712 -167.425 -1.75139
402.228 -169.699 -1.75921
401.774 -171.97 -1.76126
401.314 -174.233 -1.76958
400.72 -176.572 -1.77952
400.232 -178.856 -1.78627
399.651 -181.085 -1.79415
399.119 -183.409 -1.79957
398.499 -185.772 -1.80711
397.928 -188.127 -1.81306
397.324 -190.35 -1.8197
396.756 -192.704 -1.8249
396.09 -194.873 -1.83155
395.462 -197.081 -1.84053
394.872 -199.26 -1.84437
394.244 -201.508 -1.84879
393.5 -203.745 -1.85611
392.753 -205.881 -1.86117
392.045 -208.136 -1.86969
391.304 -210.317 -1.87741
390.564 -212.643 -1.88875
389.772 -214.962 -1.89687
388.938 -217.295 -1.90533
388.129 -219.651 -1.9136
387.252 -222.045 -1.92497
386.333 -224.433 -1.93573
385.429 -226.81 -1.94797
384.443 -229.194 -1.96384
383.415 -231.615 -1.97881
382.335 -234.029 -1.98854
381.229 -236.396 -2.00106
380.107 -238.876 -2.01696
378.912 -241.318 -2.03181
377.708 -243.724 -2.04401
376.464 -246.088 -2.05636
375.15 -248.55 -2.06802
373.831 -250.85 -2.08088
372.508 -253.136 -2.08937
371.146 -255.474 -2.09928
369.79 -257.718 -2.11142
368.408 -259.929 -2.12074
366.99 -262.161 -2.12777
365.596 -264.333 -2.13582
364.152 -266.472 -2.14004
362.777 -268.722 -2.14418
361.285 -270.895 -2.14832
359.822 -273.05 -2.15107
358.359 -275.218 -2.15636
356.904 -277.371 -2.15915
355.423 -279.517 -2.16401
353.925 -281.632 -2.16921
352.45 -283.699 -2.17394
351.044 -285.706 -2.17732
349.582 -287.72 -2.1824
348.081 -289.72 -2.18465
346.601 -291.781 -2.18601
345.133 -293.753 -2.18804
343.683 -295.796 -2.18593
342.305 -297.695 -2.18896
340.892 -299.709 -2.18322
339.528 -301.681 -2.1809
338.162 -303.581 -2.17815
336.823 -305.537 -2.17547
335.512 -307.419 -2.16864
334.17 -309.362 -2.16287
332.89 -311.291 -2.15986
331.637 -313.191 -2.15502
330.352 -315.08 -2.15244
329.117 -317.061 -2.15012
327.862 -318.921 -2.15099
326.701 -320.759 -2.14932
325.494 -322.503 -2.14904
324.343 -324.229 -2.14434
323.207 -325.78 -2.14297
322.193 -327.351 -2.14121
321.109 -328.943 -2.14902
320.207 -330.319 -2.15598
319.19 -331.69 -2.17594
318.271 -332.927 -2.20268
317.341 -334.124 -2.24281
316.214 -335.205 -2.30375
315.072 -336.192 -2.37846
313.954 -337.027 -2.45338
312.834 -337.708 -2.5278
311.569 -338.355 -2.59982
310.442 -338.953 -2.67223
309.14 -339.373 -2.73759
307.878 -339.758 -2.80225
306.691 -340.027 -2.86141
305.345 -340.257 -2.91015
304.072 -340.488 -2.95673
302.853 -340.648 -2.99857
301.561 -340.749 -3.03114
300.259 -340.821 -3.06047
298.983 -340.847 -3.0894
297.68 -340.892 -3.11268
296.407 -340.889 -3.1273
295.133 -340.878 -3.14033
293.854 -340.877 3.1333
292.576 -340.832 3.128
291.293 -340.797 3.12216
290.025 -340.775 3.11517
288.783 -340.736 3.10897
287.567 -340.68 3.10284
286.342 -340.614 3.09966
285.15 -340.573 3.09534
283.904 -340.485 3.09002
282.71 -340.405 3.08687
281.459 -340.304 3.0842
280.143 -340.198 3.08464
278.857 -340.094 3.08458
277.636 -340.008 3.08771
276.301 -339.939 3.08712
274.947 -339.851 3.08585
273.542 -339.749 3.08583
272.17 -339.662 3.08698
270.693 -339.612 3.08992
269.21 -339.54 3.09369
267.711 -339.451 3.09599
266.197 -339.341 3.09973
264.695 -339.27 3.1044
263.162 -339.198 3.1081
261.675 -339.171 3.10989
260.138 -339.073 3.11291
258.583 -339.063 3.11485
257.095 -339 3.11609
255.564 -338.911 3.11883
254.075 -338.866 3.11981
252.603 -338.842 3.11655
251.183 -338.767 3.11701
249.732 -338.761 3.11837
248.28 -338.71 3.11884
246.808 -338.675 3.12098
245.365 -338.608 3.12116
243.915 -338.596 3.11924
242.245 -338.685 3.11483
240.745 -338.625 3.11164
239.384 -338.5 3.10672
237.944 -338.495 3.10698
236.508 -338.387 3.10568
235.08 -338.319 3.10863
233.626 -338.245 3.10821
232.263 -338.172 3.10528
230.893 -338.083 3.10242
229.47 -338.01 3.10266
228.084 -337.92 3.10171
226.663 -337.866 3.10148
225.253 -337.762 3.10088
223.808 -337.689 3.09884
222.34 -337.619 3.09896
220.793 -337.534 3.09815
219.248 -337.448 3.09692
217.704 -337.412 3.09717
216.101 -337.304 3.09792
214.511 -337.251 3.09948
212.859 -337.195 3.10081
211.169 -337.092 3.10229
209.481 -337.011 3.10217
207.78 -336.909 3.10154
206.028 -336.816 3.09949
204.244 -336.734 3.10013
202.451 -336.655 3.10086
200.64 -336.55 3.10221
198.785 -336.461 3.10387
196.915 -336.386 3.10439
195.078 -336.306 3.10364
193.207 -336.19 3.10491
191.195 -336.221 3.09639
189.303 -336.125 3.09382
187.415 -336.007 3.09385
185.457 -335.856 3.09469
183.491 -335.744 3.08997
181.52 -335.589 3.08911
179.537 -335.469 3.08662
177.591 -335.351 3.08493
175.557 -335.185 3.08305
173.446 -335.025 3.07837
171.36 -334.851 3.07487
169.277 -334.672 3.07464
167.213 -334.499 3.07344
165.137 -334.329 3.07317
163.108 -334.134 3.07154
161.118 -334.014 3.07308
159.053 -333.858 3.07073
157.085 -333.705 3.07135
155.004 -333.506 3.06879
152.991 -333.33 3.06695
151.001 -333.146 3.06332
148.992 -332.955 3.05867
146.96 -332.767 3.05444
145.003 -332.56 3.04855
142.969 -332.338 3.04207
141.001 -332.129 3.03872
139.045 -331.892 3.03366
137.086 -331.64 3.02823
135.187 -331.415 3.02201
133.27 -331.151 3.01887
131.327 -330.857 3.01343
129.446 -330.604 3.0095
127.487 -330.301 3.00234
125.557 -329.99 3.00387
123.673 -329.713 3.00614
121.725 -329.459 3.01098
119.847 -329.225 3.01833
117.933 -328.975 3.025
116.002 -328.777 3.03205
114.077 -328.55 3.03867
112.104 -328.364 3.04697
110.177 -328.178 3.05377
108.177 -328.015 3.05968
106.147 -327.871 3.06666
104.165 -327.714 3.07147
102.093 -327.613 3.07137
100.035 -327.428 3.07194
97.9944 -327.278 3.0721
95.9374 -327.125 3.07084
93.8208 -326.93 3.07169
91.7603 -326.722 3.07215
89.7202 -326.573 3.0744
87.6408 -326.447 3.07393
85.5608 -326.299 3.07366
83.4716 -326.179 3.07356
81.3107 -326.009 3.0749
79.1789 -325.879 3.07559
77.0208 -325.672 3.07581
74.8699 -325.526 3.07624
72.6989 -325.381 3.07903
70.5275 -325.221 3.08233
68.2971 -325.042 3.0861
66.093 -324.883 3.08871
63.8464 -324.737 3.09178
61.63 -324.621 3.09278
59.383 -324.478 3.09677
57.1727 -324.375 3.09979
54.9546 -324.275 3.10296
52.8797 -324.172 3.10385
50.7005 -324.096 3.10629
48.5688 -324.038 3.10817
46.4632 -323.935 3.10905
44.3717 -323.861 3.11077
42.2719 -323.755 3.11146
40.2022 -323.679 3.11123
38.1783 -323.582 3.11021
36.2214 -323.526 3.10861
34.3484 -323.447 3.10953
32.5295 -323.377 3.11006
30.8712 -323.336 3.1095
29.2256 -323.249 3.10737
27.6348 -323.175 3.10424
26.1761 -323.075 3.10034
24.7617 -322.987 3.09263
23.3339 -322.872 3.08465
21.8993 -322.747 3.07087
20.5208 -322.596 3.05286
19.1815 -322.409 3.02794
17.8774 -322.2 2.99845
16.6147 -321.935 2.96556
15.3523 -321.639 2.92347
14.1812 -321.256 2.87258
13.0595 -320.826 2.82141
11.9748 -320.342 2.76511
10.9579 -319.803 2.70588
9.95804 -319.186 2.64218
9.02253 -318.534 2.57159
8.13449 -317.761 2.49143
7.30992 -316.919 2.40988
6.65756 -315.945 2.31932
6.06454 -314.987 2.2262
5.4973 -314.016 2.14083
4.99743 -312.876 2.0626
4.51049 -311.72 2.00057
4.08844 -310.507 1.94361
3.69828 -309.184 1.88977
3.38347 -307.838 1.83299
3.1564 -306.387 1.77205
2.99373 -304.94 1.7135
2.94006 -303.433 1.6627
2.91652 -301.884 1.62019
2.94582 -300.286 1.58622
3.00424 -298.651 1.55729
3.09888 -296.963 1.5376
3.21081 -295.237 1.52399
3.35878 -293.443 1.51492
3.48632 -291.575 1.51219
3.60223 -289.797 1.51375
3.74703 -287.914 1.51446
3.8621 -285.987 1.51599
3.97072 -284.037 1.52325
4.04719 -282.122 1.53103
4.12038 -280.151 1.53998
4.1725 -278.198 1.54877
4.2095 -276.258 1.55479
4.22861 -274.371 1.56042
4.24736 -272.488 1.56388
4.25354 -270.571 1.5675
4.27377 -268.686 1.57027
4.31433 -266.777 1.57124
4.30891 -264.871 1.57244
4.34612 -262.962 1.5745
4.30741 -261.087 1.57421
4.35981 -259.209 1.57163
4.37095 -257.326 1.57126
4.38416 -255.496 1.57029
4.3875 -253.669 1.57
4.41482 -251.85 1.57035
4.39279 -250.038 1.57367
4.37809 -248.184 1.57819
4.34945 -246.3 1.58007
4.35686 -244.364 1.57979
4.31951 -242.507 1.58157
4.29682 -240.623 1.58238
4.2742 -238.739 1.58379
4.28293 -236.864 1.58842
4.24769 -235.02 1.59021
4.22759 -233.165 1.59006
4.21153 -231.372 1.59262
4.21731 -229.539 1.5924
4.18258 -227.713 1.5905
4.18346 -225.973 1.58854
4.14566 -224.265 1.58439
4.1688 -222.578 1.58282
4.15102 -220.88 1.58015
4.13883 -219.205 1.5782
4.09511 -217.576 1.57783
4.10398 -215.955 1.57846
4.0944 -214.266 1.57874
4.08551 -212.556 1.58041
4.0907 -210.82 1.58187
4.05298 -209.06 1.58334
4.06277 -207.256 1.58637
4.07418 -205.416 1.58579
4.06499 -203.586 1.58578
4.01958 -201.768 1.58597
4.01604 -199.931 1.5854
4.02459 -197.98 1.58552
4.01109 -196.055 1.58504
3.98737 -194.201 1.58399
3.93092 -192.252 1.58664
3.88798 -190.31 1.58793
3.83387 -188.363 1.58813
3.79543 -186.409 1.58757
3.76613 -184.463 1.58698
3.76353 -182.534 1.58675
3.75885 -180.603 1.58744
3.75102 -178.701 1.59001
3.69835 -176.839 1.59064
3.63398 -174.932 1.59206
3.57282 -173.063 1.59408
3.58596 -171.177 1.59509
3.53784 -169.298 1.59691
3.4727 -167.411 1.59892
3.4233 -165.456 1.59773
3.37209 -163.559 1.5967
3.30404 -161.668 1.59636
3.26025 -159.746 1.59669
3.17896 -157.84 1.59375
3.11267 -155.912 1.59517
3.05384 -153.982 1.59849
2.96373 -152.077 1.6018
2.84783 -150.142 1.60259
2.76631 -148.257 1.60722
2.66242 -146.394 1.61792
2.54341 -144.476 1.63209
2.34989 -142.575 1.64803
2.16418 -140.592 1.66477
1.93696 -138.608 1.67545
1.72116 -136.634 1.68421
1.52811 -134.584 1.68925
1.33117 -132.609 1.68577
1.14416 -130.627 1.68065
0.956542 -128.603 1.67404
0.832639 -126.537 1.66611
0.687337 -124.465 1.657
0.585075 -122.339 1.6475
0.496661 -120.218 1.63883
0.396729 -118.106 1.63065
0.350696 -115.927 1.62096
0.335828 -113.752 1.61097
0.306096 -111.59 1.60042
0.297376 -109.413 1.59043
0.321678 -107.251 1.5823
0.347582 -105.078 1.57115
0.397355 -102.914 1.56146
0.48812 -100.772 1.55432
0.570675 -98.6363 1.54735
0.603856 -96.559 1.5397
0.626978 -94.4454 1.53583
0.754299 -92.4038 1.52707
0.835024 -90.4212 1.52404
0.960602 -88.4585 1.5228
1.09661 -86.4882 1.52265
1.15741 -84.5513 1.52971
1.24139 -82.621 1.53573
1.31152 -80.8094 1.53969
1.37517 -79.0826 1.54471
1.428 -77.4157 1.54938
1.48072 -75.7592 1.55464
1.54522 -74.1121 1.55822
1.58088 -72.4829 1.56157
1.56958 -70.9135 1.56262
1.61151 -69.3387 1.56368
1.65864 -67.7703 1.56398
1.67634 -66.2198 1.56297
1.72396 -64.6612 1.55558
1.76814 -63.0961 1.5423
1.85661 -61.5437 1.52546
1.99148 -60.0109 1.50728
2.14393 -58.4827 1.48057
2.36076 -56.9271 1.44976
2.64629 -55.388 1.41905
2.9705 -53.8483 1.38657
3.35394 -52.2979 1.35281
3.79401 -50.7408 1.31831
4.28207 -49.2323 1.28262
4.81549 -47.6711 1.24824
5.44666 -46.1456 1.21559
6.11657 -44.5809 1.18558
6.82759 -43.0669 1.15494
7.60526 -41.5266 1.12464
8.38511 -40.0562 1.09562
9.1975 -38.6177 1.07118
10.098 -37.1708 1.05063
10.9503 -35.7148 1.03477
11.8481 -34.2875 1.02454
12.7017 -32.8332 1.02081
13.6073 -31.3884 1.02432
14.5031 -29.9688 1.02505
15.4142 -28.5108 1.022
16.3117 -27.0247 1.01215
17.3152 -25.5583 0.998348
18.2992 -24.105 0.978588
19.319 -22.6885 0.953831
20.3914 -21.2951 0.923444
21.5527 -19.8988 0.891062
22.7999 -18.5021 0.857713
24.1108 -17.1125 0.825136
25.438 -15.7671 0.801536
26.8567 -14.3662 0.778807
28.3371 -13.0639 0.755843
29.8167 -11.7574 0.73007
31.3843 -10.4611 0.702666
33.0247 -9.20848 0.676295
34.6479 -7.99751 0.653117
36.3286 -6.77263 0.63154
38.0503 -5.61472 0.607435
39.8225 -4.45592 0.581652
41.6291 -3.31193 0.55947
43.4605 -2.25355 0.538206
45.2982 -1.21573 0.515151
47.1932 -0.232556 0.494412
49.0784 0.734182 0.47184
51.0132 1.65062 0.449585
52.9371 2.51277 0.428779
54.864 3.31698 0.408438
56.7073 4.0573 0.388678
58.661 4.76223 0.366659
60.5345 5.45038 0.34538
62.4298 6.06052 0.323836
64.3431 6.65421 0.302865
66.2616 7.19916 0.283836
68.2337 7.72128 0.267442
70.2554 8.20768 0.251665
72.2817 8.6906 0.2336
74.3173 9.12067 0.218821
76.3645 9.53096 0.204648
78.4215 9.91808 0.190495
80.5274 10.295 0.177162
82.6649 10.67 0.161226
84.7757 10.9598 0.147367
86.9271 11.2503 0.131049
89.1747 11.494 0.113676
91.3348 11.7144 0.0978778
93.6222 11.939 0.0819851
95.9334 12.0792 0.0668474
98.2198 12.1236 0.0516418
100.531 12.2191 0.0375338
102.807 12.2457 0.0220357
105.175 12.2368 0.00520858
107.515 12.1845 -0.0111484
109.908 12.0846 -0.0277654
112.296 11.9325 -0.0465147
114.676 11.7385 -0.0645479
117.058 11.5133 -0.0853192
119.469 11.2539 -0.106571
121.845 10.8814 -0.128705
124.217 10.5112 -0.15148
126.542 10.0872 -0.17576
128.858 9.56519 -0.198771
131.141 9.01484 -0.222442
133.448 8.44748 -0.245304
135.788 7.79684 -0.264922
138.113 7.12556 -0.281352
140.403 6.4773 -0.302351
142.636 5.70671 -0.322134
144.854 4.87414 -0.342178
147.09 3.92307 -0.361942
149.311 3.01327 -0.386691
151.502 2.03597 -0.411803
153.663 1.04984 -0.436522
155.777 0.00155854 -0.462345
157.894 -1.12077 -0.484347
159.937 -2.3277 -0.503128
161.957 -3.55991 -0.524053
163.975 -4.86995 -0.54518
165.952 -6.15203 -0.568498
167.833 -7.50338 -0.592062
169.667 -8.87811 -0.617661
171.405 -10.2789 -0.639463
173.152 -11.664 -0.656649
174.914 -13.0794 -0.670154
176.563 -14.5029 -0.680723
178.26 -15.9187 -0.689126
179.868 -17.2878 -0.696098
181.437 -18.6654 -0.703376
183.022 -20.0355 -0.706224
184.537 -21.3858 -0.706091
186.078 -22.692 -0.702831
187.648 -23.985 -0.699113
189.237 -25.2668 -0.692599
190.799 -26.5698 -0.683431
192.36 -27.7797 -0.67286
193.927 -28.9914 -0.659365
195.527 -30.181 -0.637437
197.14 -31.3111 -0.613556
198.841 -32.4069 -0.584771
200.571 -33.4458 -0.551615
202.268 -34.4396 -0.517336
204.068 -35.3488 -0.482468
205.872 -36.2249 -0.449383
207.743 -37.0368 -0.416819
209.591 -37.7597 -0.384188
211.471 -38.4781 -0.352091
213.394 -39.1042 -0.318002
215.33 -39.6323 -0.284708
217.319 -40.1009 -0.247736
219.343 -40.5678 -0.211174
221.404 -40.9365 -0.175103
223.488 -41.2202 -0.142279
225.638 -41.4249 -0.113249
227.781 -41.5737 -0.0843209
229.921 -41.6458 -0.0564508
232.07 -41.6754 -0.0289334
234.232 -41.6984 -0.00287453
236.453 -41.7455 0.0105153
238.625 -41.6767 0.0205182
240.778 -41.54 0.0274628
242.912 -41.4945 0.0348535
245.12 -41.4209 0.0420035
247.317 -41.3085 0.0496372
249.536 -41.1864 0.0579668
251.745 -41.0063 0.0651768
253.891 -40.9524 0.0743147
256.18 -40.7886 0.0770813
258.364 -40.6096 0.0781871
260.549 -40.4349 0.0784045
262.758 -40.2836 0.0780986
264.992 -40.0688 0.0760654
267.297 -39.9427 0.0761479
269.608 -39.7566 0.074762
271.982 -39.5828 0.0724312
274.319 -39.3714 0.0702339
276.689 -39.1925 0.0704859
279.035 -39.0891 0.0711318
281.39 -38.9046 0.0695845
283.755 -38.814 0.0685237
286.135 -38.6783 0.0661248
288.658 -38.5684 0.0626355
291.114 -38.4402 0.0601545
293.532 -38.301 0.0533834
295.962 -38.2474 0.0458461
298.428 -38.2318 0.0408777
300.872 -38.1869 0.0362571
303.35 -38.1553 0.0318488
305.799 -38.1243 0.0269533
308.311 -38.0662 0.0234877
310.749 -38.1049 0.0205174
313.205 -38.0015 0.0156868
315.728 -37.9734 0.0117227
318.115 -37.9366 0.00888499
320.531 -37.8951 0.0086666
322.938 -37.8643 0.00975117
325.416 -37.8531 0.0138782
327.859 -37.8209 0.016919
330.261 -37.7539 0.0216869
332.657 -37.6908 0.0260776
335.002 -37.6055 0.0281745
337.408 -37.5685 0.0322424
339.77 -37.4944 0.0377587
342.103 -37.403 0.041622
344.379 -37.3344 0.0456837
346.65 -37.2083 0.0487953
348.689 -37.1039 0.0520388
350.801 -37.0078 0.0567163
352.85 -36.8755 0.0592242
354.932 -36.7753 0.0616339
356.94 -36.6677 0.062286
358.928 -36.5846 0.0629781
360.843 -36.4777 0.0628322
362.682 -36.3789 0.0633393
364.486 -36.2609 0.0642868
366.17 -36.1909 0.0639232
367.696 -36.0916 0.0609091
369.223 -36.0765 0.0521952
370.722 -36.0131 0.0370382
372.155 -36.0313 0.0126551
373.565 -36.0945 -0.0227827
374.958 -36.2251 -0.0670392
376.284 -36.4256 -0.116395
377.537 -36.6564 -0.169889
378.737 -36.9974 -0.231252
379.858 -37.3752 -0.296327
380.931 -37.9017 -0.371928
381.896 -38.5206 -0.453934
382.784 -39.1534 -0.539018
383.628 -39.8546 -0.623528
384.384 -40.5957 -0.710259
385.075 -41.4161 -0.798652
385.724 -42.2968 -0.888563
386.259 -43.3004 -0.979853
386.693 -44.2997 -1.06273
387.12 -45.3693 -1.13558
387.42 -46.4751 -1.19907
387.716 -47.7076 -1.25225
388.013 -48.9704 -1.29742
388.242 -50.2492 -1.32905
388.489 -51.6393 -1.35558
388.742 -53.0604 -1.38251
388.959 -54.523 -1.40583
389.153 -56.0607 -1.42841
389.284 -57.6321 -1.44456
389.435 -59.2676 -1.45576
389.592 -60.9369 -1.46449
389.754 -62.6775 -1.47206
389.887 -64.4166 -1.47979
390.045 -66.2207 -1.48726
390.187 -68.0184 -1.49017
390.324 -69.8818 -1.49167
390.468 -71.7427 -1.49473
390.623 -73.721 -1.49628
390.772 -75.7129 -1.49702
390.875 -77.7853 -1.49736
391.021 -79.8756 -1.49972
391.136 -81.9758 -1.50195
391.231 -84.0977 -1.50405
391.38 -86.3306 -1.50545
391.465 -88.5842 -1.50817
391.604 -90.8262 -1.50871
391.716 -93.1738 -1.50831
391.848 -95.5306 -1.5072
391.976 -97.9666 -1.50667
392.115 -100.371 -1.50486
392.252 -102.824 -1.50469
392.396 -105.4 -1.50719
392.566 -107.768 -1.50705
392.745 -110.277 -1.50407
392.882 -112.835 -1.50372
393.102 -115.416 -1.50368
393.277 -117.987 -1.5066
393.433 -120.589 -1.51137
393.581 -123.184 -1.51827
393.637 -125.752 -1.52922
393.613 -128.403 -1.53562
393.68 -131.043 -1.54363
393.718 -133.732 -1.5455
393.718 -136.375 -1.55572
393.702 -139.086 -1.56466
393.678 -141.745 -1.57441
393.628 -144.42 -1.58703
393.539 -147.113 -1.59619
393.439 -149.667 -1.61028
393.306 -152.292 -1.62241
393.161 -154.837 -1.6344
392.916 -157.411 -1.64679
392.633 -159.985 -1.65666
392.362 -162.517 -1.66875
392.026 -165.213 -1.68128
391.652 -167.819 -1.69222
391.296 -170.485 -1.70283
390.937 -173.122 -1.71328
390.541 -175.736 -1.72249
390.125 -178.484 -1.73131
389.654 -181.143 -1.74397
389.159 -183.81 -1.75378
388.655 -186.497 -1.76438
388.12 -189.204 -1.77506
387.49 -191.854 -1.78411
386.908 -194.553 -1.79197
386.284 -197.165 -1.80089
385.659 -199.781 -1.80864
385.001 -202.468 -1.81675
384.335 -205.178 -1.82506
383.591 -207.859 -1.83141
382.8 -210.527 -1.84156
382.048 -213.231 -1.85132
381.222 -215.904 -1.8639
380.335 -218.552 -1.8749
379.481 -221.2 -1.88426
378.545 -223.836 -1.89393
377.602 -226.506 -1.90033
376.689 -229.163 -1.90482
375.713 -231.864 -1.90926
374.773 -234.561 -1.91021
373.848 -237.273 -1.90764
372.878 -239.938 -1.90761
371.906 -242.637 -1.90872
370.942 -245.181 -1.90723
370.057 -247.729 -1.91002
369.087 -250.266 -1.91134
368.136 -252.79 -1.91251
367.147 -255.414 -1.91224
366.141 -258.012 -1.90738
365.157 -260.563 -1.90638
364.266 -263.117 -1.90297
363.357 -265.694 -1.89775
362.536 -268.274 -1.89667
361.638 -270.783 -1.89335
360.743 -273.359 -1.89209
359.856 -275.925 -1.8881
358.976 -278.538 -1.8873
358.059 -281.077 -1.88768
357.193 -283.762 -1.88509
356.386 -286.282 -1.88878
355.577 -288.854 -1.89169
354.677 -291.487 -1.89822
353.819 -294.013 -1.90683
352.894 -296.555 -1.9128
351.988 -299.113 -1.92312
351.021 -301.636 -1.93162
350.082 -304.139 -1.94218
348.929 -306.642 -1.95382
347.861 -309.189 -1.96514
346.761 -311.609 -1.97232
345.695 -314.006 -1.97655
344.658 -316.355 -1.98471
343.612 -318.748 -1.99233
342.522 -321.059 -1.99611
341.453 -323.381 -2.00145
340.42 -325.816 -2.00367
339.357 -328.151 -2.00992
338.258 -330.458 -2.01761
337.154 -332.843 -2.02055
335.979 -335.165 -2.03041
334.837 -337.474 -2.03971
333.664 -339.767 -2.05034
332.385 -342.092 -2.05835
331.112 -344.406 -2.06767
329.797 -346.662 -2.07499
328.497 -348.914 -2.08188
327.156 -351.195 -2.08602
325.751 -353.449 -2.08157
324.464 -355.823 -2.0761
323.18 -358.2 -2.06962
321.878 -360.593 -2.05713
320.537 -363.075 -2.04699
319.244 -365.511 -2.03532
318.018 -367.971 -2.02235
316.907 -370.487 -2.00989
315.741 -373.027 -1.99779
314.604 -375.635 -1.98213
313.469 -378.253 -1.96761
312.405 -380.943 -1.95459
311.374 -383.632 -1.93782
310.441 -386.337 -1.91936
309.481 -389.083 -1.90787
308.519 -391.842 -1.89422
307.627 -394.588 -1.8801
306.808 -397.401 -1.86924
306.013 -400.173 -1.86268
305.211 -402.881 -1.85775
304.409 -405.715 -1.85252
303.603 -408.533 -1.85174
302.775 -411.377 -1.84814
301.948 -414.211 -1.84543
301.163 -417.114 -1.84224
300.376 -419.985 -1.83908
299.618 -422.87 -1.83992
298.886 -425.831 -1.84084
298.084 -428.756 -1.8388
297.265 -431.734 -1.83457
296.526 -434.74 -1.83369
295.717 -437.765 -1.8312
294.909 -440.799 -1.83039
294.175 -443.801 -1.82948
293.392 -446.616 -1.82341
292.616 -449.616 -1.82162
291.862 -452.575 -1.8194
291.08 -455.553 -1.81672
290.362 -458.543 -1.81711
289.58 -461.555 -1.81278
288.856 -464.508 -1.80814
288.142 -467.485 -1.80325
287.485 -470.504 -1.79971
286.766 -473.51 -1.79626
286.127 -476.52 -1.79699
285.395 -479.582 -1.79423
284.699 -482.56 -1.79251
283.966 -485.466 -1.78794
283.315 -488.422 -1.78892
282.672 -491.326 -1.79017
281.938 -494.301 -1.79425
281.294 -497.151 -1.79735
280.555 -499.887 -1.80073
279.787 -502.765 -1.80622
278.977 -505.542 -1.80501
278.371 -508.347 -1.80478
277.713 -511.11 -1.80187
277.058 -513.871 -1.79628
276.459 -516.685 -1.7897
275.784 -519.548 -1.78447
275.199 -522.392 -1.78033
274.618 -525.203 -1.77496
274.03 -527.973 -1.76973
273.473 -530.722 -1.76691
272.921 -533.428 -1.76449
272.377 -536.033 -1.76055
271.78 -538.664 -1.75836
271.228 -541.301 -1.75655
270.758 -543.877 -1.75928
270.286 -546.407 -1.76528
269.739 -548.929 -1.77331
269.064 -551.427 -1.78491
268.386 -553.888 -1.7962
267.757 -556.273 -1.8088
267.08 -558.652 -1.81845
266.385 -560.966 -1.82155
265.758 -563.278 -1.82059
265.207 -565.562 -1.81711
264.653 -567.857 -1.81422
264.155 -570.055 -1.80726
263.611 -572.22 -1.80484
263.108 -574.39 -1.80034
262.608 -576.586 -1.79525
262.136 -578.652 -1.7918
261.591 -580.756 -1.78743
261.178 -582.783 -1.78263
260.744 -584.751 -1.7815
260.325 -586.618 -1.78147
259.928 -588.364 -1.78384
259.473 -590.084 -1.79277
259.037 -591.722 -1.80803
258.619 -593.263 -1.83752
258.008 -594.78 -1.87976
257.269 -596.171 -1.93766
256.58 -597.504 -2.00804
255.742 -598.765 -2.08195
254.925 -600.056 -2.1567
253.935 -601.178 -2.23297
252.925 -602.31 -2.30614
251.853 -603.281 -2.37128
250.737 -604.16 -2.43653
249.521 -604.974 -2.49811
248.326 -605.761 -2.54984
247.073 -606.382 -2.59624
245.824 -606.996 -2.6347
244.563 -607.603 -2.66735
243.216 -608.207 -2.69087
241.84 -608.797 -2.71578
240.433 -609.345 -2.73806
239.022 -609.872 -2.75753
237.656 -610.398 -2.77609
236.148 -610.909 -2.78465
234.679 -611.373 -2.7922
233.189 -611.915 -2.80036
231.637 -612.385 -2.80485
230.049 -612.884 -2.81076
228.505 -613.341 -2.81378
226.84 -613.84 -2.81767
225.226 -614.343 -2.82983
223.595 -614.814 -2.83798
221.953 -615.306 -2.84609
220.294 -615.679 -2.85512
218.588 -616.147 -2.8572
216.947 -616.617 -2.85975
215.201 -617.046 -2.86157
213.448 -617.516 -2.8624
211.65 -618.01 -2.86126
209.869 -618.469 -2.85833
208.122 -618.998 -2.8564
206.326 -619.5 -2.85376
204.425 -620.049 -2.85421
202.584 -620.571 -2.85354
200.726 -621.08 -2.85304
198.839 -621.623 -2.85384
196.932 -622.196 -2.8548
195.011 -622.75 -2.85492
193.092 -623.301 -2.85625
191.167 -623.843 -2.8567
189.242 -624.382 -2.85676
187.273 -624.938 -2.85567
185.298 -625.532 -2.85522
183.325 -626.099 -2.85165
181.322 -626.712 -2.84812
179.365 -627.374 -2.84583
177.332 -628.01 -2.84265
175.316 -628.614 -2.84223
173.242 -629.178 -2.84257
171.163 -629.785 -2.84191
169.111 -630.4 -2.84198
167.032 -631.055 -2.84383
164.961 -631.689 -2.84496
162.912 -632.374 -2.8432
160.828 -633.036 -2.84448
158.72 -633.811 -2.84352
156.601 -634.475 -2.84359
154.48 -635.156 -2.84101
152.307 -635.742 -2.84111
150.202 -636.398 -2.83758
148.09 -637.024 -2.83724
145.951 -637.7 -2.83404
143.849 -638.33 -2.83353
141.806 -638.96 -2.82889
139.752 -639.554 -2.82535
137.701 -640.19 -2.82217
135.649 -640.864 -2.82053
133.636 -641.547 -2.8153
131.694 -642.207 -2.81414
129.688 -642.926 -2.81487
127.724 -643.594 -2.81261
125.772 -644.247 -2.81471
123.919 -644.881 -2.81802
122.096 -645.453 -2.82599
120.271 -645.999 -2.8383
118.501 -646.482 -2.86559
116.791 -646.916 -2.89492
115.073 -647.281 -2.93148
113.334 -647.525 -2.97318
111.691 -647.691 -3.01881
110.092 -647.786 -3.07137
108.533 -647.735 -3.12644
107.031 -647.593 3.10137
105.572 -647.388 3.03816
104.155 -647.08 2.9707
102.804 -646.65 2.90312
101.445 -646.114 2.83424
100.213 -645.542 2.76069
98.9454 -644.856 2.68895
97.8027 -644.069 2.61498
96.7317 -643.206 2.54411
95.7036 -642.26 2.47263
94.6969 -641.236 2.40791
93.7235 -640.179 2.34891
92.8022 -639.05 2.29666
91.9117 -637.823 2.25366
90.9995 -636.567 2.21125
90.0903 -635.21 2.17251
89.2512 -633.807 2.13628
88.4565 -632.304 2.10183
87.6141 -630.869 2.06944
86.8798 -629.294 2.04453
86.1368 -627.715 2.01925
85.4259 -626.057 1.9976
84.7316 -624.341 1.97951
84.0084 -622.578 1.96535
83.2793 -620.777 1.95369
82.6271 -619.031 1.94442
81.9115 -617.219 1.94019
81.1758 -615.357 1.93716
80.4994 -613.452 1.93646
79.7596 -611.621 1.93475
79.0344 -609.71 1.9291
78.3326 -607.719 1.92429
77.6018 -605.731 1.91812
76.8334 -603.627 1.91454
76.0907 -601.519 1.91588
75.3191 -599.407 1.91616
74.5749 -597.259 1.9171
73.7838 -595.102 1.91891
73.0092 -592.945 1.9212
72.2412 -590.673 1.92026
71.4643 -588.402 1.91982
70.636 -586.176 1.9208
69.8449 -583.94 1.92158
69.0442 -581.741 1.92273
68.2269 -579.494 1.92308
67.4063 -577.27 1.92256
66.6084 -575.03 1.92288
65.8057 -572.814 1.9238
65.0134 -570.593 1.92333
64.269 -568.433 1.92167
63.5106 -566.274 1.91987
62.7518 -564.172 1.91697
61.9889 -562.093 1.91462
61.2807 -560.055 1.91283
60.578 -557.963 1.91442
59.8528 -555.968 1.91608
59.1506 -553.928 1.91715
58.429 -551.92 1.91908
57.7318 -549.979 1.92192
57.0397 -548.078 1.92393
56.3396 -546.107 1.92381
55.6594 -544.202 1.92782
54.9692 -542.297 1.92882
54.2767 -540.426 1.92971
53.591 -538.562 1.93158
52.8072 -536.636 1.9346
52.127 -534.782 1.93667
51.4135 -532.943 1.93824
50.6595 -531.025 1.94065
49.9351 -529.063 1.9421
49.2241 -527.216 1.94424
48.4511 -525.276 1.94565
47.7355 -523.405 1.94687
46.9315 -521.543 1.94579
46.1861 -519.684 1.94745
45.4609 -517.824 1.94845
44.6654 -515.899 1.95048
43.9342 -513.928 1.95148
43.1319 -511.984 1.95349
42.3637 -509.959 1.9508
41.5304 -507.986 1.9503
40.7559 -505.945 1.94664
40.0353 -503.897 1.94516
39.2477 -501.849 1.94257
38.4269 -499.803 1.93999
37.6249 -497.681 1.93953
36.7742 -495.587 1.93846
35.9749 -493.566 1.94123
35.2179 -491.484 1.9395
34.406 -489.303 1.94078
33.5864 -487.126 1.943
32.7506 -484.91 1.94425
31.917 -482.713 1.94536
31.1052 -480.497 1.94575
30.2457 -478.287 1.94688
29.3809 -476.054 1.94555
28.5672 -473.831 1.94492
27.7647 -471.693 1.94262
26.9648 -469.564 1.94093
26.219 -467.457 1.93941
25.4834 -465.408 1.93864
24.7139 -463.338 1.93845
24.0032 -461.262 1.93857
23.2431 -459.24 1.93486
22.5433 -457.289 1.93006
21.8252 -455.289 1.92574
21.1557 -453.315 1.91665
20.5304 -451.439 1.908
19.9473 -449.538 1.89884
19.3776 -447.647 1.89041
18.8023 -445.821 1.88128
18.2954 -444.009 1.87343
17.7467 -442.215 1.87523
17.2805 -440.532 1.87854
16.7523 -438.862 1.88115
16.2516 -437.269 1.88597
15.7158 -435.689 1.89056
15.2312 -434.218 1.89556
14.748 -432.739 1.90088
14.2639 -431.295 1.90742
13.7951 -429.824 1.91616
13.3138 -428.464 1.91955
12.8907 -427.206 1.92012
12.4653 -425.94 1.91684
12.0446 -424.764 1.91022
11.631 -423.592 1.89778
11.3411 -422.402 1.87486
11.0679 -421.285 1.84452
10.8491 -420.197 1.80393
10.7142 -419.134 1.75291
10.6129 -418.076 1.70043
10.5927 -416.995 1.64411
10.6585 -416.004 1.58522
10.8009 -414.986 1.52247
11.0123 -414.027 1.45591
11.252 -413.063 1.38802
11.6095 -412.108 1.31835
11.9999 -411.173 1.2479
12.4422 -410.241 1.17383
12.9954 -409.335 1.09982
13.6429 -408.442 1.02413
14.3381 -407.608 0.946351
15.1243 -406.808 0.871685
16.0102 -406.009 0.801235
17.0054 -405.211 0.735215
18.0684 -404.469 0.669456
19.2158 -403.749 0.60813
20.4544 -403 0.553653
21.7417 -402.389 0.509548
23.088 -401.783 0.475382
24.5356 -401.148 0.454057
26.0136 -400.5 0.440835
27.4936 -399.855 0.43075
29.0161 -399.19 0.422704
30.6014 -398.528 0.419263
32.2758 -397.807 0.420536
33.9488 -397.069 0.423588
35.6845 -396.29 0.426264
37.4264 -395.493 0.429559
39.2318 -394.69 0.433725
41.0833 -393.846 0.437298
42.9347 -392.958 0.438799
44.7791 -392.083 0.44038
46.6827 -391.207 0.441608
48.6628 -390.318 0.443187
50.6972 -389.391 0.445203
52.6992 -388.443 0.445967
54.705 -387.492 0.447197
56.7576 -386.538 0.446247
58.7997 -385.569 0.445594
60.9247 -384.582 0.443342
62.9548 -383.579 0.443279
64.9614 -382.665 0.442917
66.9772 -381.718 0.446226
68.9982 -380.736 0.445498
71.1095 -379.76 0.449788
73.2549 -378.792 0.448448
75.3337 -377.784 0.446356
77.4895 -376.803 0.446516
79.5897 -375.883 0.445326
81.7346 -374.859 0.443437
83.9058 -373.9 0.44416
86.1276 -372.927 0.444492
88.349 -371.909 0.443384
90.5501 -370.91 0.445669
92.7493 -369.91 0.448411
94.9711 -368.901 0.449905
97.2168 -367.815 0.451485
99.4367 -366.712 0.455321
101.754 -365.661 0.459249
104.075 -364.562 0.461201
106.346 -363.424 0.463595
108.626 -362.294 0.466397
110.97 -361.134 0.466917
113.271 -359.998 0.469271
115.616 -358.813 0.468816
117.931 -357.647 0.472066
120.277 -356.486 0.472715
122.583 -355.345 0.471336
124.883 -354.214 0.469969
127.154 -353.109 0.471384
129.363 -352.032 0.472476
131.596 -350.902 0.472323
133.827 -349.823 0.471989
135.99 -348.722 0.473177
138.153 -347.672 0.474853
140.296 -346.583 0.477532
142.43 -345.536 0.4785
144.576 -344.47 0.47856
146.692 -343.434 0.47945
148.786 -342.342 0.477656
150.855 -341.29 0.475059
152.903 -340.284 0.471834
154.967 -339.239 0.46978
156.997 -338.228 0.467532
158.944 -337.23 0.469894
160.948 -336.243 0.470962
162.893 -335.237 0.4725
164.853 -334.274 0.473708
166.774 -333.326 0.47746
168.693 -332.37 0.479323
170.648 -331.388 0.48137
172.577 -330.382 0.483697
174.465 -329.41 0.486716
176.425 -328.451 0.491781
178.402 -327.489 0.498092
180.244 -326.467 0.500143
182.168 -325.419 0.501694
184.063 -324.392 0.498977
185.911 -323.491 0.49726
187.837 -322.508 0.494618
189.715 -321.537 0.492386
191.676 -320.507 0.493318
193.545 -319.499 0.492363
195.486 -318.488 0.494336
197.432 -317.448 0.494631
199.302 -316.416 0.495305
201.224 -315.431 0.494679
203.107 -314.483 0.493695
205.01 -313.473 0.493455
206.88 -312.563 0.492089
208.755 -311.576 0.4907
210.592 -310.617 0.493366
212.432 -309.614 0.493341
214.33 -308.62 0.494575
216.139 -307.631 0.497265
217.923 -306.714 0.500222
219.683 -305.727 0.501304
221.386 -304.791 0.502199
223.123 -303.851 0.503274
224.738 -302.926 0.505683
226.421 -301.965 0.508394
228.117 -300.991 0.506776
229.803 -300.179 0.508262
231.412 -299.321 0.510948
233.099 -298.348 0.514034
234.7 -297.499 0.514786
236.322 -296.606 0.51498
237.903 -295.796 0.517524
239.424 -294.898 0.519707
241 -294.05 0.52098
242.484 -293.161 0.522752
243.939 -292.318 0.523228
245.337 -291.536 0.524088
246.706 -290.777 0.527269
247.919 -290.049 0.528539
249.166 -289.394 0.527538
250.281 -288.742 0.525685
251.301 -288.145 0.527127
252.308 -287.574 0.525999
253.29 -287.031 0.524647
254.147 -286.51 0.524502
255.004 -286.052 0.525901
255.739 -285.6 0.524327
256.407 -285.258 0.521606
257.085 -284.857 0.521637
257.819 -284.495 0.520576
258.533 -284.138 0.518823
259.208 -283.744 0.51765
259.883 -283.306 0.519154
260.586 -282.927 0.518389
261.24 -282.572 0.517187
261.968 -282.148 0.515851
262.724 -281.74 0.51447
263.469 -281.324 0.512125
264.199 -280.857 0.513068
264.96 -280.432 0.513516
265.72 -280.001 0.510458
266.537 -279.551 0.506718
267.355 -279.125 0.499381
268.245 -278.654 0.490103
269.122 -278.197 0.480325
270.02 -277.723 0.472935
270.949 -277.274 0.469106
271.894 -276.778 0.465698
272.947 -276.291 0.467794
274.011 -275.719 0.469562
275.133 -275.173 0.473129
276.241 -274.588 0.474236
277.358 -273.987 0.479091
278.486 -273.412 0.488579
279.642 -272.797 0.501238
280.827 -272.152 0.517445
281.904 -271.481 0.536227
282.99 -270.805 0.558544
284.011 -270.09 0.584993
284.972 -269.351 0.618776
285.917 -268.574 0.66272
286.806 -267.726 0.71237
287.641 -266.854 0.767664
288.369 -265.956 0.824146
289.082 -265.029 0.884763
289.704 -264.063 0.945849
290.28 -263.054 1.00922
290.79 -261.997 1.07299
291.275 -260.957 1.13612
291.648 -259.866 1.20026
291.923 -258.779 1.25802
292.164 -257.697 1.31444
292.404 -256.58 1.3671
292.568 -255.406 1.41113
292.662 -254.223 1.45321
292.714 -253.026 1.49277
292.776 -251.744 1.5305
292.783 -250.505 1.56112
292.738 -249.21 1.57995
292.735 -247.845 1.59659
292.719 -246.467 1.60681
292.76 -245.02 1.607
292.759 -243.678 1.60052
292.786 -242.152 1.59648
292.765 -240.572 1.59154
292.798 -239.029 1.58577
292.87 -237.445 1.58521
292.84 -235.786 1.58762
292.835 -234.071 1.58874
292.841 -232.315 1.59237
292.831 -230.588 1.59052
292.799 -228.785 1.59275
292.828 -226.942 1.59121
292.789 -225.098 1.59297
292.727 -223.157 1.59417
292.624 -221.227 1.59142
292.564 -219.227 1.59097
292.443 -217.107 1.59355
292.342 -215.017 1.59487
292.342 -212.926 1.59399
292.308 -210.748 1.59558
292.304 -208.612 1.59532
292.284 -206.379 1.59549
292.215 -204.114 1.59752
292.225 -201.833 1.59651
292.172 -199.586 1.59439
292.2 -197.212 1.59467
292.182 -194.831 1.59503
292.201 -192.404 1.59535
292.162 -190.005 1.59328
292.166 -187.456 1.59382
292.115 -184.964 1.59509
292.077 -182.375 1.59139
292.094 -179.858 1.58974
292.071 -177.269 1.58815
292.017 -174.557 1.58599
291.999 -171.885 1.5851
292.01 -169.227 1.58579
292.016 -166.521 1.59019
292.015 -163.817 1.59375
291.933 -161.085 1.59703
291.938 -158.367 1.59686
291.917 -155.699 1.59873
291.925 -152.961 1.60111
291.869 -150.265 1.60448
291.814 -147.61 1.60929
291.713 -144.743 1.62412
291.602 -142.034 1.63592
291.468 -139.258 1.65611
291.224 -136.498 1.67444
290.878 -133.681 1.68867
290.484 -130.893 1.70347
290.066 -128.091 1.72091
289.588 -125.348 1.73302
289.088 -122.455 1.74903
288.557 -119.688 1.76575
288.072 -116.917 1.78133
287.461 -114.216 1.79576
286.833 -111.419 1.81052
286.116 -108.747 1.82167
285.4 -106.096 1.83172
284.636 -103.419 1.8452
283.818 -100.722 1.85988
283.013 -98.0218 1.87346
282.164 -95.3451 1.88781
281.305 -92.6746 1.90061
280.332 -89.9805 1.91593
279.347 -87.2807 1.92646
278.344 -84.497 1.94462
277.269 -81.8094 1.95275
276.249 -79.1622 1.96327
275.132 -76.5139 1.97591
273.997 -73.8949 1.9835
272.762 -71.2171 1.99561
271.584 -68.5642 2.00225
270.35 -65.8487 2.00805
269.13 -63.2544 2.01047
267.793 -60.5312 2.01032
266.601 -57.9277 2.01569
265.389 -55.2662 2.02131
264.163 -52.616 2.02689
262.954 -50.0276 2.03378
261.651 -47.3966 2.03745
260.481 -44.9219 2.04219
259.292 -42.4522 2.04254
258.074 -39.998 2.0422
256.871 -37.5254 2.04368
255.687 -35.1272 2.04426
254.493 -32.691 2.0436
253.312 -30.1972 2.04276
252.162 -27.8255 2.04061
251.061 -25.5342 2.0408
249.963 -23.3366 2.04215
248.914 -21.1415 2.04272
247.923 -19.1294 2.04326
246.915 -17.1519 2.04264
245.926 -15.1508 2.04195
244.979 -13.2487 2.04071
244.048 -11.3365 2.03956
243.195 -9.60179 2.03656
242.312 -7.77518 2.03412
241.462 -6.02982 2.03082
240.652 -4.3806 2.0305
239.919 -2.78851 2.03025
239.276 -1.25742 2.03044
238.514 0.219191 2.0321
237.839 1.66732 2.03532
237.137 3.03096 2.03843
236.527 4.26165 2.04664
235.867 5.47981 2.05707
235.249 6.65974 2.06823
234.572 7.83104 2.08606
233.916 8.98452 2.1105
233.216 10.0697 2.13751
232.47 11.1566 2.16618
231.709 12.2083 2.19549
230.864 13.2739 2.22774
230.017 14.2671 2.27256
229.087 15.14 2.32759
228.082 15.9716 2.39238
227.013 16.8492 2.46334
225.848 17.6178 2.53463
224.712 18.1811 2.60324
223.494 18.7602 2.67634
222.24 19.1929 2.75033
221.002 19.5297 2.8349
219.704 19.7362 2.92895
218.411 19.7959 3.03136
217.064 19.7874 3.13824
215.691 19.5359 -3.04012
214.373 19.1493 -2.93504
213.002 18.6841 -2.837
211.669 18.1366 -2.76089
210.262 17.5197 -2.7084
208.979 16.8849 -2.67224
207.669 16.1672 -2.64847
206.333 15.4005 -2.63288
204.986 14.6297 -2.62016
203.591 13.8423 -2.60885
202.179 12.9474 -2.59671
200.789 12.0824 -2.5877
199.322 11.1912 -2.57806
197.88 10.279 -2.57568
196.394 9.37079 -2.57605
194.845 8.41708 -2.58086
193.264 7.48694 -2.58484
191.677 6.56176 -2.58933
190.033 5.58768 -2.5954
188.417 4.65205 -2.59737
186.709 3.64447 -2.59837
185.016 2.63976 -2.59687
183.257 1.58353 -2.59745
181.489 0.526497 -2.59448
179.682 -0.532805 -2.59183
177.885 -1.5823 -2.58898
176.044 -2.68663 -2.58867
174.194 -3.79537 -2.59113
172.284 -4.93858 -2.59695
170.288 -6.0879 -2.60217
168.278 -7.25583 -2.60386
166.218 -8.46136 -2.605
164.172 -9.66025 -2.60598
162.107 -10.8324 -2.60636
160.03 -11.9972 -2.60645
158.008 -13.1472 -2.60441
155.905 -14.3262 -2.60343
153.79 -15.533 -2.60666
151.706 -16.6835 -2.61022
149.533 -17.8946 -2.61608
147.43 -19.0816 -2.6198
145.339 -20.2656 -2.62381
143.198 -21.4545 -2.62713
141.068 -22.6245 -2.62477
138.883 -23.8145 -2.621
136.778 -25.0117 -2.61827
134.621 -26.2302 -2.61637
132.494 -27.3999 -2.61422
130.329 -28.6542 -2.61402
128.111 -29.8836 -2.61349
125.897 -31.1367 -2.61242
123.682 -32.3878 -2.61173
121.513 -33.6354 -2.61183
119.248 -34.8574 -2.61494
117.059 -36.0729 -2.6191
114.848 -37.297 -2.62151
112.752 -38.5524 -2.6243
110.582 -39.6986 -2.62633
108.365 -40.8539 -2.6268
106.258 -42.0476 -2.62636
104.125 -43.1687 -2.62694
101.967 -44.3403 -2.63183
99.9437 -45.524 -2.63555
98.0105 -46.5866 -2.63917
96.1653 -47.6127 -2.64182
94.3299 -48.6055 -2.64554
92.5431 -49.5336 -2.65235
90.8253 -50.4875 -2.65726
89.3034 -51.2625 -2.66438
87.6804 -52.0802 -2.67333
86.1851 -52.7767 -2.6827
84.7579 -53.4008 -2.69481
83.3922 -54.0707 -2.70556
82.0467 -54.6802 -2.71785
80.6955 -55.2067 -2.73018
79.3968 -55.7609 -2.74315
78.1069 -56.2384 -2.75298
76.8872 -56.6988 -2.75823
75.6092 -57.1916 -2.76016
74.4147 -57.653 -2.75551
73.2167 -58.1216 -2.74566
72.0956 -58.6204 -2.73192
70.9941 -59.0895 -2.7162
69.8721 -59.5853 -2.7011
68.9324 -60.1043 -2.67897
67.9954 -60.597 -2.65507
67.0403 -61.1452 -2.62381
66.0742 -61.7591 -2.58408
65.2012 -62.367 -2.53574
64.3592 -63.0753 -2.47935
63.5461 -63.8593 -2.41437
62.7938 -64.6888 -2.34767
62.1315 -65.6174 -2.27835
61.4418 -66.6064 -2.20904
60.8271 -67.639 -2.1392
60.2883 -68.6804 -2.06911
59.8669 -69.8408 -2.00362
59.479 -71.013 -1.93776
59.1644 -72.2243 -1.87334
58.955 -73.4539 -1.8096
58.7871 -74.7637 -1.74225
58.7101 -76.0507 -1.67404
58.7519 -77.3907 -1.60664
58.8398 -78.7576 -1.53805
59.0349 -80.1536 -1.47338
59.3017 -81.5681 -1.41257
59.608 -82.924 -1.35635
60.0123 -84.3512 -1.3033
60.5183 -85.7325 -1.25339
61.0789 -87.1227 -1.20451
61.7212 -88.5735 -1.16323
62.4276 -90.0139 -1.13152
63.1985 -91.4752 -1.10306
63.9907 -92.9085 -1.07477
64.7825 -94.3849 -1.05324
65.6968 -95.882 -1.04189
66.5355 -97.4183 -1.03942
67.3855 -98.9659 -1.03816
68.2853 -100.554 -1.04108
69.2283 -102.213 -1.04092
70.1486 -103.891 -1.04021
71.1532 -105.572 -1.04074
72.1355 -107.31 -1.04187
73.1364 -109.081 -1.03997
74.1784 -110.842 -1.04488
75.2035 -112.619 -1.04633
76.2156 -114.443 -1.05098
77.2646 -116.34 -1.05521
78.2729 -118.285 -1.05653
79.299 -120.239 -1.05826
80.3941 -122.219 -1.05745
81.4976 -124.249 -1.05583
82.5522 -126.304 -1.05553
83.6363 -128.372 -1.05517
84.8225 -130.445 -1.05137
86.0112 -132.562 -1.04692
87.2233 -134.676 -1.04425
88.3911 -136.783 -1.03994
89.5884 -138.847 -1.038
90.7735 -140.928 -1.03667
92.0183 -143.097 -1.03747
93.2196 -145.199 -1.03704
94.4077 -147.291 -1.03729
95.5829 -149.464 -1.03773
96.7872 -151.614 -1.0394
97.9884 -153.85 -1.03974
99.1851 -156.059 -1.0385
100.404 -158.228 -1.03885
101.653 -160.462 -1.03797
102.916 -162.651 -1.03759
104.157 -164.841 -1.037
105.351 -167.045 -1.03632
106.611 -169.26 -1.03557
107.829 -171.52 -1.03612
109.09 -173.804 -1.03449
110.374 -176.054 -1.03575
111.63 -178.282 -1.03612
112.881 -180.58 -1.03176
114.11 -182.74 -1.0321
115.336 -184.944 -1.03246
116.579 -187.129 -1.03255
117.808 -189.27 -1.03294
118.989 -191.369 -1.03513
120.283 -193.57 -1.03835
121.475 -195.74 -1.04097
122.646 -197.928 -1.04216
123.832 -200.132 -1.04327
125.075 -202.357 -1.0444
126.332 -204.522 -1.04308
127.559 -206.786 -1.04342
128.758 -209.057 -1.04391
130.095 -211.323 -1.04432
131.331 -213.578 -1.04659
132.605 -215.876 -1.04891
133.765 -218.189 -1.05139
135.005 -220.485 -1.05669
136.304 -222.861 -1.05863
137.573 -225.251 -1.05902
138.84 -227.66 -1.05905
140.155 -230.081 -1.05926
141.388 -232.297 -1.05748
142.742 -234.62 -1.0581
143.963 -236.887 -1.05928
145.144 -239.229 -1.06329
146.442 -241.583 -1.06342
147.644 -243.921 -1.06502
148.866 -246.248 -1.06596
150.083 -248.581 -1.06558
151.346 -250.889 -1.0671
152.542 -253.118 -1.0662
153.775 -255.387 -1.06336
154.97 -257.591 -1.06369
156.141 -259.794 -1.06507
157.393 -261.965 -1.0652
158.629 -264.163 -1.06484
159.829 -266.377 -1.06623
160.986 -268.496 -1.06684
162.146 -270.65 -1.06643
163.284 -272.781 -1.06864
164.392 -274.923 -1.06645
165.559 -277.002 -1.06678
166.641 -279.052 -1.06207
167.84 -281.134 -1.05303
169.005 -283.203 -1.04639
170.015 -284.913 -1.0382
171.167 -286.849 -1.03107
172.349 -288.724 -1.02409
173.442 -290.552 -1.01882
174.519 -292.279 -1.01361
175.54 -294.007 -1.00765
176.55 -295.669 -1.00289
177.584 -297.27 -1.00055
178.543 -298.826 -1.00174
179.446 -300.295 -1.01065
180.286 -301.718 -1.02784
180.995 -303.086 -1.05567
181.649 -304.465 -1.09466
182.241 -305.8 -1.14657
182.665 -307.151 -1.20806
183.036 -308.495 -1.27371
183.268 -309.84 -1.34593
183.393 -311.182 -1.42306
183.377 -312.478 -1.49992
183.238 -313.785 -1.58352
183.022 -315.076 -1.66703
182.742 -316.386 -1.75019
182.293 -317.705 -1.83425
181.727 -319.011 -1.91949
181.091 -320.255 -2.00487
180.264 -321.503 -2.08491
179.415 -322.678 -2.1589
178.4 -323.846 -2.22103
177.333 -324.985 -2.28514
176.192 -326.111 -2.34382
174.988 -327.182 -2.38839
173.7 -328.236 -2.42155
172.349 -329.306 -2.44784
170.945 -330.405 -2.46443
169.485 -331.53 -2.48099
167.941 -332.645 -2.49177
166.437 -333.747 -2.50579
164.895 -334.811 -2.51887
163.243 -335.929 -2.5237
161.576 -337.049 -2.52662
159.917 -338.231 -2.52585
158.218 -339.397 -2.52828
156.472 -340.62 -2.52714
154.693 -341.893 -2.5245
152.867 -343.154 -2.52332
151.044 -344.41 -2.52267
149.158 -345.7 -2.52218
147.291 -347.021 -2.52202
145.399 -348.34 -2.51999
143.522 -349.627 -2.52019
141.589 -350.974 -2.51917
139.679 -352.335 -2.52097
137.702 -353.741 -2.52067
135.721 -355.139 -2.52009
133.701 -356.561 -2.51849
131.729 -357.942 -2.51876
129.741 -359.342 -2.51903
127.783 -360.73 -2.51909
125.808 -362.105 -2.51812
123.942 -363.417 -2.51776
121.993 -364.796 -2.51842
120.136 -366.169 -2.51819
118.238 -367.494 -2.51611
116.383 -368.817 -2.51411
114.501 -370.107 -2.51304
112.567 -371.479 -2.50999
110.723 -372.807 -2.50971
108.906 -374.134 -2.50895
107.111 -375.435 -2.51092
105.272 -376.698 -2.51304
103.523 -377.975 -2.51468
101.703 -379.217 -2.51491
99.9572 -380.488 -2.51457
98.2385 -381.729 -2.51729
96.5085 -382.926 -2.51657
94.7916 -384.177 -2.51493
93.0943 -385.409 -2.51214
91.4582 -386.598 -2.512
89.8106 -387.791 -2.51161
88.22 -388.941 -2.50891
86.6545 -390.057 -2.50624
85.149 -391.182 -2.50202
83.6853 -392.23 -2.49876
82.252 -393.279 -2.49641
80.9241 -394.275 -2.49471
79.6646 -395.238 -2.49345
78.4081 -396.175 -2.49263
77.206 -396.996 -2.48996
76.112 -397.86 -2.48897
75.0448 -398.72 -2.48989
74.0311 -399.484 -2.49274
73.0941 -400.22 -2.49407
72.1485 -400.952 -2.49846
71.2192 -401.626 -2.49857
70.3973 -402.292 -2.50059
69.5788 -402.885 -2.50342
68.7974 -403.478 -2.50774
68.0832 -403.991 -2.50968
67.3278 -404.485 -2.51056
66.6542 -404.924 -2.51212
66.0095 -405.429 -2.5141
65.4064 -405.854 -2.51461
64.8679 -406.246 -2.5156
64.3456 -406.614 -2.51673
63.8787 -406.927 -2.51797
63.4981 -407.205 -2.52129
63.1716 -407.433 -2.52166
62.8645 -407.66 -2.5224
62.6147 -407.801 -2.52503
62.4351 -407.935 -2.52805
62.3296 -408.085 -2.52729
62.2471 -408.22 -2.52722
62.168 -408.352 -2.52727
62.0993 -408.45 -2.52736
62.0517 -408.554 -2.52812
62.014 -408.658 -2.52869
61.9538 -408.762 -2.52908
61.8994 -408.873 -2.5294
61.8434 -408.988 -2.52993
61.7708 -409.118 -2.53016
61.6926 -409.241 -2.5304
61.6073 -409.371 -2.53015
61.5007 -409.495 -2.52958
61.3871 -409.626 -2.52952
61.251 -409.739 -2.52867
61.0433 -409.895 -2.52517
60.8412 -410.073 -2.52272
60.6182 -410.246 -2.52006
60.3838 -410.448 -2.5166
60.1263 -410.6 -2.51362
59.7997 -410.824 -2.51288
59.5036 -411.026 -2.51312
59.169 -411.267 -2.51237
58.8711 -411.47 -2.51257
58.5253 -411.683 -2.51122
58.2076 -411.909 -2.50954
57.8677 -412.138 -2.50896
57.5708 -412.398 -2.50858
57.2352 -412.622 -2.5077
56.9277 -412.845 -2.50711
56.6225 -413.052 -2.50689
56.4247 -413.239 -2.50958
56.2503 -413.395 -2.51253
56.1847 -413.503 -2.51305
56.1183 -413.609 -2.51328
56.0745 -413.706 -2.51394
56.0613 -413.781 -2.5144
56.054 -413.849 -2.5148
56.0549 -413.921 -2.51506
56.054 -413.991 -2.51546
56.0446 -414.068 -2.51575
56.0406 -414.132 -2.51656
56.0345 -414.198 -2.51673
56.0315 -414.271 -2.51718
56.0253 -414.345 -2.51783
56.0263 -414.401 -2.5185
56.0266 -414.465 -2.51903
56.0325 -414.54 -2.51961
56.0294 -414.61 -2.51969
56.0251 -414.676 -2.51978
56.0236 -414.749 -2.52019
56.018 -414.826 -2.5203
56.0179 -414.903 -2.52111
56.0015 -414.978 -2.52123
55.9974 -415.046 -2.52166
55.9841 -415.121 -2.52189
55.9679 -415.191 -2.52201
55.9471 -415.261 -2.52213
55.9302 -415.337 -2.52227
55.9141 -415.413 -2.52237
55.8974 -415.488 -2.52259
55.8813 -415.562 -2.52268
55.8786 -415.63 -2.52297
55.8754 -415.697 -2.52343
55.8708 -415.764 -2.52401
55.8692 -415.824 -2.52458
55.8617 -415.893 -2.52496
55.8606 -415.953 -2.52563
55.859 -416.018 -2.52609
55.8553 -416.092 -2.52642
55.8528 -416.166 -2.52668
55.8495 -416.237 -2.52693
55.847 -416.311 -2.52726
55.8392 -416.388 -2.52748
55.8372 -416.459 -2.52788
55.8363 -416.518 -2.52851
55.8325 -416.589 -2.52896
55.8301 -416.662 -2.52927
55.8285 -416.726 -2.52982
55.8303 -416.796 -2.53049
55.8289 -416.855 -2.53117
55.8275 -416.912 -2.53192
55.8242 -416.981 -2.53223
55.823 -417.053 -2.53259
55.8178 -417.129 -2.53285
55.8148 -417.199 -2.53313
55.8156 -417.261 -2.53367
55.8084 -417.333 -2.53402
55.8027 -417.407 -2.53417
55.8009 -417.471 -2.53484
55.7995 -417.541 -2.53526
55.7977 -417.606 -2.53577
55.7983 -417.669 -2.53636
55.7955 -417.733 -2.53689
55.7918 -417.801 -2.53742
55.789 -417.865 -2.53792
55.783 -417.938 -2.53808
55.7746 -418.009 -2.53834
55.774 -418.08 -2.53902
55.7731 -418.137 -2.53971
55.7684 -418.212 -2.53993
55.7565 -418.283 -2.54005
55.7563 -418.348 -2.54062
55.7475 -418.42 -2.54073
55.7386 -418.491 -2.54069
55.7363 -418.555 -2.54126
55.7257 -418.618 -2.54155
55.7236 -418.676 -2.54214
55.7346 -418.735 -2.54292
55.7374 -418.796 -2.54359
55.7356 -418.861 -2.54412
55.7355 -418.935 -2.54418
55.7367 -419.009 -2.5446
55.737 -419.084 -2.54475
55.7315 -419.152 -2.54528
55.7274 -419.219 -2.54573
55.7184 -419.291 -2.54576
55.7163 -419.362 -2.54606
55.7117 -419.435 -2.5464
55.7089 -419.499 -2.54694
55.6986 -419.567 -2.54673
55.6898 -419.638 -2.54659
55.6768 -419.713 -2.54637
55.6722 -419.783 -2.54671
55.6671 -419.858 -2.54711
55.659 -419.932 -2.54743
55.6561 -420.002 -2.54783
55.6538 -420.068 -2.54845
55.6489 -420.128 -2.54901
55.6452 -420.201 -2.54933
55.641 -420.278 -2.54954
55.6365 -420.348 -2.55003
55.6349 -420.428 -2.55044
55.6297 -420.508 -2.55095
55.6178 -420.575 -2.55115
55.614 -420.641 -2.55133
55.6064 -420.71 -2.5514
55.599 -420.772 -2.55169
55.5937 -420.852 -2.55221
55.5846 -420.917 -2.55268
55.583 -420.989 -2.55267
55.5854 -421.075 -2.55266
55.5774 -421.142 -2.55281
55.5692 -421.213 -2.55314
55.5692 -421.289 -2.55347
55.5647 -421.369 -2.55388
55.5633 -421.448 -2.55413
55.5539 -421.529 -2.55441
55.5462 -421.609 -2.55495
55.5353 -421.684 -2.55517
55.5269 -421.759 -2.55549
55.5163 -421.829 -2.5558
55.5111 -421.904 -2.55607
55.5073 -421.975 -2.55646
55.501 -422.047 -2.55684
55.4965 -422.126 -2.55725
55.4922 -422.201 -2.55749
55.4888 -422.271 -2.55845
55.4721 -422.347 -2.55947
55.4482 -422.426 -2.56042
55.4075 -422.52 -2.56099
55.352 -422.621 -2.56149
55.2733 -422.736 -2.56182
55.1946 -422.848 -2.56206
55.1108 -422.967 -2.56261
54.9367 -423.059 -2.56049
54.7186 -423.199 -2.55711
54.4754 -423.334 -2.55365
54.1576 -423.551 -2.5532
53.8027 -423.788 -2.5524
53.3611 -424.102 -2.54993
52.9172 -424.389 -2.54859
52.3735 -424.718 -2.54709
51.8041 -425.098 -2.54458
51.2051 -425.508 -2.54401
50.5164 -425.951 -2.54249
49.7831 -426.406 -2.54156
49.0286 -426.958 -2.53965
48.1736 -427.527 -2.53958
47.2848 -428.131 -2.54095
46.3687 -428.737 -2.54065
45.3796 -429.382 -2.54317
44.3258 -430.104 -2.54386
43.2123 -430.848 -2.54423
42.0567 -431.623 -2.54391
40.8917 -432.44 -2.54163
39.6697 -433.274 -2.53384
38.4324 -434.178 -2.51729
37.2208 -435.123 -2.49074
35.9913 -436.13 -2.4509
34.8812 -437.248 -2.39491
33.787 -438.442 -2.32484
32.8419 -439.751 -2.24741
31.952 -441.146 -2.16651
31.1664 -442.638 -2.08518
30.5217 -444.178 -2.00039
30.0288 -445.807 -1.91372
29.6447 -447.445 -1.82558
29.4169 -449.148 -1.73901
29.3186 -450.881 -1.65183
29.3813 -452.652 -1.56771
29.587 -454.418 -1.48458
29.9344 -456.207 -1.40473
30.3572 -457.972 -1.32962
30.9818 -459.734 -1.25864
31.7318 -461.444 -1.19229
32.5516 -463.155 -1.13052
33.521 -464.868 -1.08179
34.5673 -466.563 -1.04391
35.601 -468.334 -1.01758
36.6905 -470.027 -1.00417
37.8136 -471.751 -0.989419
38.9028 -473.475 -0.978865
40.113 -475.303 -0.969167
41.3265 -477.116 -0.96146
42.6158 -478.983 -0.962413
43.9492 -480.782 -0.962751
45.2555 -482.636 -0.960571
46.5681 -484.559 -0.960721
47.8643 -486.452 -0.958639
49.1976 -488.447 -0.958094
50.4867 -490.397 -0.958503
51.8538 -492.445 -0.958726
53.2395 -494.469 -0.959516
54.7163 -496.531 -0.959326
56.1616 -498.564 -0.961503
57.613 -500.633 -0.963986
59.0136 -502.698 -0.964827
60.4671 -504.787 -0.963545
61.9216 -506.897 -0.961462
63.3702 -509.004 -0.961751
64.8548 -511.094 -0.959669
66.3079 -513.239 -0.956989
67.8034 -515.373 -0.954782
69.3055 -517.527 -0.953899
70.7996 -519.602 -0.956358
72.3143 -521.775 -0.957743
73.7731 -523.965 -0.959147
75.292 -526.126 -0.960225
76.8219 -528.328 -0.961061
78.2707 -530.466 -0.963216
79.7439 -532.654 -0.961181
81.1607 -534.796 -0.958439
82.625 -537.003 -0.954881
84.1374 -539.136 -0.952182
85.6038 -541.217 -0.950141
86.9638 -543.295 -0.947186
88.4085 -545.325 -0.944417
89.8397 -547.336 -0.941593
91.2079 -549.248 -0.939252
92.5812 -551.195 -0.942337
93.8868 -553.052 -0.944837
95.1787 -554.913 -0.945172
96.4128 -556.744 -0.945824
97.6757 -558.555 -0.947029
98.8984 -560.371 -0.947931
100.162 -562.16 -0.94775
101.408 -564.012 -0.947077
102.681 -565.762 -0.948239
103.918 -567.586 -0.950369
105.148 -569.365 -0.950702
106.352 -571.151 -0.949762
107.684 -572.992 -0.949526
108.881 -574.789 -0.947934
110.156 -576.572 -0.948119
111.494 -578.452 -0.948636
112.796 -580.362 -0.948015
114.184 -582.288 -0.949332
115.539 -584.239 -0.951153
116.894 -586.084 -0.952035
118.228 -588.075 -0.952642
119.601 -590.025 -0.950023
120.975 -591.927 -0.950188
122.389 -593.837 -0.951957
123.764 -595.825 -0.950564
125.158 -597.813 -0.949646
126.567 -599.813 -0.948233
127.963 -601.816 -0.945727
129.453 -603.773 -0.94205
130.827 -605.765 -0.942103
132.236 -607.796 -0.943922
133.652 -609.811 -0.944397
135.066 -611.866 -0.946183
136.493 -613.862 -0.951989
137.845 -615.78 -0.95072
139.226 -617.791 -0.950438
140.609 -619.701 -0.94773
141.948 -621.584 -0.945511
143.316 -623.464 -0.944491
144.689 -625.296 -0.942752
145.983 -627.127 -0.942851
147.298 -628.952 -0.941086
148.633 -630.712 -0.938165
150.021 -632.631 -0.936474
151.327 -634.392 -0.933901
152.587 -636.201 -0.933886
153.875 -637.935 -0.932443
155.149 -639.623 -0.930897
156.422 -641.345 -0.930348
157.677 -643.03 -0.932917
158.861 -644.681 -0.934951
160.01 -646.289 -0.935895
161.15 -647.846 -0.934924
162.276 -649.351 -0.932069
163.372 -650.812 -0.928036
164.463 -652.237 -0.923667
165.514 -653.581 -0.922145
166.445 -654.877 -0.918401
167.41 -656.134 -0.908342
168.383 -657.261 -0.893043
169.339 -658.348 -0.870964
170.283 -659.396 -0.844547
171.257 -660.264 -0.811845
172.203 -661.174 -0.778795
173.143 -661.957 -0.744014
174.036 -662.681 -0.709445
174.872 -663.326 -0.675583
175.711 -663.921 -0.64248
176.484 -664.413 -0.61062
177.258 -664.903 -0.577903
178.058 -665.299 -0.542613
178.85 -665.727 -0.502891
179.687 -666.108 -0.460437
180.593 -666.416 -0.412011
181.505 -666.711 -0.359123
182.491 -666.938 -0.304494
183.529 -667.105 -0.247992
184.584 -667.24 -0.1866
185.669 -667.313 -0.124689
186.829 -667.305 -0.0570144
187.962 -667.224 0.0122615
189.162 -667.077 0.0816515
190.326 -666.844 0.156413
191.505 -666.494 0.233986
192.68 -666.034 0.309376
193.871 -665.476 0.386531
195.038 -664.841 0.457675
196.207 -664.147 0.515265
197.328 -663.416 0.555659
198.472 -662.676 0.582914
199.622 -661.841 0.603151
200.788 -661.019 0.616843
201.941 -660.159 0.627129
203.137 -659.324 0.633176
204.311 -658.451 0.634897
205.518 -657.573 0.639326
206.777 -656.66 0.641409
208.048 -655.751 0.641509
209.306 -654.822 0.639856
210.589 -653.881 0.63824
211.941 -652.877 0.639809
213.318 -651.879 0.64095
214.663 -650.882 0.641294
216.066 -649.839 0.641775
217.529 -648.759 0.641816
219.013 -647.687 0.644544
220.496 -646.565 0.648653
221.994 -645.458 0.650486
223.524 -644.361 0.653472
225.078 -643.156 0.655115
226.673 -641.944 0.655851
228.229 -640.75 0.654361
229.767 -639.59 0.656178
231.395 -638.357 0.656011
233.048 -637.141 0.656957
234.728 -635.838 0.659486
236.468 -634.536 0.661866
238.097 -633.165 0.663243
239.835 -631.859 0.666127
241.577 -630.465 0.666438
243.362 -629.067 0.666635
245.258 -627.691 0.664922
247.062 -626.353 0.666085
248.948 -624.933 0.665163
250.826 -623.539 0.665919
252.715 -622.125 0.663585
254.515 -620.677 0.665436
256.39 -619.317 0.663696
258.15 -617.908 0.661651
259.96 -616.488 0.657744
261.847 -615.08 0.657722
263.633 -613.677 0.658916
265.479 -612.28 0.65879
267.303 -610.902 0.658692
269.171 -609.476 0.658735
270.991 -608.105 0.656757
272.878 -606.741 0.654483
274.74 -605.364 0.653061
276.565 -603.99 0.653745
278.383 -602.609 0.659413
280.237 -601.138 0.661726
282.041 -599.7 0.664278
283.817 -598.259 0.668108
285.686 -596.876 0.667778
287.395 -595.472 0.670754
289.124 -594.13 0.67136
290.885 -592.776 0.670871
292.541 -591.404 0.669414
294.168 -590.055 0.671132
295.733 -588.723 0.674139
297.229 -587.529 0.677386
298.624 -586.383 0.680185
299.981 -585.295 0.681643
301.324 -584.296 0.682356
302.579 -583.315 0.682612
303.815 -582.332 0.684235
304.995 -581.362 0.686608
306.152 -580.489 0.687532
307.188 -579.648 0.685952
308.176 -578.822 0.684812
309.166 -578.072 0.684109
310.15 -577.307 0.684307
311.02 -576.56 0.683969
311.909 -575.858 0.682439
312.736 -575.215 0.684108
313.544 -574.569 0.686785
314.336 -573.916 0.689954
315.02 -573.317 0.692578
315.677 -572.721 0.697199
316.378 -572.173 0.704018
317.02 -571.606 0.717524
317.61 -571.012 0.733017
318.222 -570.389 0.749792
318.837 -569.721 0.776928
319.443 -569.042 0.808593
320.037 -568.293 0.844207
320.617 -567.51 0.889173
321.216 -566.639 0.937209
321.763 -565.7 0.986395
322.292 -564.696 1.04106
322.852 -563.64 1.10059
323.274 -562.492 1.15721
323.686 -561.28 1.21635
324.03 -559.942 1.27686
324.267 -558.583 1.33911
324.49 -557.167 1.40056
324.622 -555.703 1.46429
324.662 -554.094 1.53064
324.628 -552.484 1.59583
324.524 -550.843 1.64887
324.341 -549.102 1.69333
324.086 -547.423 1.72845
323.766 -545.612 1.75573
323.437 -543.807 1.78198
322.994 -541.982 1.80105
322.537 -540.077 1.81704
322.054 -538.11 1.82641
321.582 -536.08 1.834
321.069 -534.018 1.83799
320.511 -531.906 1.83786
319.893 -529.705 1.83833
319.318 -527.49 1.83948
318.717 -525.248 1.84089
318.162 -522.954 1.84004
317.545 -520.585 1.83861
316.956 -518.317 1.83268
316.347 -515.979 1.82735
315.724 -513.547 1.82166
315.103 -511.007 1.81493
314.52 -508.518 1.81008
313.962 -506 1.8052
313.36 -503.435 1.80053
312.76 -500.807 1.79904
312.217 -498.173 1.79717
311.615 -495.533 1.79625
310.999 -492.858 1.79305
310.377 -490.1 1.79231
309.788 -487.421 1.79063
309.243 -484.699 1.78638
308.683 -481.993 1.78206
308.2 -479.236 1.7806
307.645 -476.515 1.77635
307.223 -473.904 1.77281
306.772 -471.127 1.77201
306.306 -468.345 1.76943
305.821 -465.525 1.76745
305.312 -462.634 1.76623
304.841 -459.853 1.76493
304.307 -456.941 1.76564
303.794 -454.097 1.76253
303.309 -451.104 1.76278
302.803 -448.182 1.76083
302.302 -445.267 1.75984
301.756 -442.332 1.75823
301.254 -439.393 1.75871
300.686 -436.425 1.7617
300.117 -433.449 1.7614
299.556 -430.477 1.76167
299.023 -427.455 1.76507
298.579 -424.453 1.76278
298.046 -421.421 1.76559
297.546 -418.451 1.76503
297.007 -415.447 1.76585
296.461 -412.404 1.76478
295.925 -409.372 1.76524
295.417 -406.283 1.76458
294.817 -403.239 1.76071
294.265 -400.042 1.75905
293.799 -396.925 1.75573
293.24 -393.754 1.75326
292.747 -390.605 1.75182
292.331 -387.603 1.74706
291.82 -384.413 1.74717
291.358 -381.363 1.74505
290.869 -378.37 1.74128
290.398 -375.353 1.73979
289.859 -372.338 1.74111
289.415 -369.344 1.74078
288.907 -366.342 1.74096
288.461 -363.277 1.7423
288.057 -360.308 1.74148
287.493 -357.179 1.73334
287.081 -354.292 1.7308
286.638 -351.285 1.72714
286.181 -348.317 1.72289
285.748 -345.273 1.72051
285.339 -342.29 1.71263
284.9 -339.157 1.70615
284.541 -336.212 1.69282
284.237 -333.22 1.68311
284.003 -330.273 1.67141
283.757 -327.391 1.65868
283.612 -324.474 1.64767
283.445 -321.564 1.63646
283.311 -318.664 1.62469
283.252 -315.821 1.61217
283.243 -312.955 1.59552
283.241 -310.041 1.58526
283.247 -307.154 1.57471
283.254 -304.224 1.56355
283.383 -301.337 1.55094
283.469 -298.5 1.53888
283.645 -295.554 1.52941
283.819 -292.7 1.51954
284.094 -289.781 1.51483
284.357 -286.921 1.51595
284.513 -283.998 1.52098
284.67 -281.146 1.52701
284.818 -278.281 1.5339
284.906 -275.345 1.54212
285.045 -272.402 1.55019
285.161 -269.507 1.56074
285.15 -266.596 1.57536
285.087 -263.646 1.59291
285.033 -260.728 1.60834
284.927 -257.741 1.62335
284.774 -254.833 1.63739
284.627 -251.864 1.64821
284.435 -248.891 1.66003
284.174 -245.926 1.67047
283.899 -242.971 1.67836
283.588 -240.005 1.68537
283.308 -237.038 1.69385
283.025 -234.114 1.69901
282.761 -231.127 1.70486
282.343 -228.156 1.71098
281.916 -225.075 1.71255
281.551 -222.084 1.71895
281.128 -219.037 1.72825
280.557 -215.899 1.73352
280.095 -212.857 1.7378
279.591 -209.821 1.73593
279.068 -206.824 1.7388
278.521 -203.832 1.74412
277.962 -200.74 1.74253
277.455 -197.726 1.74661
276.969 -194.661 1.74822
276.432 -191.547 1.74825
275.927 -188.433 1.74164
275.509 -185.337 1.73666
275.061 -182.189 1.73575
274.62 -179.082 1.73434
274.189 -175.965 1.73059
273.77 -172.905 1.72735
273.307 -169.86 1.72487
272.959 -166.77 1.72628
272.546 -163.828 1.72565
272.069 -160.827 1.72539
271.63 -157.792 1.72521
271.199 -154.837 1.72578
270.777 -151.951 1.72914
270.333 -148.902 1.73323
269.862 -145.998 1.73701
269.383 -143.089 1.74425
268.914 -140.135 1.75143
268.432 -137.193 1.76171
267.894 -134.26 1.77297
267.254 -131.242 1.78678
266.661 -128.434 1.80052
266.06 -125.6 1.81316
265.373 -122.681 1.82625
264.582 -119.876 1.84143
263.775 -116.989 1.85549
262.921 -114.133 1.87174
262.02 -111.331 1.88017
261.096 -108.497 1.89538
260.117 -105.656 1.90738
259.199 -102.883 1.92126
258.105 -99.9948 1.93558
257.022 -97.2139 1.95179
255.927 -94.4546 1.96532
254.711 -91.7131 1.97696
253.498 -88.926 1.98943
252.24 -86.2231 2.00321
250.98 -83.5276 2.01546
249.666 -80.82 2.02566
248.336 -78.1867 2.03438
247.007 -75.4342 2.04518
245.633 -72.7565 2.05475
244.197 -70.0039 2.06804
242.817 -67.4833 2.07793
241.407 -64.8613 2.08962
239.934 -62.2697 2.10149
238.44 -59.6743 2.11254
236.952 -57.1748 2.12211
235.457 -54.7233 2.13319
233.888 -52.2227 2.14297
232.335 -49.8796 2.14767
230.86 -47.3818 2.14942
229.327 -44.9685 2.1532
227.825 -42.4918 2.15859
226.289 -40.0975 2.15901
224.758 -37.7197 2.16197
223.165 -35.3275 2.16521
221.644 -32.8991 2.16685
220.131 -30.6097 2.16569
218.61 -28.2483 2.16578
217.059 -25.8639 2.16639
215.503 -23.5511 2.16274
214.047 -21.2395 2.16112
212.592 -18.9521 2.16049
211.098 -16.7092 2.15961
209.627 -14.4329 2.15911
208.18 -12.1618 2.15824
206.771 -9.98432 2.15538
205.384 -7.84218 2.15358
203.976 -5.68487 2.15295
202.618 -3.59557 2.15494
201.299 -1.55255 2.15666
200.007 0.401533 2.16031
198.851 2.25873 2.16283
197.648 4.02883 2.16418
196.497 5.78949 2.16461
195.377 7.48798 2.16762
194.433 9.06027 2.17106
193.368 10.5995 2.1728
192.367 12.1356 2.17568
191.402 13.5914 2.18063
190.395 14.9686 2.19042
189.429 16.3144 2.21164
188.379 17.6284 2.24337
187.305 18.8317 2.28121
186.178 19.9479 2.32379
185.012 20.9893 2.3742
183.858 21.8908 2.43245
182.617 22.8432 2.49424
181.357 23.6021 2.55399
180.058 24.3126 2.61585
178.752 25.0063 2.67893
177.409 25.4833 2.7361
176.041 25.9849 2.79722
174.622 26.3572 2.85815
173.188 26.606 2.9228
171.729 26.8182 2.98996
170.286 26.8324 3.05956
168.832 26.7977 3.13736
167.327 26.6778 -3.06341
165.824 26.3832 -2.98131
164.295 25.9828 -2.89776
162.751 25.3627 -2.81424
161.312 24.716 -2.7316
159.829 23.8808 -2.65886
158.273 23.0046 -2.60028
156.78 22.0714 -2.56114
155.314 21.0439 -2.53066
153.821 19.973 -2.51536
152.391 18.9343 -2.50276
150.862 17.786 -2.4947
149.346 16.6604 -2.48912
147.814 15.5015 -2.48781
146.264 14.3493 -2.48591
144.728 13.1452 -2.48464
143.068 11.9258 -2.48315
141.448 10.6548 -2.48254
139.805 9.38887 -2.4805
138.108 8.07039 -2.47851
136.446 6.77378 -2.4771
134.704 5.47742 -2.47693
132.938 4.10417 -2.47952
131.137 2.74004 -2.4814
129.291 1.33939 -2.48192
127.426 -0.0624388 -2.48039
125.559 -1.46544 -2.48074
123.639 -2.97767 -2.48164
121.679 -4.46481 -2.48354
119.708 -5.97031 -2.48456
117.773 -7.45719 -2.48399
115.808 -8.92805 -2.48348
113.815 -10.4138 -2.48373
111.837 -11.9294 -2.48641
109.776 -13.4074 -2.48721
107.718 -14.8716 -2.48869
105.614 -16.3269 -2.49052
103.497 -17.8888 -2.49442
101.398 -19.4106 -2.49711
99.3505 -20.8828 -2.50377
97.2031 -22.4243 -2.51123
95.1129 -23.9067 -2.51737
92.9181 -25.4192 -2.52229
90.7792 -26.8785 -2.52888
88.5444 -28.3464 -2.53567
86.3842 -29.7629 -2.54184
84.1159 -31.2331 -2.54496
81.9545 -32.6803 -2.55105
79.6963 -34.1359 -2.55728
77.5024 -35.629 -2.56011
75.3056 -37.0587 -2.56071
73.0629 -38.4194 -2.56055
70.8695 -39.8641 -2.55963
68.633 -41.2504 -2.55745
66.4723 -42.6507 -2.55911
64.2546 -44.0416 -2.5598
62.1099 -45.4561 -2.56032
59.9768 -46.8427 -2.56151
57.9071 -48.1977 -2.56304
55.7832 -49.577 -2.56617
53.7073 -50.842 -2.5708
51.6074 -52.1257 -2.5763
49.5046 -53.3857 -2.58705
47.3253 -54.5613 -2.59977
45.1652 -55.7827 -2.61341
43.1215 -56.923 -2.62915
41.0779 -58.0227 -2.65208
39.0171 -59.0728 -2.67084
37.0032 -60.0247 -2.69583
34.9141 -60.9456 -2.72061
32.7692 -61.8078 -2.74344
30.6804 -62.5678 -2.76829
28.585 -63.2684 -2.7928
26.4946 -63.9661 -2.81906
24.3765 -64.5517 -2.84213
22.2067 -65.105 -2.86791
20.0435 -65.538 -2.89656
17.8758 -65.9692 -2.92789
15.7019 -66.3209 -2.95825
13.5134 -66.5749 -2.99098
11.2324 -66.7891 -3.02474
9.03502 -66.9426 -3.05974
6.77919 -66.9551 -3.0889
4.49374 -66.9832 -3.11735
2.22347 -66.9231 -3.13935
-0.134453 -66.8282 3.12717
-2.4407 -66.6945 3.11654
-4.83037 -66.5634 3.10807
-7.17779 -66.3998 3.10469
-9.51406 -66.243 3.10601
-11.8986 -66.1395 3.11181
-14.3193 -66.0805 3.11873
-16.732 -65.9853 3.12548
-19.1313 -65.9456 3.13439
-21.5726 -65.8797 -3.14035
-24.1016 -65.8994 -3.13184
-26.6614 -65.9422 -3.12205
-29.1625 -65.9982 -3.11076
-31.6505 -66.0715 -3.09842
-34.1403 -66.2005 -3.08725
-36.6078 -66.3515 -3.07337
-39.0431 -66.5125 -3.05843
-41.4104 -66.6673 -3.04475
-43.8865 -66.9494 -3.03188
-46.3592 -67.2201 -3.01488
-48.8038 -67.4529 -2.99644
-51.2034 -67.8118 -2.97959
-53.6134 -68.1727 -2.96191
-56.033 -68.6411 -2.93987
-58.3507 -69.1276 -2.91614
-60.7683 -69.6771 -2.89135
-63.165 -70.3115 -2.86796
-65.498 -71.0118 -2.84903
-67.8527 -71.7036 -2.83348
-70.1414 -72.4405 -2.81908
-72.4438 -73.2418 -2.80603
-74.76 -74.0173 -2.79178
-77.0731 -74.8592 -2.77836
-79.2991 -75.8016 -2.76869
-81.5783 -76.6926 -2.75422
-83.8294 -77.6365 -2.74136
-86.1166 -78.5831 -2.72369
-88.3282 -79.5149 -2.70652
-90.4598 -80.5329 -2.69175
-92.6163 -81.6179 -2.67732
-94.6894 -82.626 -2.66009
-96.7374 -83.6781 -2.64188
-98.7804 -84.7518 -2.62184
-100.826 -85.9269 -2.60401
-102.808 -87.1071 -2.58487
-104.811 -88.3064 -2.56865
-106.791 -89.5078 -2.55281
-108.691 -90.7993 -2.53915
-110.574 -92.1231 -2.52719
-112.438 -93.4379 -2.5141
-114.359 -94.8376 -2.50036
-116.208 -96.2169 -2.48706
-118.014 -97.6283 -2.47311
-119.826 -99.0838 -2.45572
-121.642 -100.577 -2.4381
-123.463 -102.117 -2.42024
-125.235 -103.691 -2.40264
-126.988 -105.286 -2.38305
-128.693 -106.909 -2.36416
-130.425 -108.617 -2.34411
-132.105 -110.312 -2.32482
-133.828 -112.08 -2.30433
-135.513 -113.977 -2.28465
-137.114 -115.829 -2.26603
-138.728 -117.76 -2.24704
-140.3 -119.74 -2.2295
-141.859 -121.745 -2.21172
-143.415 -123.785 -2.19658
-144.881 -125.852 -2.18398
-146.369 -128.039 -2.17136
-147.865 -130.185 -2.15626
-149.319 -132.337 -2.13972
-150.713 -134.568 -2.12299
-152.07 -136.769 -2.10598
-153.375 -138.97 -2.08888
-154.643 -141.232 -2.07301
-155.863 -143.421 -2.05663
-157.04 -145.714 -2.04181
-158.126 -147.957 -2.02347
-159.217 -150.244 -2.00567
-160.242 -152.502 -1.98762
-161.236 -154.835 -1.96554
-162.189 -157.237 -1.94396
-163.078 -159.633 -1.922
-163.908 -162.03 -1.90024
-164.699 -164.42 -1.87852
-165.483 -166.869 -1.85706
-166.135 -169.294 -1.83936
-166.778 -171.695 -1.81967
-167.365 -174.079 -1.8051
-167.89 -176.449 -1.79213
-168.382 -178.813 -1.78153
-168.856 -181.114 -1.77152
-169.304 -183.463 -1.76076
-169.758 -185.752 -1.75749
-170.229 -188.057 -1.75358
-170.659 -190.337 -1.75528
-171.114 -192.596 -1.75726
-171.576 -194.855 -1.76437
-172.053 -197.003 -1.77511
-172.549 -199.196 -1.78807
-173.067 -201.351 -1.80109
-173.699 -203.514 -1.82089
-174.312 -205.588 -1.84155
-175.003 -207.652 -1.86397
-175.74 -209.674 -1.88826
-176.523 -211.716 -1.909
-177.281 -213.689 -1.93096
-178.067 -215.619 -1.95259
-178.912 -217.492 -1.97522
-179.81 -219.376 -2.00112
-180.754 -221.198 -2.02754
-181.698 -222.98 -2.05409
-182.731 -224.772 -2.0806
-183.802 -226.481 -2.1051
-184.88 -228.101 -2.13038
-186.012 -229.741 -2.1557
-187.196 -231.332 -2.18092
-188.325 -232.786 -2.20549
-189.426 -234.195 -2.22457
-190.519 -235.528 -2.23749
-191.618 -236.857 -2.24442
-192.692 -238.176 -2.25519
-193.757 -239.391 -2.27047
-194.786 -240.519 -2.28787
-195.82 -241.664 -2.30693
-196.861 -242.709 -2.3258
-197.849 -243.691 -2.33892
-198.821 -244.62 -2.34746
-199.771 -245.552 -2.35263
-200.688 -246.481 -2.35486
-201.57 -247.355 -2.35532
-202.372 -248.133 -2.35467
-203.127 -248.867 -2.35172
-203.823 -249.585 -2.35122
-204.487 -250.276 -2.35147
-205.17 -250.906 -2.35288
-205.791 -251.554 -2.35259
-206.492 -252.245 -2.35418
-207.129 -252.852 -2.35397
-207.79 -253.526 -2.35288
-208.446 -254.169 -2.35243
-209.067 -254.798 -2.35145
-209.636 -255.393 -2.35282
-210.276 -255.97 -2.35896
-210.898 -256.612 -2.36509
-211.545 -257.216 -2.37193
-212.129 -257.793 -2.37326
-212.741 -258.401 -2.37239
-213.345 -258.992 -2.37081
-213.999 -259.608 -2.37003
-214.607 -260.213 -2.3699
-215.238 -260.834 -2.3691
-215.767 -261.364 -2.36838
-216.285 -261.918 -2.36842
-216.806 -262.469 -2.36853
-217.319 -262.976 -2.37117
-217.814 -263.445 -2.37253
-218.212 -263.849 -2.37028
-218.596 -264.18 -2.36785
-218.906 -264.492 -2.36591
-219.148 -264.719 -2.36657
-219.289 -264.877 -2.36554
-219.389 -264.988 -2.36445
-219.437 -265.109 -2.36419
-219.483 -265.182 -2.36382
-219.513 -265.252 -2.3634
-219.54 -265.331 -2.36371
-219.55 -265.4 -2.36403
-219.574 -265.478 -2.36413
-219.593 -265.555 -2.36429
-219.613 -265.64 -2.36481
