-66.2033 9.03295 -0.168316
-66.2166 9.01079 -0.16831
-66.2299 8.98765 -0.168294
-66.246 8.9628 -0.168254
-66.2423 8.93815 -0.170252
-66.2368 8.91665 -0.172306
-66.2371 8.89039 -0.174118
-66.2332 8.86587 -0.17615
-66.24 8.83463 -0.177796
-66.2463 8.79854 -0.179435
-66.2519 8.76404 -0.181087
-66.2535 8.73888 -0.183002
-66.2591 8.70926 -0.184784
-66.2635 8.68501 -0.186578
-66.2717 8.65894 -0.188375
-66.2752 8.6348 -0.190227
-66.2731 8.61031 -0.192201
-66.2706 8.58709 -0.194238
-66.2683 8.56542 -0.196196
-66.2558 8.55069 -0.198286
-66.2596 8.52229 -0.200074
-66.2671 8.49525 -0.201791
-66.276 8.45728 -0.203349
-66.2938 8.42731 -0.204923
-66.3088 8.39844 -0.206568
-66.3036 8.36535 -0.208253
-66.292 8.34115 -0.210429
-66.2892 8.3068 -0.212234
-66.1991 8.24114 -0.213118
-66.0614 8.23061 -0.213147
-65.8698 8.17856 -0.214512
-65.6693 8.12735 -0.215349
-65.3701 8.07334 -0.216098
-65.0777 7.9875 -0.215905
-64.6917 7.92854 -0.217898
-64.269 7.8218 -0.217649
-63.8306 7.75335 -0.217621
-63.3956 7.63847 -0.217963
-62.9269 7.54926 -0.21934
-62.4215 7.41843 -0.218223
-61.9236 7.27121 -0.21835
-61.437 7.17285 -0.219118
-60.9389 7.07633 -0.220581
-60.3805 6.97593 -0.220222
-59.8541 6.85052 -0.219868
-59.314 6.702 -0.217177
-58.8133 6.60069 -0.215743
-58.2853 6.49901 -0.214226
-57.7478 6.38722 -0.211485
-57.24 6.2667 -0.209918
-56.732 6.18676 -0.209115
-56.208 6.06105 -0.207625
-55.703 5.96301 -0.205538
-55.1838 5.84947 -0.20456
-54.6475 5.72824 -0.202801
-54.1795 5.62228 -0.199531
-53.7011 5.54346 -0.197846
-53.1961 5.43426 -0.195561
-52.7361 5.36086 -0.194655
-52.2559 5.28889 -0.193727
-51.8206 5.20242 -0.194068
-51.3585 5.14908 -0.194361
-50.8345 5.04963 -0.193441
-50.391 4.95872 -0.194222
-49.973 4.89258 -0.193028
-49.6075 4.82028 -0.190483
-49.2452 4.77011 -0.18844
-48.9425 4.70129 -0.182943
-48.6121 4.6344 -0.175979
-48.3215 4.60291 -0.170323
-48.0058 4.56491 -0.162926
-47.688 4.5385 -0.154244
-47.3883 4.50949 -0.144701
-47.0421 4.52316 -0.134791
-46.7208 4.48159 -0.121996
-46.2847 4.45434 -0.108671
-45.8535 4.44419 -0.0949892
-45.4188 4.43683 -0.0792538
-44.9297 4.49857 -0.0642852
-44.3585 4.47088 -0.0442978
-43.7308 4.4593 -0.0224251
-43.02 4.49653 0.000847665
-42.2862 4.54313 0.0238169
-41.5118 4.57737 0.0498706
-40.6959 4.64954 0.075265
-39.8153 4.72844 0.0979596
-38.8418 4.79285 0.11261
-37.8892 4.83746 0.124603
-36.8684 4.95386 0.124472
-35.8879 5.04939 0.113642
-34.8167 5.08971 0.0972339
-33.7705 5.16106 0.0751706
-32.6809 5.18765 0.052142
-31.525 5.16323 0.0259946
-30.3891 5.15797 -0.0021855
-29.223 5.08607 -0.0320744
-28.0533 4.98755 -0.0606457
-26.8081 4.85557 -0.0879404
-25.5718 4.71421 -0.115024
-24.3058 4.53157 -0.134681
-22.9878 4.30666 -0.150778
-21.6646 4.06722 -0.163291
-20.2977 3.8419 -0.170367
-18.8839 3.58068 -0.172851
-17.4847 3.33737 -0.173251
-15.9788 3.08247 -0.172809
-14.5578 2.84306 -0.170816
-13.1179 2.58009 -0.169275
-11.6362 2.34013 -0.16869
-10.2068 2.07498 -0.166651
-8.75044 1.8436 -0.166603
-7.24516 1.61739 -0.165426
-5.69069 1.38203 -0.162892
-4.15694 1.12758 -0.161382
-2.59665 0.90663 -0.159082
-1.06808 0.646158 -0.150746
0.489474 0.449677 -0.142583
2.02889 0.220992 -0.131133
3.57826 0.0241668 -0.119847
5.12618 -0.128329 -0.107029
6.61805 -0.266415 -0.0946888
8.1453 -0.396963 -0.0784327
9.69356 -0.469108 -0.0629093
11.2025 -0.524614 -0.0478808
12.6962 -0.589811 -0.0321306
14.1775 -0.632876 -0.0160936
15.6027 -0.643401 -0.00263468
17.0155 -0.614044 0.0125519
18.3797 -0.572096 0.0284439
19.7562 -0.484287 0.0452178
21.1518 -0.360349 0.0617348
22.4694 -0.261837 0.0796355
23.7834 -0.134846 0.0985044
25.035 0.0220078 0.11625
26.3067 0.198467 0.139369
27.5234 0.432147 0.159655
28.7421 0.667516 0.182226
29.9503 0.946789 0.204583
31.1051 1.23963 0.227024
32.2519 1.55535 0.249447
33.3371 1.87374 0.273625
34.4473 2.23224 0.297685
35.4781 2.57556 0.322866
36.5427 2.94855 0.349016
37.5298 3.3675 0.378425
38.529 3.84463 0.410041
39.5191 4.31231 0.442991
40.4837 4.82491 0.473285
41.4425 5.36131 0.49946
42.4122 5.93044 0.515374
43.3521 6.44911 0.526784
44.142 6.89816 0.532692
44.8669 7.32341 0.53575
45.4386 7.65997 0.533733
45.9331 7.92368 0.531415
46.4238 8.21049 0.528959
46.8197 8.4222 0.524798
47.2468 8.64655 0.521564
47.6278 8.85557 0.519737
48.0247 9.08656 0.517111
48.3981 9.28622 0.51449
48.7938 9.48422 0.511692
49.2095 9.70314 0.509897
49.6394 9.94608 0.507403
50.0504 10.1705 0.506469
50.5003 10.4121 0.504809
50.9709 10.6472 0.503175
51.475 10.9156 0.501776
52.0226 11.2132 0.498991
52.6325 11.527 0.498226
53.2861 11.8864 0.496869
53.9488 12.2416 0.495277
54.6282 12.6246 0.493199
55.2944 12.9633 0.494116
56.0149 13.3396 0.49316
56.7113 13.7097 0.494242
57.4282 14.1188 0.494979
58.2551 14.5598 0.495733
59.0408 14.9776 0.497279
59.8647 15.417 0.498064
60.7276 15.8913 0.499596
61.5897 16.3462 0.500911
62.5286 16.8554 0.502288
63.45 17.3675 0.502973
64.3907 17.8811 0.503684
65.3246 18.4273 0.503426
66.3621 18.9913 0.500321
67.3969 19.5683 0.496418
68.4091 20.0849 0.494058
69.4759 20.6348 0.489752
70.5041 21.1646 0.484403
71.631 21.6992 0.481009
72.7549 22.2811 0.474657
73.8675 22.8565 0.469294
75.0427 23.4233 0.461521
76.1086 23.9448 0.451609
77.312 24.5132 0.441496
78.4988 25.0869 0.432289
79.6913 25.6301 0.419544
80.8983 26.1406 0.408224
82.1633 26.6862 0.393071
83.388 27.1574 0.375301
84.5281 27.5875 0.359344
85.6897 28.0259 0.340807
86.9051 28.4056 0.319895
88.1238 28.787 0.301086
89.2267 29.1104 0.284197
90.3347 29.4054 0.266964
91.4388 29.671 0.250041
92.5066 29.8802 0.235634
93.504 30.1262 0.223048
94.3994 30.2906 0.218118
95.2416 30.4601 0.214016
95.9352 30.5903 0.210489
96.6343 30.7427 0.207009
97.2618 30.8626 0.204889
97.8634 30.9926 0.203908
98.4575 31.1195 0.202306
98.9685 31.2541 0.204568
99.5296 31.4148 0.208216
100.072 31.5378 0.215118
100.632 31.6754 0.222261
101.157 31.81 0.231761
101.763 31.962 0.241376
102.408 32.1038 0.245199
103.083 32.2539 0.240542
103.811 32.4113 0.227546
104.621 32.5308 0.208122
105.504 32.6774 0.181378
106.417 32.7866 0.154159
107.403 32.8673 0.123857
108.478 32.9968 0.0947717
109.645 33.0787 0.059965
110.896 33.0241 0.0289491
112.126 33.0257 -0.0055615
113.397 32.9265 -0.0382334
114.751 32.829 -0.0621242
116.119 32.7167 -0.0788139
117.497 32.5791 -0.0905985
118.981 32.452 -0.0957185
120.496 32.3056 -0.100143
122.017 32.1646 -0.104086
123.547 31.9973 -0.107574
125.115 31.8176 -0.111975
126.739 31.6164 -0.114258
128.358 31.403 -0.118456
130.058 31.212 -0.123373
131.769 31.0108 -0.131702
133.499 30.8016 -0.13902
135.266 30.5387 -0.148933
137.081 30.256 -0.159655
138.945 29.9251 -0.174503
140.856 29.5477 -0.193544
142.749 29.1169 -0.215513
144.611 28.7007 -0.233559
146.522 28.2186 -0.248474
148.382 27.6797 -0.261875
150.384 27.0971 -0.274771
152.334 26.4918 -0.287927
154.308 25.8797 -0.300962
156.28 25.2451 -0.315286
158.298 24.5292 -0.324337
160.313 23.8261 -0.334857
162.328 23.0921 -0.345765
164.296 22.3413 -0.354175
166.251 21.5615 -0.364906
168.28 20.7987 -0.377366
170.19 20.0096 -0.390526
172.133 19.1792 -0.403671
174.065 18.3427 -0.419437
175.947 17.4544 -0.434901
177.794 16.5109 -0.452174
179.652 15.5422 -0.474854
181.514 14.4681 -0.495848
183.335 13.451 -0.517685
185.161 12.3137 -0.540951
186.944 11.2417 -0.565602
188.723 10.0523 -0.590857
190.497 8.77333 -0.61361
192.176 7.53374 -0.639123
193.837 6.19598 -0.66475
195.499 4.80147 -0.691132
197.063 3.41555 -0.717337
198.607 2.01077 -0.738973
200.128 0.545082 -0.763051
201.601 -0.959795 -0.786301
203.043 -2.58722 -0.806764
204.485 -4.12299 -0.828224
205.898 -5.7739 -0.847267
207.276 -7.44144 -0.865816
208.624 -9.13432 -0.882927
209.923 -10.8367 -0.900012
211.225 -12.5196 -0.916484
212.488 -14.2493 -0.932747
213.726 -15.9871 -0.947943
214.946 -17.7803 -0.962867
216.14 -19.5772 -0.977491
217.343 -21.4256 -0.98979
218.492 -23.2038 -1.00238
219.623 -25.0575 -1.01273
220.747 -26.9227 -1.02317
221.86 -28.7484 -1.02621
222.968 -30.5391 -1.02297
224.106 -32.337 -1.01241
225.263 -34.0975 -0.997352
226.415 -35.8025 -0.980215
227.67 -37.507 -0.96183
228.922 -39.2016 -0.940214
230.214 -40.872 -0.916844
231.526 -42.5453 -0.889341
232.973 -44.1269 -0.861653
234.453 -45.6716 -0.827947
235.968 -47.2379 -0.793458
237.548 -48.704 -0.759128
239.205 -50.1274 -0.72277
240.924 -51.5181 -0.684532
242.702 -52.8349 -0.642797
244.575 -54.0727 -0.599869
246.548 -55.2726 -0.554931
248.545 -56.4021 -0.512671
250.516 -57.4552 -0.479975
252.644 -58.4263 -0.451507
254.755 -59.3718 -0.424624
256.899 -60.2636 -0.402533
259.084 -61.1201 -0.383351
261.305 -61.9467 -0.364218
263.572 -62.7572 -0.350363
265.849 -63.5979 -0.334106
268.126 -64.34 -0.324339
270.448 -64.985 -0.311425
272.818 -65.7506 -0.301661
275.156 -66.431 -0.287796
277.564 -67.0975 -0.280369
279.95 -67.7708 -0.270541
282.316 -68.4581 -0.260297
284.817 -69.0502 -0.252402
287.251 -69.7051 -0.242652
289.714 -70.2887 -0.23466
292.181 -70.8215 -0.230891
294.608 -71.4618 -0.224831
297.085 -72.0106 -0.22102
299.535 -72.5607 -0.215592
301.966 -73.0412 -0.211793
304.373 -73.5299 -0.206976
306.861 -74.02 -0.204817
309.328 -74.5579 -0.204171
311.711 -75.0056 -0.207641
314.186 -75.5473 -0.205045
316.682 -76.0926 -0.199927
319.147 -76.583 -0.197632
321.678 -77.1041 -0.193827
324.113 -77.6333 -0.191061
326.563 -78.1627 -0.187896
328.987 -78.6709 -0.184507
331.447 -79.1028 -0.184373
333.826 -79.5063 -0.183241
336.228 -79.9304 -0.182067
338.616 -80.3608 -0.179922
340.998 -80.7664 -0.178226
343.378 -81.1669 -0.176602
345.773 -81.592 -0.173957
348.136 -81.9614 -0.174062
350.401 -82.3801 -0.179301
352.631 -82.8129 -0.182164
354.912 -83.2333 -0.181379
357.169 -83.6496 -0.180286
359.396 -84.0498 -0.179401
361.631 -84.4535 -0.177996
363.821 -84.8814 -0.176677
366.036 -85.2741 -0.175294
368.214 -85.6595 -0.176372
370.416 -86.0343 -0.177628
372.549 -86.4468 -0.178495
374.605 -86.811 -0.181151
376.592 -87.2012 -0.183432
378.573 -87.5957 -0.179523
380.505 -87.9567 -0.180478
382.409 -88.2956 -0.181185
384.178 -88.6176 -0.182887
385.909 -88.9687 -0.183026
387.609 -89.2924 -0.18314
389.261 -89.595 -0.182217
390.853 -89.8906 -0.180246
392.357 -90.1586 -0.180964
393.776 -90.4625 -0.185979
395.171 -90.7167 -0.198269
396.514 -91.0588 -0.2227
397.789 -91.3959 -0.254867
399.044 -91.8311 -0.295214
400.258 -92.2815 -0.339525
401.42 -92.8155 -0.392967
402.511 -93.4056 -0.453162
403.577 -94.0642 -0.521429
404.593 -94.7879 -0.596054
405.489 -95.6185 -0.681071
406.286 -96.5268 -0.77548
406.993 -97.5331 -0.878285
407.602 -98.6051 -0.983086
408.079 -99.7282 -1.09145
408.41 -100.912 -1.19689
408.69 -102.128 -1.28778
408.847 -103.435 -1.36225
408.999 -104.817 -1.41965
409.091 -106.214 -1.46984
409.117 -107.649 -1.51147
409.086 -109.163 -1.54468
409.06 -110.723 -1.57222
408.982 -112.349 -1.59382
408.89 -114.039 -1.61429
408.785 -115.754 -1.63428
408.631 -117.486 -1.65334
408.427 -119.332 -1.66977
408.214 -121.179 -1.68944
407.955 -123.044 -1.70563
407.632 -125.008 -1.72213
407.279 -127.014 -1.73527
406.953 -129.051 -1.74632
406.535 -131.091 -1.75714
406.116 -133.251 -1.76795
405.659 -135.447 -1.7804
405.178 -137.626 -1.78806
404.646 -139.866 -1.79049
404.134 -142.154 -1.78887
403.609 -144.503 -1.78431
403.056 -146.9 -1.78066
402.572 -149.289 -1.77782
402.049 -151.751 -1.77421
401.547 -154.204 -1.77147
401.06 -156.705 -1.76809
400.576 -159.23 -1.76343
400.067 -161.698 -1.76181
399.601 -164.209 -1.76083
399.147 -166.861 -1.75689
398.685 -169.483 -1.75247
398.231 -172.051 -1.74999
397.832 -174.706 -1.75139
397.424 -177.3 -1.75657
396.888 -179.981 -1.75973
396.449 -182.673 -1.76308
395.869 -185.393 -1.76578
395.332 -188.017 -1.7673
394.853 -190.634 -1.76887
394.288 -193.266 -1.77535
393.718 -195.856 -1.78187
393.14 -198.48 -1.79143
392.533 -201.184 -1.80514
391.819 -203.841 -1.81646
391.07 -206.437 -1.82788
390.362 -209.058 -1.83858
389.647 -211.515 -1.84675
388.859 -214.101 -1.85706
388.093 -216.68 -1.86743
387.282 -219.303 -1.87994
386.43 -221.858 -1.89503
385.545 -224.438 -1.90917
384.629 -227.031 -1.92497
383.652 -229.589 -1.93809
382.66 -232.159 -1.95199
381.635 -234.721 -1.9682
380.553 -237.319 -1.98468
379.442 -239.836 -2.00052
378.277 -242.36 -2.01675
377.021 -244.907 -2.02885
375.794 -247.5 -2.03978
374.493 -250.021 -2.05009
373.189 -252.55 -2.05982
371.869 -255.118 -2.07139
370.53 -257.577 -2.07944
369.122 -260.013 -2.09074
367.702 -262.4 -2.09982
366.259 -264.872 -2.11155
364.757 -267.3 -2.12005
363.232 -269.706 -2.13038
361.696 -272.093 -2.1365
360.11 -274.532 -2.13879
358.595 -276.998 -2.13746
357.089 -279.512 -2.13643
355.453 -281.951 -2.13448
353.912 -284.426 -2.13329
352.386 -286.887 -2.13206
350.847 -289.35 -2.13356
349.274 -291.788 -2.13445
347.741 -294.187 -2.1354
346.203 -296.663 -2.13627
344.577 -299.068 -2.13827
343.021 -301.507 -2.14109
341.389 -303.955 -2.14388
339.76 -306.378 -2.14422
338.16 -308.732 -2.13842
336.642 -311.143 -2.13472
335.173 -313.518 -2.13175
333.638 -315.895 -2.12814
332.088 -318.296 -2.12474
330.578 -320.733 -2.1218
329.106 -323.018 -2.12455
327.671 -325.372 -2.12847
326.196 -327.764 -2.13087
324.774 -330.146 -2.13409
323.296 -332.519 -2.14009
321.825 -334.964 -2.14677
320.242 -337.313 -2.15529
318.718 -339.687 -2.16428
317.162 -341.972 -2.17541
315.577 -344.253 -2.18586
313.904 -346.519 -2.19846
312.237 -348.766 -2.20934
310.49 -351.009 -2.21824
308.783 -353.157 -2.22627
307.053 -355.386 -2.23637
305.327 -357.637 -2.24671
303.494 -359.848 -2.25339
301.637 -361.972 -2.25962
299.841 -364.264 -2.2663
297.987 -366.493 -2.27389
296.122 -368.694 -2.28125
294.152 -370.874 -2.29
292.255 -372.997 -2.29629
290.392 -375.119 -2.30504
288.48 -377.218 -2.31193
286.556 -379.286 -2.31607
284.612 -381.348 -2.3188
282.678 -383.381 -2.31677
280.728 -385.46 -2.31727
278.803 -387.463 -2.31265
276.891 -389.537 -2.31218
274.98 -391.62 -2.30864
273.057 -393.665 -2.30408
271.204 -395.796 -2.29221
269.381 -397.945 -2.28207
267.549 -400.093 -2.26792
265.797 -402.286 -2.256
264.084 -404.492 -2.24457
262.33 -406.716 -2.23353
260.631 -408.972 -2.21999
258.942 -411.321 -2.20485
257.25 -413.681 -2.1888
255.562 -416.072 -2.1768
253.917 -418.486 -2.16412
252.373 -420.878 -2.15157
250.798 -423.386 -2.14331
249.257 -425.88 -2.12875
247.782 -428.348 -2.11956
246.295 -430.888 -2.11152
244.818 -433.394 -2.1073
243.328 -435.975 -2.10901
241.843 -438.506 -2.10924
240.421 -440.927 -2.10899
238.889 -443.451 -2.10783
237.425 -445.919 -2.10536
235.959 -448.483 -2.10138
234.508 -451.006 -2.1005
233.068 -453.564 -2.10431
231.598 -456.128 -2.10373
230.123 -458.691 -2.10042
228.599 -461.362 -2.09842
227.098 -463.971 -2.09782
225.674 -466.58 -2.10016
224.19 -469.23 -2.09776
222.686 -471.873 -2.09455
221.224 -474.498 -2.09021
219.706 -477.224 -2.08714
218.254 -479.948 -2.08249
216.814 -482.686 -2.07785
215.364 -485.464 -2.07602
213.809 -488.183 -2.0722
212.385 -490.942 -2.06899
210.938 -493.626 -2.06386
209.466 -496.397 -2.05996
207.994 -499.191 -2.05681
206.579 -501.901 -2.05774
205.17 -504.654 -2.056
203.753 -507.312 -2.05454
202.325 -510.044 -2.05215
200.904 -512.71 -2.05244
199.513 -515.374 -2.05697
198.086 -518.069 -2.05634
196.721 -520.769 -2.05511
195.417 -523.394 -2.05311
194.025 -526.103 -2.05123
192.736 -528.675 -2.04494
191.406 -531.352 -2.04094
190.081 -534.01 -2.03878
188.743 -536.614 -2.03465
187.477 -539.237 -2.03074
186.185 -541.852 -2.02762
184.946 -544.398 -2.02243
183.714 -546.957 -2.01676
182.474 -549.5 -2.01046
181.281 -552.023 -2.00431
180.14 -554.571 -1.99982
179.021 -557.092 -1.99606
177.891 -559.595 -1.99147
176.75 -562.089 -1.99005
175.611 -564.543 -1.98615
174.522 -567.029 -1.98164
173.439 -569.445 -1.97725
172.383 -571.842 -1.97777
171.365 -574.208 -1.97824
170.37 -576.575 -1.97979
169.421 -578.842 -1.98314
168.365 -581.065 -1.98491
167.434 -583.222 -1.98742
166.469 -585.401 -1.99076
165.502 -587.494 -1.99539
164.552 -589.579 -2.00069
163.644 -591.631 -2.00629
162.677 -593.72 -2.01197
161.723 -595.671 -2.02184
160.729 -597.453 -2.03146
159.797 -599.25 -2.05233
158.836 -600.949 -2.07715
157.916 -602.41 -2.11431
156.96 -603.769 -2.1561
155.944 -604.996 -2.20586
154.913 -606.141 -2.25787
153.919 -607.048 -2.32333
152.749 -607.948 -2.39912
151.673 -608.719 -2.47721
150.489 -609.438 -2.55267
149.237 -610.061 -2.6291
147.953 -610.579 -2.7006
146.639 -611.063 -2.77026
145.321 -611.407 -2.82861
143.995 -611.73 -2.87755
142.63 -612.021 -2.92344
141.238 -612.256 -2.96447
139.872 -612.373 -3.00306
138.471 -612.479 -3.03823
137.049 -612.562 -3.06639
135.625 -612.611 -3.0844
134.15 -612.644 -3.09596
132.716 -612.675 -3.10718
131.206 -612.676 -3.11106
129.686 -612.678 -3.11395
128.125 -612.664 -3.11581
126.545 -612.732 -3.11505
124.922 -612.788 -3.11312
123.311 -612.794 -3.11043
121.664 -612.837 -3.10597
120.014 -612.884 -3.10767
118.367 -612.935 -3.10214
116.691 -612.948 -3.09537
115.03 -613.007 -3.09071
113.3 -613.073 -3.08861
111.587 -613.146 -3.08846
109.886 -613.162 -3.09234
108.16 -613.223 -3.09662
106.494 -613.3 -3.10502
104.798 -613.29 -3.11991
103.136 -613.293 -3.13761
101.516 -613.279 3.1238
99.8981 -613.226 3.10349
98.307 -613.062 3.08526
96.6996 -612.925 3.06431
95.227 -612.812 3.05022
93.7416 -612.608 3.04053
92.2442 -612.443 3.03726
90.7547 -612.305 3.04235
89.1431 -612.092 3.05474
87.6053 -611.977 3.07278
86.0735 -611.922 3.09666
84.5201 -611.879 3.1243
82.9038 -611.949 -3.12916
81.373 -612.041 -3.09705
79.8461 -612.201 -3.06339
78.2956 -612.38 -3.02916
76.7183 -612.617 -2.99311
75.1873 -612.972 -2.95711
73.5478 -613.402 -2.91949
71.8808 -613.8 -2.89316
70.2955 -614.252 -2.87775
68.6694 -614.707 -2.87069
67.0548 -615.127 -2.8732
65.424 -615.549 -2.88221
63.76 -615.99 -2.89156
62.1029 -616.387 -2.90077
60.4259 -616.757 -2.91113
58.7082 -617.138 -2.92077
57.0217 -617.516 -2.92905
55.2939 -617.847 -2.93494
53.5906 -618.199 -2.94246
51.8254 -618.489 -2.94791
50.1456 -618.87 -2.95337
48.4371 -619.212 -2.95778
46.6928 -619.533 -2.96264
44.9197 -619.797 -2.96891
43.2069 -620.094 -2.97165
41.4881 -620.398 -2.97299
39.7543 -620.703 -2.97645
38.0564 -620.946 -2.98051
36.3672 -621.227 -2.98332
34.665 -621.49 -2.98685
32.9441 -621.762 -2.99
31.2366 -622.033 -2.99169
29.5031 -622.25 -2.99404
27.8584 -622.49 -2.9973
26.252 -622.742 -3.0006
24.606 -622.956 -3.00346
22.9952 -623.168 -3.00797
21.4101 -623.37 -3.0083
19.8632 -623.595 -3.01121
18.3276 -623.789 -3.01424
16.7615 -623.947 -3.01808
15.1936 -624.124 -3.02351
13.6929 -624.308 -3.02664
12.1293 -624.518 -3.02793
10.7455 -624.681 -3.03218
9.2898 -624.838 -3.03752
7.78873 -624.959 -3.04407
6.3543 -625.12 -3.05398
4.88132 -625.229 -3.06872
3.44046 -625.301 -3.09033
1.95383 -625.342 -3.11727
0.583215 -625.248 3.13746
-0.748044 -625.175 3.10644
-2.06685 -625.002 3.07376
-3.37178 -624.84 3.03075
-4.59397 -624.62 2.98883
-5.7703 -624.329 2.94034
-6.89933 -624.005 2.8864
-7.97851 -623.573 2.82354
-9.03986 -623.068 2.7602
-10.0329 -622.542 2.69393
-10.9886 -621.9 2.62363
-11.8843 -621.214 2.55268
-12.7413 -620.476 2.48034
-13.5144 -619.699 2.40941
-14.2041 -618.864 2.33939
-14.8765 -617.995 2.2698
-15.49 -617.067 2.20021
-16.0294 -616.083 2.13094
-16.4426 -615.077 2.06604
-16.8414 -614.029 2.00735
-17.2043 -612.944 1.95256
-17.556 -611.764 1.90096
-17.8606 -610.587 1.85224
-18.1044 -609.392 1.81498
-18.3298 -608.17 1.78352
-18.5449 -606.946 1.75888
-18.7661 -605.697 1.74021
-18.9393 -604.39 1.72949
-19.1438 -603.037 1.72116
-19.3968 -601.502 1.70788
-19.5945 -600.17 1.70036
-19.7709 -598.786 1.6951
-19.9051 -597.347 1.69369
-20.0441 -595.877 1.68914
-20.1877 -594.464 1.6891
-20.3173 -592.964 1.68768
-20.5372 -591.521 1.69331
-20.7697 -590.055 1.69478
-20.9579 -588.568 1.69789
-21.119 -587.144 1.70058
-21.3466 -585.733 1.70436
-21.5984 -584.259 1.70551
-21.7811 -582.842 1.70989
-21.9701 -581.403 1.71254
-22.0913 -580.093 1.71634
-22.299 -578.836 1.71752
-22.414 -577.663 1.71796
-22.6125 -576.518 1.71509
-22.7086 -575.571 1.71972
-22.8449 -574.655 1.72542
-22.9803 -573.832 1.73176
-23.1181 -573.088 1.7358
-23.241 -572.353 1.73719
-23.3623 -571.656 1.73843
-23.5067 -571.05 1.74109
-23.609 -570.496 1.74482
-23.6937 -569.964 1.75488
-23.8316 -569.412 1.7769
-24.0177 -568.842 1.80597
-24.2379 -568.273 1.83584
-24.4758 -567.638 1.8678
-24.7435 -566.98 1.8907
-24.9845 -566.278 1.90256
-25.2633 -565.514 1.90401
-25.5376 -564.773 1.90137
-25.8288 -563.901 1.89602
-26.1192 -562.958 1.88663
-26.4349 -561.974 1.87542
-26.7502 -560.906 1.86234
-27.0296 -559.801 1.84477
-27.3372 -558.631 1.82758
-27.5905 -557.402 1.81119
-27.8411 -556.148 1.79057
-28.1118 -554.848 1.77092
-28.3387 -553.503 1.75445
-28.5364 -552.097 1.73779
-28.7792 -550.667 1.72573
-28.9896 -549.143 1.71748
-29.2281 -547.584 1.71178
-29.4254 -545.98 1.70533
-29.6401 -544.331 1.70092
-29.9 -542.65 1.69514
-30.1268 -540.884 1.69194
-30.3373 -539.065 1.6915
-30.5758 -537.265 1.69517
-30.803 -535.445 1.69712
-31.0084 -533.642 1.69967
-31.2339 -531.854 1.70219
-31.5031 -530.054 1.705
-31.7377 -528.223 1.70867
-32.0314 -526.453 1.70786
-32.2934 -524.622 1.70771
-32.5825 -522.796 1.70802
-32.8309 -520.971 1.71121
-33.111 -519.174 1.71401
-33.3874 -517.392 1.71748
-33.649 -515.682 1.71862
-33.9299 -513.945 1.72099
-34.1736 -512.18 1.72017
-34.3832 -510.49 1.71869
-34.5977 -508.8 1.7165
-34.8425 -507.162 1.715
-35.1089 -505.46 1.70819
-35.3866 -503.772 1.701
-35.5745 -502.082 1.69061
-35.7296 -500.35 1.68247
-35.8994 -498.62 1.67506
-36.0486 -496.897 1.66599
-36.0967 -495.161 1.66093
-36.2476 -493.43 1.65374
-36.4357 -491.699 1.64694
-36.5719 -490.019 1.63977
-36.6838 -488.274 1.63626
-36.7727 -486.487 1.63059
-36.8812 -484.709 1.627
-36.9829 -482.948 1.62266
-37.1226 -481.228 1.62204
-37.1814 -479.46 1.62399
-37.3065 -477.706 1.62711
-37.3985 -475.975 1.63176
-37.5297 -474.218 1.63686
-37.6291 -472.483 1.64284
-37.7847 -470.784 1.64919
-37.9088 -469.125 1.65182
-38.026 -467.49 1.65466
-38.1364 -465.938 1.6562
-38.2656 -464.366 1.65804
-38.4063 -462.804 1.6596
-38.5172 -461.325 1.66333
-38.6316 -459.878 1.6692
-38.7714 -458.527 1.67752
-38.9363 -457.17 1.68269
-39.0917 -455.834 1.68797
-39.2476 -454.434 1.6928
-39.3957 -453.101 1.69776
-39.5851 -451.798 1.70328
-39.7577 -450.5 1.70899
-39.9693 -449.22 1.71372
-40.1539 -447.978 1.71604
-40.3459 -446.743 1.72162
-40.5208 -445.486 1.72653
-40.7214 -444.232 1.72937
-40.9182 -442.99 1.73307
-41.1294 -441.688 1.73857
-41.402 -440.434 1.74771
-41.6591 -439.16 1.75917
-42.0134 -437.885 1.7694
-42.2697 -436.546 1.77613
-42.5514 -435.181 1.78287
-42.8095 -433.796 1.78707
-43.1345 -432.386 1.78775
-43.4021 -430.966 1.78413
-43.716 -429.558 1.77977
-44.0094 -428.117 1.77249
-44.2769 -426.654 1.76484
-44.5274 -425.196 1.75413
-44.7618 -423.69 1.74322
-44.9923 -422.198 1.73397
-45.207 -420.683 1.72604
-45.4033 -419.18 1.72221
-45.6154 -417.615 1.71596
-45.8019 -416.121 1.71367
-45.9919 -414.593 1.71042
-46.1849 -413.129 1.70674
-46.3712 -411.698 1.70786
-46.5087 -410.285 1.70977
-46.6998 -408.928 1.71395
-46.9122 -407.598 1.72003
-47.1117 -406.329 1.72538
-47.3136 -405.153 1.72867
-47.4918 -403.986 1.73298
-47.6456 -402.913 1.73622
-47.8309 -401.924 1.74419
-47.9553 -401.043 1.74589
-48.1181 -400.18 1.75013
-48.2829 -399.397 1.75411
-48.374 -398.654 1.75689
-48.5649 -398.004 1.75755
-48.6895 -397.439 1.75896
-48.7465 -396.948 1.75728
-48.8441 -396.556 1.75788
-48.9119 -396.259 1.75926
-48.9402 -396.022 1.75966
-48.9885 -395.827 1.75968
-49.0328 -395.654 1.76115
-49.0654 -395.536 1.76316
-49.0946 -395.458 1.76353
-49.1049 -395.406 1.76381
-49.1273 -395.344 1.76388
-49.145 -395.272 1.76429
-49.1728 -395.206 1.76464
-49.1813 -395.14 1.76474
-49.1824 -395.086 1.76546
-49.1749 -395.084 1.7672
-49.1547 -395.126 1.76653
-49.1526 -395.167 1.76611
-49.1765 -395.16 1.76742
-49.1888 -395.187 1.76819
-49.1753 -395.177 1.76956
-49.1614 -395.198 1.76985
-49.135 -395.233 1.76965
-49.1144 -395.273 1.76896
-49.0607 -395.259 1.76804
-49.0232 -395.262 1.76685
-49.0085 -395.268 1.76464
-49.0102 -395.239 1.76291
-49.0199 -395.213 1.76149
-49.0451 -395.143 1.76226
-49.0706 -395.133 1.76464
-49.0898 -395.066 1.76488
-49.127 -395.001 1.76537
-49.1601 -394.928 1.76596
-49.1927 -394.863 1.76664
-49.1942 -394.782 1.76691
-49.1991 -394.707 1.76757
-49.2224 -394.637 1.76817
-49.249 -394.561 1.76876
-49.27 -394.492 1.76915
-49.2999 -394.421 1.76955
-49.3285 -394.353 1.76991
-49.3562 -394.285 1.77016
-49.3891 -394.221 1.77054
-49.4136 -394.154 1.77069
-49.4348 -394.078 1.77075
-49.4665 -394.01 1.77107
-49.4888 -393.941 1.77115
-49.5163 -393.867 1.7714
-49.5441 -393.801 1.77144
-49.5673 -393.731 1.77158
-49.5865 -393.662 1.77125
-49.6023 -393.59 1.77104
-49.6051 -393.516 1.77129
-49.6222 -393.443 1.77184
-49.6428 -393.375 1.77188
-49.6618 -393.302 1.77216
-49.6587 -393.229 1.77227
-49.689 -393.161 1.77253
-49.7154 -393.09 1.77267
-49.7425 -393.018 1.77276
-49.7691 -392.952 1.77298
-49.7838 -392.884 1.77301
-49.8165 -392.818 1.77341
-49.8469 -392.753 1.77369
-49.8691 -392.682 1.77377
-49.8875 -392.612 1.77416
-49.9146 -392.547 1.77377
-49.9531 -392.485 1.77368
-49.9862 -392.419 1.77347
-50.0119 -392.355 1.77385
-50.0307 -392.287 1.7742
-50.0342 -392.215 1.77433
-50.03 -392.145 1.77448
-50.066 -392.081 1.77504
-50.1012 -392.019 1.77501
-50.1409 -391.959 1.77495
-50.1789 -391.898 1.77494
-50.2184 -391.838 1.7748
-50.2497 -391.768 1.77522
-50.2839 -391.699 1.77569
-50.3196 -391.632 1.776
-50.3573 -391.573 1.77569
-50.3928 -391.505 1.77595
-50.4247 -391.437 1.77583
-50.4663 -391.372 1.77577
-50.5061 -391.306 1.77629
-50.5472 -391.244 1.77631
-50.5872 -391.18 1.77647
-50.6235 -391.116 1.77676
-50.6594 -391.048 1.77697
-50.6933 -390.98 1.7771
-50.7265 -390.917 1.7769
-50.7596 -390.853 1.77668
-50.7712 -390.796 1.77734
-50.7912 -390.722 1.77699
-50.8191 -390.653 1.77696
-50.8557 -390.591 1.77689
-50.8885 -390.523 1.7772
-50.9222 -390.457 1.77745
-50.9628 -390.394 1.7776
-50.9923 -390.322 1.77793
-51.0242 -390.255 1.77765
-51.0656 -390.194 1.7778
-51.1068 -390.133 1.77779
-51.1443 -390.072 1.77744
-51.1839 -390.007 1.77745
-51.2252 -389.945 1.77754
-51.2608 -389.879 1.77768
-51.2953 -389.816 1.7779
-51.3403 -389.755 1.77799
-51.3837 -389.691 1.77819
-51.4266 -389.625 1.77836
-51.4683 -389.561 1.77858
-51.5124 -389.5 1.77832
-51.5505 -389.437 1.77806
-51.5902 -389.376 1.77785
-51.6314 -389.316 1.77779
-51.6705 -389.257 1.77767
-51.7123 -389.193 1.77736
-51.7548 -389.131 1.77722
-51.7959 -389.07 1.77705
-51.8332 -389.009 1.77677
-51.8734 -388.947 1.77654
-51.9176 -388.885 1.77629
-51.9557 -388.822 1.77616
-51.9949 -388.761 1.77583
-52.0326 -388.7 1.77569
-52.0712 -388.641 1.77565
-52.1092 -388.577 1.77527
-52.1512 -388.517 1.77517
-52.1891 -388.454 1.77493
-52.2264 -388.391 1.77491
-52.2683 -388.331 1.7748
-52.303 -388.266 1.7747
-52.341 -388.204 1.77459
-52.3845 -388.141 1.7745
-52.4235 -388.077 1.77424
-52.4653 -388.011 1.77437
-52.5079 -387.943 1.7744
-52.5428 -387.88 1.77417
-52.5771 -387.816 1.77408
-52.6216 -387.753 1.77396
-52.6558 -387.688 1.77382
-52.6908 -387.621 1.77378
-52.7277 -387.559 1.77371
-52.7585 -387.493 1.77347
-52.7911 -387.429 1.77334
-52.8313 -387.368 1.7732
-52.8676 -387.304 1.77314
-52.9037 -387.241 1.77304
-52.9495 -387.179 1.77271
-52.9876 -387.118 1.77247
-53.0261 -387.053 1.77265
-53.0578 -386.987 1.77256
-53.0969 -386.927 1.77268
-53.1382 -386.864 1.77268
-53.1782 -386.799 1.77271
-53.2193 -386.737 1.77284
-53.2603 -386.678 1.77249
-53.2988 -386.615 1.77214
-53.3287 -386.555 1.77209
-53.3665 -386.491 1.77192
-53.4055 -386.429 1.77184
-53.4434 -386.368 1.77175
-53.486 -386.304 1.77195
-53.5246 -386.241 1.77204
-53.5625 -386.176 1.7721
-53.6032 -386.114 1.77224
-53.6424 -386.052 1.77234
-53.6846 -385.988 1.77263
-53.7299 -385.924 1.77292
-53.766 -385.858 1.77302
-53.8039 -385.795 1.77312
-53.8418 -385.736 1.77294
-53.8812 -385.669 1.77302
-53.9221 -385.605 1.77328
-53.968 -385.541 1.77339
-54.0063 -385.477 1.77354
-54.0485 -385.411 1.77357
-54.0897 -385.345 1.77359
-54.1248 -385.281 1.7735
-54.1653 -385.221 1.77359
-54.2038 -385.157 1.77334
-54.2453 -385.097 1.77329
-54.2883 -385.034 1.77305
-54.3291 -384.974 1.77275
-54.3728 -384.912 1.77264
-54.4133 -384.851 1.77247
-54.4488 -384.791 1.77227
-54.4899 -384.729 1.7723
-54.5309 -384.668 1.77224
-54.5738 -384.607 1.77211
-54.6143 -384.543 1.77207
-54.6549 -384.484 1.77194
-54.6934 -384.423 1.7718
-54.732 -384.363 1.77175
-54.7747 -384.303 1.77162
-54.8104 -384.243 1.77151
-54.8471 -384.18 1.77125
-54.8913 -384.118 1.77107
-54.9294 -384.057 1.77091
-54.9738 -383.997 1.77074
-55.0171 -383.934 1.77058
-55.0543 -383.876 1.77041
-55.0955 -383.817 1.77023
-55.1358 -383.753 1.77003
-55.173 -383.695 1.76977
-55.2117 -383.632 1.76951
-55.2514 -383.573 1.76943
-55.29 -383.507 1.76923
-55.3313 -383.446 1.769
-55.3712 -383.382 1.76903
-55.4108 -383.32 1.76906
-55.4534 -383.256 1.76911
-55.4896 -383.193 1.76886
-55.5306 -383.134 1.76855
-55.5658 -383.068 1.76869
-55.607 -383.006 1.76887
-55.6507 -382.944 1.76894
-55.6915 -382.882 1.76894
-55.7347 -382.821 1.76901
-55.7768 -382.761 1.76919
-55.8163 -382.695 1.76934
-55.8579 -382.631 1.76939
-55.898 -382.57 1.76939
-55.9383 -382.507 1.76927
-55.9778 -382.442 1.76936
-56.0204 -382.378 1.76959
-56.0585 -382.317 1.76974
-56.097 -382.255 1.76961
-56.131 -382.19 1.76938
-56.1648 -382.126 1.76937
-56.204 -382.062 1.76935
-56.2425 -382.001 1.76914
-56.2833 -381.938 1.76926
-56.3225 -381.877 1.76948
-56.3605 -381.81 1.76958
-56.3951 -381.738 1.76974
-56.4241 -381.664 1.76997
-56.4504 -381.593 1.77019
-56.4873 -381.524 1.77032
-56.5174 -381.457 1.77005
-56.5491 -381.387 1.76998
-56.5815 -381.32 1.76989
-56.6179 -381.255 1.76986
-56.6515 -381.188 1.77009
-56.6904 -381.125 1.7703
-56.7336 -381.061 1.77037
-56.7734 -380.997 1.7706
-56.8109 -380.934 1.77057
-56.8535 -380.87 1.77084
-56.892 -380.807 1.77107
-56.932 -380.744 1.77126
-56.972 -380.675 1.77148
-57.0091 -380.611 1.77159
-57.0421 -380.544 1.77175
-57.0494 -380.473 1.7721
-57.0421 -380.402 1.77221
-57.0377 -380.33 1.77253
-57.0446 -380.262 1.77285
-57.0364 -380.189 1.77303
-57.0409 -380.12 1.77319
-57.0425 -380.048 1.7737
-57.0305 -379.974 1.77413
-57.0225 -379.899 1.77433
-57.0124 -379.826 1.77455
-57.0137 -379.756 1.77477
-57.0252 -379.69 1.77531
-57.0385 -379.622 1.77572
-57.059 -379.555 1.77629
-57.1033 -379.49 1.77643
-57.1394 -379.43 1.77666
-57.177 -379.367 1.77641
-57.2148 -379.307 1.77652
-57.2571 -379.242 1.77664
-57.2979 -379.181 1.77663
-57.3385 -379.121 1.77644
-57.3794 -379.061 1.77637
-57.4228 -378.997 1.77628
-57.4565 -378.933 1.77651
-57.4966 -378.872 1.77664
-57.5377 -378.814 1.77683
-57.5777 -378.751 1.77659
-57.6188 -378.689 1.77641
-57.6594 -378.625 1.77642
-57.6953 -378.559 1.7767
-57.7361 -378.498 1.77672
-57.7773 -378.434 1.77692
-57.8095 -378.366 1.77703
-57.8454 -378.304 1.77713
-57.8817 -378.237 1.7774
-57.9212 -378.178 1.77753
-57.9633 -378.114 1.7777
-58.0004 -378.053 1.77745
-58.0413 -377.988 1.77765
-58.0765 -377.927 1.77742
-58.1098 -377.865 1.7773
-58.1457 -377.803 1.77738
-58.1846 -377.741 1.77748
-58.2298 -377.681 1.7776
-58.2681 -377.622 1.77772
-58.3038 -377.557 1.7777
-58.3387 -377.497 1.77783
-58.3801 -377.437 1.77797
-58.4197 -377.375 1.77809
-58.4626 -377.313 1.77829
-58.5019 -377.249 1.77835
-58.5436 -377.188 1.77855
-58.5836 -377.129 1.77861
-58.6213 -377.069 1.77836
-58.6613 -377.007 1.7785
-58.6984 -376.948 1.77874
-58.7423 -376.885 1.77885
-58.7819 -376.825 1.77896
-58.8205 -376.764 1.77897
-58.8604 -376.703 1.779
-58.899 -376.639 1.77914
-58.9375 -376.579 1.77924
-58.9717 -376.515 1.77922
-59.0059 -376.452 1.77932
-59.0486 -376.394 1.7794
-59.0861 -376.334 1.77951
-59.1263 -376.276 1.77971
-59.1659 -376.214 1.77974
-59.1969 -376.151 1.77994
-59.234 -376.091 1.78004
-59.2757 -376.028 1.78011
-59.3154 -375.965 1.78031
-59.3573 -375.901 1.78041
-59.3965 -375.838 1.78057
-59.4375 -375.778 1.78065
-59.4713 -375.712 1.78078
-59.5136 -375.65 1.7808
-59.5522 -375.589 1.78103
-59.5782 -375.528 1.78094
-59.6179 -375.467 1.78097
-59.6564 -375.405 1.78094
-59.6981 -375.342 1.78114
-59.7366 -375.282 1.78135
-59.7701 -375.214 1.78151
-59.8071 -375.151 1.78171
-59.8488 -375.086 1.78191
-59.8878 -375.02 1.782
-59.9224 -374.956 1.78215
-59.9572 -374.893 1.78215
-59.9946 -374.831 1.7823
-60.0334 -374.769 1.7823
-60.0704 -374.699 1.7828
-60.0973 -374.625 1.78345
-60.1348 -374.52 1.7833
-60.1741 -374.381 1.78198
-60.2388 -374.134 1.78316
-60.2897 -373.821 1.78237
-60.3654 -373.379 1.78207
-60.4366 -372.859 1.78258
-60.5891 -372.236 1.78168
-60.7346 -371.562 1.78069
-60.9355 -370.719 1.78001
-61.1173 -369.798 1.78151
-61.3896 -368.752 1.78101
-61.6691 -367.644 1.78196
-61.9577 -366.48 1.78128
-62.2427 -365.222 1.77867
-62.5481 -363.861 1.77854
-62.8334 -362.404 1.77668
-63.1214 -360.896 1.7738
-63.4974 -359.309 1.77235
-63.8509 -357.654 1.76908
-64.1921 -355.966 1.76544
-64.4424 -354.32 1.76563
-64.7238 -352.733 1.76529
-65.0942 -351.01 1.76591
-65.4501 -349.271 1.7678
-65.7956 -347.499 1.76932
-66.1392 -345.682 1.7689
-66.4977 -343.879 1.77009
-66.8496 -342.129 1.77225
-67.232 -340.305 1.77265
-67.618 -338.411 1.77583
-68.0331 -336.531 1.77934
-68.4757 -334.604 1.77967
-68.8451 -332.634 1.77983
-69.2621 -330.601 1.78041
-69.7218 -328.572 1.78149
-70.1764 -326.449 1.78393
-70.6371 -324.341 1.78654
-71.1139 -322.207 1.79037
-71.6133 -320.04 1.78973
-72.0748 -317.817 1.79159
-72.5562 -315.565 1.79658
-73.1063 -313.324 1.79828
-73.6405 -311.066 1.79844
-74.1737 -308.709 1.79883
-74.6897 -306.36 1.79754
-75.2324 -303.978 1.79744
-75.7382 -301.574 1.79758
-76.2618 -299.15 1.79625
-76.7628 -296.75 1.79452
-77.2879 -294.262 1.79218
-77.8007 -291.803 1.78763
-78.3315 -289.338 1.78559
-78.8465 -286.788 1.78425
-79.3645 -284.244 1.78388
-79.869 -281.666 1.78217
-80.4563 -279.046 1.7822
-80.9623 -276.559 1.78388
-81.5183 -273.97 1.78507
-82.1042 -271.478 1.78546
-82.6376 -268.985 1.78695
-83.1927 -266.483 1.78801
-83.7606 -264.012 1.78858
-84.3007 -261.474 1.78872
-84.8544 -258.925 1.78908
-85.4304 -256.437 1.79034
-85.993 -253.949 1.79164
-86.5723 -251.462 1.79362
-87.1572 -249.001 1.79548
-87.7002 -246.551 1.79825
-88.275 -244.162 1.8028
-88.8292 -241.765 1.81005
-89.4563 -239.393 1.81743
-90.0343 -237.043 1.8213
-90.6661 -234.748 1.82046
-91.244 -232.36 1.81833
-91.8366 -229.975 1.81432
-92.4267 -227.598 1.81094
-93.0136 -225.162 1.80668
-93.5594 -222.746 1.80153
-94.0682 -220.329 1.79785
-94.6034 -217.906 1.79333
-95.141 -215.44 1.78987
-95.7059 -213.036 1.78996
-96.2459 -210.641 1.78953
-96.8361 -208.14 1.78933
-97.3891 -205.651 1.78768
-97.9611 -203.135 1.79107
-98.5374 -200.604 1.79551
-99.1475 -198.062 1.79926
-99.7702 -195.489 1.80498
-100.442 -192.898 1.80946
-101.049 -190.304 1.81296
-101.69 -187.669 1.81417
-102.377 -185.016 1.81634
-103.05 -182.347 1.81771
-103.75 -179.654 1.81932
-104.414 -176.987 1.81984
-105.088 -174.273 1.82278
-105.769 -171.521 1.82701
-106.505 -168.851 1.82903
-107.244 -166.145 1.83354
-107.94 -163.4 1.83578
-108.688 -160.636 1.83923
-109.405 -157.813 1.84091
-110.119 -155.013 1.84043
-110.82 -152.179 1.84031
-111.556 -149.472 1.83725
-112.267 -146.733 1.83792
-112.975 -143.962 1.83571
-113.65 -141.22 1.8335
-114.323 -138.493 1.82985
-114.963 -135.756 1.83151
-115.6 -133.067 1.83014
-116.271 -130.481 1.82951
-116.909 -127.884 1.83097
-117.573 -125.3 1.83213
-118.258 -122.691 1.8336
-118.942 -120.146 1.83438
-119.641 -117.579 1.83584
-120.301 -115.057 1.83858
-120.989 -112.554 1.8404
-121.651 -110.14 1.84352
-122.36 -107.763 1.84239
-123.003 -105.426 1.83972
-123.604 -103.089 1.83869
-124.209 -100.814 1.83364
-124.8 -98.5964 1.82862
-125.353 -96.3797 1.81921
-125.808 -94.1654 1.80887
-126.279 -92.0188 1.79848
-126.757 -89.8446 1.78724
-127.189 -87.7495 1.77601
-127.584 -85.6892 1.76212
-127.964 -83.6009 1.74941
-128.278 -81.5298 1.73532
-128.595 -79.4716 1.71783
-128.864 -77.3654 1.69706
-129.073 -75.2312 1.66896
-129.236 -73.2265 1.63678
-129.298 -71.1371 1.60526
-129.287 -69.1001 1.57265
-129.204 -66.9259 1.5403
-129.064 -64.8259 1.50493
-128.852 -62.689 1.46888
-128.551 -60.5618 1.43152
-128.139 -58.4947 1.38945
-127.633 -56.3674 1.34679
-127.01 -54.2317 1.30449
-126.298 -52.1017 1.26204
-125.52 -49.9541 1.21739
-124.624 -47.929 1.17656
-123.704 -45.9326 1.14096
-122.673 -43.8648 1.11144
-121.586 -41.8465 1.08731
-120.424 -39.7922 1.0713
-119.267 -37.817 1.05723
-118.06 -35.8406 1.0426
-116.821 -33.8417 1.03178
-115.652 -31.9242 1.01941
-114.444 -30.0218 1.0079
-113.15 -28.0611 0.996301
-111.866 -26.1868 0.981691
-110.581 -24.3587 0.963551
-109.242 -22.5229 0.943817
-107.863 -20.7463 0.918122
-106.427 -19.0389 0.891649
-104.998 -17.321 0.863745
-103.481 -15.6743 0.838082
-101.965 -14.0495 0.810286
-100.411 -12.5027 0.782907
-98.833 -10.9832 0.755124
-97.164 -9.49046 0.728151
-95.4487 -8.0553 0.70155
-93.7199 -6.69375 0.67333
-91.9128 -5.35283 0.649711
-90.0252 -4.04728 0.627693
-88.1972 -2.84493 0.604396
-86.2698 -1.65688 0.579743
-84.3148 -0.494059 0.559017
-82.3835 0.655199 0.540116
-80.4672 1.79685 0.524793
-78.4711 2.92899 0.50798
-76.4762 4.00106 0.492297
-74.4205 5.06959 0.475814
-72.3713 6.0916 0.461299
-70.3221 7.07869 0.447799
-68.2038 8.06136 0.434085
-66.081 9.0224 0.419745
-63.9369 9.96901 0.404885
-61.7159 10.9262 0.38995
-59.5311 11.7998 0.375936
-57.3104 12.6594 0.362003
-55.0589 13.4827 0.347288
-52.787 14.3429 0.330914
-50.5306 15.0656 0.314427
-48.1354 15.8312 0.294125
-45.7263 16.5391 0.273877
-43.3278 17.1848 0.254302
-40.9106 17.7404 0.232694
-38.3973 18.3041 0.211084
-35.9721 18.8365 0.190613
-33.5083 19.2196 0.177141
-31.0301 19.6078 0.16087
-28.5795 19.92 0.145165
-26.147 20.2261 0.128802
-23.688 20.4489 0.10888
-21.2257 20.6753 0.0866865
-18.7385 20.7922 0.0658191
-16.2454 20.8792 0.0408719
-13.6982 20.91 0.0162378
-11.1646 20.8802 -0.00952164
-8.57085 20.8352 -0.0366339
-5.95237 20.6434 -0.0627693
-3.30541 20.4567 -0.0928837
-0.618274 20.132 -0.119349
2.04743 19.7374 -0.145702
4.73368 19.2738 -0.173501
7.35054 18.7218 -0.200157
9.89352 18.1758 -0.230568
12.53 17.4577 -0.258018
15.0676 16.698 -0.286384
17.5688 15.8359 -0.312881
20.026 14.9474 -0.338705
22.4828 14.0098 -0.360327
24.8376 13.0244 -0.382581
27.1684 12.0182 -0.402905
29.4223 10.9516 -0.421872
31.72 9.86046 -0.437605
34.0108 8.76007 -0.451795
36.2678 7.61485 -0.464282
38.4929 6.49292 -0.474894
40.676 5.33826 -0.479878
42.8087 4.19448 -0.478304
45.0615 3.09772 -0.47896
47.199 2.03518 -0.478075
49.3826 0.989953 -0.465563
51.5766 -0.0954837 -0.443137
53.7834 -1.02512 -0.417561
56.08 -1.96215 -0.386907
58.3938 -2.82306 -0.354403
60.7794 -3.57046 -0.318307
63.2214 -4.17877 -0.277922
65.6434 -4.73 -0.2349
68.1264 -5.17865 -0.191312
70.6635 -5.52921 -0.145704
73.1998 -5.76715 -0.100482
75.8766 -5.8845 -0.0522708
78.5255 -5.85591 -0.00319353
81.1582 -5.73512 0.0420876
83.7736 -5.5234 0.0780493
86.408 -5.18901 0.10971
89.065 -4.81538 0.142629
91.7378 -4.3917 0.168579
94.4828 -3.89748 0.193541
97.1601 -3.30016 0.216123
99.8479 -2.63729 0.234023
102.525 -1.96356 0.248376
105.208 -1.20022 0.261736
107.892 -0.410913 0.271833
110.571 0.378087 0.279831
113.282 1.11233 0.285271
115.926 1.91278 0.288876
118.699 2.75598 0.294862
121.401 3.61337 0.299635
124.171 4.52906 0.303509
126.974 5.41682 0.309185
129.79 6.32792 0.315438
132.603 7.24395 0.320141
135.424 8.24655 0.320912
138.229 9.17371 0.323695
141.065 10.1606 0.324685
143.897 11.1187 0.326268
146.774 12.1355 0.331525
149.503 13.1143 0.333535
152.216 14.0936 0.337523
154.907 15.0856 0.340035
157.57 16.0234 0.344083
160.306 16.9359 0.347636
163.023 17.8415 0.352146
165.712 18.8235 0.353846
168.247 19.7728 0.351946
170.858 20.7851 0.349088
173.362 21.7492 0.345335
175.939 22.6713 0.342248
178.475 23.5881 0.340538
181.058 24.5233 0.343584
183.606 25.4048 0.344265
186.101 26.2737 0.344897
188.609 27.1717 0.346841
190.995 28.0417 0.347765
193.329 28.9057 0.350082
195.61 29.7179 0.353059
197.843 30.5246 0.356499
200.03 31.3545 0.35497
202.179 32.1376 0.35259
204.268 32.9228 0.350723
206.364 33.668 0.350144
208.352 34.4 0.351113
210.335 35.1142 0.352166
212.275 35.8131 0.352297
214.13 36.5183 0.353735
215.952 37.1884 0.35645
217.668 37.8257 0.358775
219.433 38.4632 0.359968
221.122 39.1237 0.360088
222.745 39.7389 0.362135
224.288 40.315 0.360662
225.783 40.8382 0.360485
227.248 41.3739 0.352829
228.67 41.8512 0.331738
230.078 42.2437 0.293982
231.462 42.5517 0.245134
232.855 42.7501 0.185168
234.217 42.8789 0.120445
235.563 42.9122 0.0518485
236.892 42.7951 -0.0299324
238.176 42.5626 -0.116626
239.451 42.229 -0.208414
240.754 41.7642 -0.302975
241.955 41.1554 -0.397514
243.111 40.451 -0.490749
244.247 39.5898 -0.584365
245.362 38.6292 -0.675996
246.362 37.5603 -0.768015
247.286 36.3824 -0.855526
248.097 35.0382 -0.92958
248.932 33.6206 -0.98816
249.697 32.1346 -1.03093
250.52 30.5413 -1.05787
251.363 28.9186 -1.0837
252.139 27.2791 -1.10853
252.926 25.5721 -1.13513
253.742 23.7391 -1.16466
254.488 21.8264 -1.19017
255.235 19.8516 -1.20883
255.924 17.8965 -1.2201
256.672 15.7817 -1.2281
257.432 13.6013 -1.23154
258.221 11.3297 -1.23426
259.027 9.01919 -1.23624
259.86 6.66937 -1.24019
260.689 4.26643 -1.24364
261.51 1.835 -1.24587
262.309 -0.651212 -1.2481
263.114 -3.21344 -1.25134
263.946 -5.75248 -1.25174
264.814 -8.38084 -1.25351
265.727 -10.9884 -1.25377
266.649 -13.7282 -1.25285
267.61 -16.5157 -1.24908
268.56 -19.3022 -1.24848
269.436 -21.9756 -1.24971
270.428 -24.8124 -1.24692
271.366 -27.6287 -1.24596
272.311 -30.3328 -1.24214
273.251 -33.1146 -1.24062
274.169 -35.845 -1.2388
275.105 -38.5574 -1.23836
276.049 -41.2971 -1.24077
276.969 -43.97 -1.24608
277.814 -46.7165 -1.25363
278.65 -49.3949 -1.25804
279.437 -52.184 -1.26771
280.241 -54.801 -1.27671
281.079 -57.5871 -1.28523
281.877 -60.3862 -1.29942
282.594 -63.1159 -1.31306
283.324 -65.836 -1.32581
284.03 -68.6858 -1.33538
284.699 -71.4993 -1.3479
285.286 -74.3425 -1.35682
285.9 -77.1682 -1.36715
286.401 -80.0308 -1.38131
286.924 -82.9164 -1.39725
287.425 -85.9395 -1.41389
287.863 -88.8627 -1.4291
288.276 -91.8144 -1.44427
288.624 -94.7321 -1.46226
289.01 -97.6604 -1.47587
289.273 -100.648 -1.4909
289.497 -103.66 -1.50465
289.687 -106.669 -1.51665
289.815 -109.661 -1.52843
289.98 -112.593 -1.53863
290.083 -115.533 -1.54925
290.158 -118.45 -1.56039
290.14 -121.359 -1.56543
290.107 -124.215 -1.57214
290.103 -127.108 -1.5783
290.098 -130.069 -1.5823
290.041 -133.038 -1.59148
289.959 -135.987 -1.59512
289.875 -138.934 -1.60388
289.738 -141.862 -1.60763
289.69 -144.822 -1.60812
289.539 -147.814 -1.60668
289.455 -150.755 -1.60428
289.371 -153.705 -1.60206
289.284 -156.581 -1.60007
289.175 -159.555 -1.59876
289.07 -162.437 -1.60024
288.982 -165.255 -1.60373
288.792 -168.102 -1.60381
288.651 -170.928 -1.60544
288.505 -173.801 -1.60551
288.324 -176.659 -1.60837
288.166 -179.506 -1.60744
288.017 -182.244 -1.60833
287.892 -185.01 -1.60645
287.786 -187.78 -1.60664
287.716 -190.515 -1.60454
287.583 -193.245 -1.60361
287.528 -195.876 -1.60078
287.39 -198.382 -1.59926
287.361 -200.92 -1.59932
287.299 -203.378 -1.59839
287.241 -205.749 -1.59789
287.187 -208.071 -1.59653
287.186 -210.363 -1.59705
287.175 -212.514 -1.60268
287.085 -214.682 -1.61817
286.935 -216.673 -1.63983
286.754 -218.521 -1.6772
286.44 -220.271 -1.73038
286.031 -221.949 -1.78948
285.498 -223.564 -1.85757
284.863 -225.1 -1.92947
284.079 -226.598 -2.00638
283.209 -228.026 -2.0822
282.291 -229.342 -2.15081
281.232 -230.621 -2.21795
280.091 -231.88 -2.2831
278.814 -233.105 -2.33493
277.562 -234.253 -2.38462
276.186 -235.395 -2.42767
274.712 -236.549 -2.46472
273.198 -237.667 -2.49898
271.673 -238.794 -2.52187
270.046 -239.899 -2.53992
268.361 -240.957 -2.55821
266.599 -242.029 -2.57483
264.867 -243.115 -2.5896
263.066 -244.202 -2.60132
261.23 -245.264 -2.60922
259.372 -246.349 -2.61618
257.452 -247.391 -2.62176
255.516 -248.468 -2.62452
253.555 -249.544 -2.62789
251.536 -250.697 -2.62933
249.548 -251.83 -2.63165
247.507 -252.921 -2.63561
245.437 -254.019 -2.63837
243.37 -255.179 -2.64007
241.269 -256.323 -2.64044
239.18 -257.451 -2.64253
237.089 -258.579 -2.63883
235.049 -259.685 -2.63762
233.04 -260.759 -2.6392
231.103 -261.77 -2.63795
229.294 -262.767 -2.6331
227.584 -263.66 -2.63273
225.975 -264.536 -2.62974
224.508 -265.385 -2.62809
223.142 -266.098 -2.62934
221.904 -266.835 -2.63196
220.605 -267.531 -2.62967
219.381 -268.248 -2.62836
218.288 -268.845 -2.62858
217.137 -269.531 -2.63141
215.903 -270.171 -2.6329
214.792 -270.777 -2.63059
213.699 -271.325 -2.63054
212.706 -271.915 -2.63126
211.768 -272.368 -2.63181
210.954 -272.836 -2.63139
210.186 -273.224 -2.63119
209.616 -273.567 -2.63043
209.144 -273.855 -2.6315
208.655 -274.105 -2.63189
208.233 -274.347 -2.63109
207.907 -274.534 -2.6304
207.637 -274.694 -2.63158
207.479 -274.789 -2.63072
207.373 -274.843 -2.63016
207.31 -274.904 -2.63001
207.264 -274.956 -2.62983
207.218 -275.016 -2.6297
207.177 -275.073 -2.62903
207.147 -275.147 -2.62867
207.136 -275.217 -2.62791
207.124 -275.288 -2.62726
207.11 -275.359 -2.62666
207.101 -275.429 -2.62596
207.083 -275.502 -2.62524
207.065 -275.573 -2.62455
207.054 -275.643 -2.62391
207.047 -275.707 -2.62318
207.055 -275.775 -2.6228
207.039 -275.755 -2.62053
207.018 -275.739 -2.61838
206.993 -275.719 -2.61622
207 -275.736 -2.61424
206.978 -275.715 -2.612
206.958 -275.702 -2.60995
206.969 -275.729 -2.60815
206.966 -275.728 -2.60614
206.97 -275.732 -2.604
207 -275.749 -2.60233
207.029 -275.765 -2.60063
207.048 -275.785 -2.59888
207.076 -275.798 -2.59729
207.101 -275.814 -2.59558
207.128 -275.821 -2.59379
207.147 -275.843 -2.59215
207.17 -275.864 -2.59034
207.198 -275.889 -2.58864
207.227 -275.904 -2.58687
207.246 -275.912 -2.58491
207.273 -275.928 -2.58318
207.293 -275.933 -2.58142
207.301 -275.952 -2.57952
207.316 -275.971 -2.57762
207.326 -275.992 -2.57565
207.342 -276.013 -2.57376
207.333 -276.01 -2.57144
207.335 -276.016 -2.56933
207.323 -276.088 -2.56875
207.309 -276.164 -2.56805
207.289 -276.221 -2.56728
207.27 -276.291 -2.5663
207.232 -276.344 -2.56518
207.216 -276.409 -2.56426
207.203 -276.484 -2.56354
207.193 -276.558 -2.56281
207.188 -276.631 -2.56198
207.18 -276.697 -2.56112
207.177 -276.762 -2.56014
207.169 -276.826 -2.55918
207.15 -276.89 -2.55814
207.102 -276.949 -2.5586
207.057 -277.014 -2.5585
207.014 -277.074 -2.55839
206.977 -277.126 -2.5587
206.925 -277.18 -2.55862
206.882 -277.242 -2.55883
206.834 -277.298 -2.55868
206.791 -277.359 -2.55864
206.737 -277.416 -2.5586
206.695 -277.475 -2.55857
206.639 -277.523 -2.5584
206.593 -277.582 -2.55809
206.553 -277.646 -2.55793
206.507 -277.694 -2.55833
206.459 -277.745 -2.55841
206.394 -277.775 -2.55834
206.334 -277.803 -2.55823
206.264 -277.829 -2.55796
206.196 -277.842 -2.55837
206.121 -277.853 -2.55879
206.044 -277.868 -2.55904
205.973 -277.882 -2.55924
205.899 -277.893 -2.55957
205.833 -277.91 -2.55994
205.77 -277.924 -2.56036
205.707 -277.938 -2.56078
205.638 -277.949 -2.56117
205.676 -277.963 -2.56347
205.702 -277.978 -2.56566
205.721 -277.991 -2.56786
205.74 -278.007 -2.57008
205.763 -278.025 -2.57234
205.785 -278.047 -2.57468
205.805 -278.063 -2.57696
205.826 -278.086 -2.57927
205.839 -278.107 -2.58151
205.859 -278.126 -2.58382
205.883 -278.144 -2.58601
205.897 -278.161 -2.58824
205.924 -278.168 -2.5904
205.954 -278.184 -2.5926
205.888 -278.142 -2.59266
205.833 -278.104 -2.59285
205.779 -278.065 -2.59319
205.713 -278.033 -2.59354
205.651 -277.998 -2.59384
205.59 -277.97 -2.59433
205.53 -277.942 -2.59487
205.548 -277.961 -2.59715
205.568 -277.981 -2.5994
205.582 -277.984 -2.60147
205.6 -277.994 -2.60359
205.618 -278.002 -2.60575
205.654 -278.015 -2.60805
205.676 -278.032 -2.61017
205.676 -278.022 -2.61189
205.695 -278.018 -2.61401
205.713 -278.034 -2.61607
205.74 -278.049 -2.61824
205.772 -278.064 -2.62053
205.791 -278.07 -2.6227
205.82 -278.084 -2.62503
205.851 -278.1 -2.62726
205.88 -278.113 -2.62948
205.91 -278.132 -2.63175
205.937 -278.153 -2.63405
205.932 -278.145 -2.63591
205.955 -278.16 -2.63796
205.979 -278.176 -2.64008
205.996 -278.184 -2.64222
206.01 -278.197 -2.64427
206.033 -278.215 -2.64648
206.056 -278.225 -2.64861
206.087 -278.245 -2.65075
206.118 -278.255 -2.65305
206.126 -278.272 -2.6552
206.136 -278.29 -2.65731
206.164 -278.31 -2.65976
206.182 -278.331 -2.66197
206.201 -278.352 -2.66426
206.213 -278.373 -2.66641
206.239 -278.397 -2.66873
206.261 -278.417 -2.67112
206.281 -278.433 -2.67326
206.299 -278.456 -2.6753
206.323 -278.482 -2.67767
206.34 -278.504 -2.67991
206.35 -278.527 -2.68193
206.377 -278.555 -2.68382
206.365 -278.568 -2.68586
206.371 -278.59 -2.68787
206.37 -278.612 -2.68986
206.372 -278.637 -2.69166
206.385 -278.654 -2.69382
206.404 -278.678 -2.696
206.414 -278.705 -2.69822
206.427 -278.735 -2.70027
206.436 -278.76 -2.70236
206.454 -278.779 -2.70443
206.473 -278.802 -2.70656
206.492 -278.818 -2.70874
206.506 -278.842 -2.71077
206.521 -278.86 -2.71292
206.543 -278.88 -2.71512
206.568 -278.908 -2.7175
206.59 -278.922 -2.71967
206.606 -278.946 -2.7219
206.62 -278.971 -2.7241
206.636 -278.996 -2.72628
206.655 -279.018 -2.72849
206.673 -279.033 -2.73057
206.692 -279.054 -2.73278
206.713 -279.077 -2.73515
206.728 -279.1 -2.7373
206.747 -279.121 -2.7395
206.763 -279.144 -2.74166
206.776 -279.166 -2.74377
206.802 -279.185 -2.74609
206.823 -279.206 -2.74828
206.793 -279.185 -2.74986
206.812 -279.206 -2.75209
206.832 -279.228 -2.75434
206.841 -279.254 -2.75654
206.857 -279.28 -2.75882
206.872 -279.31 -2.76118
206.887 -279.337 -2.7634
206.907 -279.358 -2.76576
206.922 -279.387 -2.76789
206.929 -279.412 -2.77005
206.942 -279.44 -2.77229
206.954 -279.458 -2.77452
206.979 -279.483 -2.77662
206.992 -279.512 -2.77872
207.011 -279.532 -2.781
207.02 -279.552 -2.78305
207.033 -279.571 -2.78514
207.046 -279.601 -2.78736
207.062 -279.623 -2.78955
207.076 -279.649 -2.79169
207.091 -279.674 -2.79385
207.108 -279.697 -2.79601
207.127 -279.716 -2.79825
207.151 -279.74 -2.80052
207.173 -279.768 -2.80281
207.183 -279.785 -2.80504
207.192 -279.8 -2.8073
207.197 -279.818 -2.80939
207.214 -279.841 -2.81158
207.215 -279.866 -2.81348
207.215 -279.895 -2.81552
207.203 -279.874 -2.81696
207.219 -279.906 -2.81917
207.233 -279.931 -2.82135
207.257 -279.964 -2.82352
207.27 -279.987 -2.82559
207.271 -280 -2.82766
207.279 -280.019 -2.82971
207.252 -280 -2.83126
207.27 -280.027 -2.83343
207.282 -280.054 -2.83555
207.272 -280.032 -2.83747
207.271 -280.016 -2.83916
207.268 -280.01 -2.8411
207.267 -279.997 -2.84296
207.283 -280.022 -2.84525
207.291 -280.047 -2.84745
207.308 -280.071 -2.84974
207.311 -280.06 -2.85162
207.336 -280.083 -2.85389
207.35 -280.114 -2.85612
207.361 -280.134 -2.85826
207.376 -280.155 -2.86044
207.388 -280.179 -2.86263
207.403 -280.19 -2.86474
207.414 -280.201 -2.86673
207.426 -280.226 -2.8689
207.454 -280.245 -2.87102
207.471 -280.267 -2.87317
207.475 -280.285 -2.87525
207.467 -280.263 -2.87693
207.481 -280.291 -2.87914
207.497 -280.316 -2.88135
207.502 -280.336 -2.88336
207.505 -280.353 -2.88551
207.521 -280.381 -2.88766
207.544 -280.403 -2.88996
207.557 -280.43 -2.89208
207.573 -280.457 -2.89436
207.586 -280.484 -2.89658
207.594 -280.508 -2.89874
207.593 -280.521 -2.90079
207.594 -280.537 -2.90289
207.599 -280.555 -2.905
207.606 -280.568 -2.90719
207.608 -280.56 -2.90907
207.615 -280.56 -2.91105
207.627 -280.582 -2.91337
207.599 -280.551 -2.9149
207.588 -280.537 -2.91655
207.605 -280.566 -2.91885
207.621 -280.588 -2.92094
207.595 -280.553 -2.92237
207.606 -280.581 -2.92457
207.615 -280.602 -2.92681
207.556 -280.545 -2.92701
207.501 -280.496 -2.92744
207.51 -280.522 -2.92963
207.516 -280.539 -2.93166
207.528 -280.564 -2.93397
207.522 -280.546 -2.93574
207.521 -280.574 -2.93793
207.433 -280.578 -2.93848
207.323 -280.583 -2.93869
207.168 -280.64 -2.93814
206.888 -280.689 -2.93635
206.516 -280.8 -2.93502
206.062 -280.9 -2.9344
205.481 -281.02 -2.93395
204.795 -281.199 -2.93389
204.006 -281.36 -2.93646
203.126 -281.545 -2.93837
202.138 -281.752 -2.93955
201.063 -281.97 -2.94145
199.881 -282.228 -2.94256
198.646 -282.454 -2.94192
197.315 -282.755 -2.94252
195.929 -283.047 -2.94224
194.456 -283.334 -2.94116
192.92 -283.661 -2.94375
191.295 -283.951 -2.94455
189.596 -284.277 -2.9438
187.834 -284.586 -2.94398
186.033 -284.962 -2.94646
184.145 -285.339 -2.94705
182.184 -285.701 -2.94902
180.172 -286.069 -2.94875
178.101 -286.435 -2.94816
175.96 -286.862 -2.94672
173.817 -287.292 -2.94633
171.567 -287.701 -2.9463
169.167 -288.13 -2.9455
166.784 -288.526 -2.94618
164.378 -288.971 -2.94837
161.898 -289.45 -2.94878
159.359 -289.947 -2.95048
156.824 -290.401 -2.95135
154.242 -290.842 -2.94984
151.606 -291.367 -2.95007
148.906 -291.831 -2.94648
146.285 -292.301 -2.94601
143.675 -292.794 -2.94645
141.055 -293.264 -2.94792
138.425 -293.75 -2.9481
135.825 -294.22 -2.94942
133.219 -294.69 -2.94903
130.608 -295.201 -2.94801
128.02 -295.732 -2.94824
125.394 -296.212 -2.9467
122.8 -296.7 -2.94758
120.173 -297.23 -2.94217
117.558 -297.756 -2.93778
114.91 -298.283 -2.93669
112.308 -298.798 -2.93347
109.673 -299.379 -2.93077
107.057 -299.91 -2.93032
104.432 -300.463 -2.92979
101.824 -301 -2.93116
99.2253 -301.565 -2.93134
96.6403 -302.111 -2.93201
93.9674 -302.584 -2.93272
91.4768 -303.133 -2.93357
88.9086 -303.672 -2.93532
86.4094 -304.124 -2.93502
83.7616 -304.67 -2.93241
81.2195 -305.196 -2.93113
78.6136 -305.722 -2.92848
76.1315 -306.317 -2.92841
73.5305 -306.883 -2.9284
70.9869 -307.391 -2.93053
68.4638 -307.888 -2.93267
65.9744 -308.378 -2.93497
63.5044 -308.894 -2.93483
61.0621 -309.418 -2.93517
58.633 -309.949 -2.93507
56.193 -310.427 -2.93399
53.7691 -310.934 -2.93135
51.3888 -311.473 -2.92938
49.0702 -312.005 -2.92675
46.6965 -312.506 -2.92535
44.3242 -313.011 -2.92095
42.0419 -313.489 -2.91853
39.7778 -313.998 -2.91637
37.5231 -314.513 -2.91566
35.3325 -315.041 -2.91542
33.1886 -315.519 -2.91707
31.1098 -315.993 -2.91715
29.1237 -316.414 -2.91667
27.1926 -316.847 -2.9169
25.2491 -317.26 -2.9151
23.3994 -317.661 -2.9147
21.6358 -318.068 -2.91651
19.9748 -318.425 -2.91829
18.3239 -318.808 -2.9208
16.7717 -319.177 -2.9213
15.3063 -319.492 -2.92565
13.9951 -319.771 -2.92664
12.7833 -320.022 -2.92714
11.7032 -320.233 -2.92686
10.6785 -320.449 -2.92876
9.75217 -320.663 -2.93009
8.93496 -320.822 -2.93067
8.22814 -320.934 -2.93183
7.5401 -321.086 -2.93255
6.89317 -321.238 -2.93357
6.32852 -321.373 -2.93518
5.77098 -321.462 -2.93676
5.29811 -321.574 -2.93988
4.87197 -321.67 -2.93935
4.54632 -321.741 -2.93913
4.32714 -321.761 -2.93836
4.16929 -321.786 -2.93784
4.03131 -321.793 -2.93775
3.93494 -321.864 -2.9386
3.86399 -321.908 -2.93899
3.85256 -321.897 -2.94108
3.84123 -321.898 -2.94298
3.83131 -321.907 -2.94508
3.82039 -321.919 -2.94698
3.80801 -321.921 -2.94891
3.79105 -321.922 -2.95087
3.78753 -321.932 -2.95296
3.77108 -321.949 -2.95468
3.75949 -321.957 -2.95652
3.74819 -321.96 -2.95849
3.74112 -321.959 -2.96043
3.73199 -321.958 -2.96237
3.72713 -321.956 -2.96443
3.72098 -321.954 -2.96644
3.71398 -321.953 -2.96845
3.70468 -321.952 -2.97047
3.69654 -321.953 -2.97253
3.6872 -321.95 -2.97444
3.68138 -321.95 -2.97642
3.67078 -321.945 -2.97849
3.65366 -321.945 -2.98032
3.63704 -321.945 -2.98225
3.63163 -321.942 -2.98423
3.62567 -321.949 -2.98625
3.62226 -321.951 -2.98822
3.61375 -321.953 -2.99025
3.61234 -321.957 -2.99232
3.60961 -321.965 -2.99431
3.59539 -321.968 -2.99627
3.59268 -321.972 -2.99833
3.58268 -321.977 -3.00035
3.57856 -321.989 -3.00239
3.5665 -321.995 -3.00439
3.56483 -321.999 -3.00641
3.55377 -322 -3.00833
3.50817 -322.003 -3.0096
3.44438 -322.016 -3.01081
3.32896 -322.023 -3.01214
3.17381 -322.008 -3.01258
2.89208 -322.063 -3.01535
2.57865 -322.088 -3.01716
2.18234 -322.138 -3.01751
1.74425 -322.185 -3.01706
1.15088 -322.28 -3.0184
0.521454 -322.37 -3.02052
-0.209935 -322.487 -3.02152
-1.02736 -322.6 -3.02082
-1.91431 -322.716 -3.0162
-2.85676 -322.839 -3.00318
-3.85949 -323.036 -2.98725
-4.95068 -323.191 -2.96912
-6.07192 -323.443 -2.94537
-7.22045 -323.735 -2.9155
-8.44966 -324.063 -2.88138
-9.66091 -324.485 -2.84419
-10.8304 -324.943 -2.79653
-12.0677 -325.512 -2.7431
-13.2439 -326.156 -2.68367
-14.4059 -326.891 -2.62021
-15.5387 -327.741 -2.55428
-16.598 -328.642 -2.48501
-17.5656 -329.63 -2.41401
-18.5335 -330.718 -2.34057
-19.3876 -331.874 -2.2669
-20.2019 -333.098 -2.19417
-20.9241 -334.365 -2.1217
-21.5617 -335.713 -2.05896
-22.1308 -337.085 -1.99843
-22.6253 -338.505 -1.93921
-23.0625 -339.947 -1.88256
-23.4157 -341.432 -1.8322
-23.6733 -342.97 -1.78176
-23.9124 -344.517 -1.72884
-24.1165 -346.122 -1.68317
-24.1853 -347.762 -1.64039
-24.2727 -349.439 -1.60001
-24.2057 -351.138 -1.56533
-24.1231 -352.811 -1.5319
-24.0223 -354.541 -1.50538
-23.7735 -356.295 -1.49174
-23.6303 -358.035 -1.48016
-23.4834 -359.915 -1.46757
-23.3086 -361.756 -1.45961
-23.1206 -363.623 -1.45226
-22.8736 -365.529 -1.44736
-22.6387 -367.402 -1.44434
-22.3869 -369.351 -1.43818
-22.1196 -371.303 -1.43503
-21.7811 -373.315 -1.43358
-21.5243 -375.376 -1.42963
-21.2725 -377.455 -1.42915
-21.0243 -379.544 -1.4286
-20.7367 -381.6 -1.42957
-20.4338 -383.637 -1.43203
-20.1082 -385.694 -1.43136
-19.8479 -387.705 -1.43367
-19.5231 -389.792 -1.43551
-19.276 -391.823 -1.43844
-19.0232 -393.859 -1.44105
-18.7609 -395.906 -1.44343
-18.5182 -397.967 -1.44764
-18.2722 -400.015 -1.45151
-18.0207 -402.026 -1.45467
-17.846 -404.06 -1.4584
-17.5924 -406.088 -1.46125
-17.3843 -408.177 -1.46524
-17.1981 -410.209 -1.46565
-16.9939 -412.276 -1.46436
-16.7846 -414.349 -1.4613
-16.571 -416.398 -1.45891
-16.3635 -418.514 -1.45709
-16.1385 -420.582 -1.45516
-15.9221 -422.706 -1.45256
-15.6906 -424.772 -1.45123
-15.4807 -426.867 -1.454
-15.2509 -428.903 -1.45664
-15.1094 -430.945 -1.45921
-14.8989 -433.046 -1.46104
-14.6694 -435.072 -1.46238
-14.4589 -437.15 -1.46581
-14.1893 -439.18 -1.46566
-14.0408 -441.205 -1.46188
-13.8092 -443.241 -1.45736
-13.5733 -445.289 -1.45426
-13.3215 -447.294 -1.45041
-13.0938 -449.224 -1.44836
-12.8839 -451.11 -1.44453
-12.633 -452.92 -1.44268
-12.3985 -454.645 -1.44312
-12.2136 -456.427 -1.442
-11.9863 -458.163 -1.43798
-11.7405 -459.695 -1.42976
-11.4679 -461.295 -1.42621
-11.2061 -462.94 -1.42278
-10.9251 -464.606 -1.42024
-10.6687 -466.315 -1.41706
-10.4099 -468.027 -1.41133
-10.1709 -469.737 -1.41138
-9.94462 -471.497 -1.41228
-9.65385 -473.207 -1.41518
-9.39806 -474.997 -1.41866
-9.14906 -476.813 -1.4222
-8.93044 -478.655 -1.42216
-8.65292 -480.519 -1.42521
-8.40802 -482.404 -1.42718
-8.15662 -484.295 -1.43133
-7.87884 -486.236 -1.434
-7.63701 -488.165 -1.43571
-7.3167 -490.118 -1.43579
-7.08596 -492.079 -1.4309
-6.7983 -494.069 -1.42978
-6.50678 -496.078 -1.42487
-6.20962 -498.064 -1.42162
-5.8672 -500.116 -1.41685
-5.56641 -502.153 -1.41481
-5.23744 -504.155 -1.41316
-4.89092 -506.215 -1.40978
-4.58524 -508.261 -1.40753
-4.26158 -510.225 -1.404
-3.88696 -512.166 -1.4037
-3.54824 -514.084 -1.40251
-3.24818 -516.012 -1.4034
-2.95658 -517.922 -1.40142
-2.65697 -519.751 -1.40241
-2.37062 -521.62 -1.39997
-2.03805 -523.464 -1.39762
-1.71231 -525.254 -1.39682
-1.37749 -526.95 -1.39555
-1.05623 -528.581 -1.39567
-0.769677 -530.223 -1.3978
-0.498208 -531.839 -1.39821
-0.216445 -533.402 -1.39614
0.0721059 -534.988 -1.39429
0.352544 -536.567 -1.3911
0.629698 -538.065 -1.38823
0.92395 -539.565 -1.38471
1.23908 -541.081 -1.38289
1.50103 -542.577 -1.38842
1.74798 -544.071 -1.39807
1.99662 -545.633 -1.41109
2.16954 -547.103 -1.42801
2.35736 -548.62 -1.44559
2.51279 -550.07 -1.46206
2.65433 -551.527 -1.47526
2.75647 -552.98 -1.48803
2.81923 -554.459 -1.50053
2.88849 -555.917 -1.51084
2.93536 -557.376 -1.51257
3.04642 -558.849 -1.49681
3.1978 -560.368 -1.479
3.34193 -561.87 -1.45464
3.58642 -563.387 -1.43329
3.79277 -564.94 -1.41833
4.03528 -566.439 -1.40805
4.29719 -568.001 -1.39944
4.59529 -569.532 -1.39008
4.8646 -571.051 -1.38387
5.14439 -572.537 -1.37446
5.41635 -574.005 -1.36715
5.74021 -575.523 -1.36067
6.04261 -576.963 -1.35742
6.26009 -578.304 -1.35629
6.53357 -579.598 -1.35133
6.86367 -580.854 -1.34708
7.15282 -582.05 -1.34121
7.42549 -583.195 -1.33668
7.70631 -584.239 -1.32922
7.9803 -585.262 -1.32513
8.22823 -586.205 -1.32023
8.46806 -587.081 -1.31426
8.71967 -587.917 -1.30264
8.97441 -588.72 -1.2866
9.26085 -589.51 -1.26416
9.55958 -590.269 -1.23031
9.95425 -591.009 -1.18665
10.3795 -591.745 -1.13201
10.8721 -592.453 -1.0699
11.4038 -593.177 -1.00681
11.968 -593.854 -0.942035
12.6219 -594.453 -0.873686
13.3057 -595.085 -0.805351
14.0282 -595.684 -0.735197
14.8363 -596.221 -0.663168
15.7172 -596.724 -0.590472
16.6502 -597.159 -0.517565
17.6687 -597.585 -0.44495
18.7359 -597.945 -0.373282
19.8137 -598.267 -0.30328
21.0504 -598.496 -0.239229
22.3199 -598.661 -0.182332
23.6237 -598.837 -0.136919
25.0014 -598.935 -0.0911779
26.3759 -598.98 -0.0513586
27.8508 -598.922 -0.0105325
29.2836 -598.889 0.0273128
30.8154 -598.732 0.056886
32.3823 -598.567 0.0793205
33.9965 -598.433 0.0963014
35.5783 -598.264 0.106467
37.1752 -598.063 0.11397
38.7888 -597.829 0.122457
40.4568 -597.582 0.130435
42.2025 -597.337 0.134402
44.0094 -597.119 0.134911
45.773 -596.838 0.138214
47.5577 -596.596 0.142042
49.3908 -596.336 0.146547
51.2094 -596.062 0.149874
53.0719 -595.815 0.152945
54.9509 -595.583 0.157037
56.8155 -595.286 0.160862
58.6711 -594.965 0.16417
60.5751 -594.65 0.169272
62.4627 -594.327 0.173897
64.3277 -593.948 0.177996
66.19 -593.624 0.180468
67.9788 -593.266 0.186939
69.7528 -592.945 0.19234
71.5322 -592.576 0.197664
73.1935 -592.195 0.203665
74.8648 -591.823 0.212227
76.5032 -591.429 0.222189
78.1171 -591.107 0.235682
79.7091 -590.719 0.249415
81.3226 -590.272 0.264426
82.8496 -589.83 0.276744
84.3787 -589.356 0.289671
85.83 -588.855 0.301968
87.3714 -588.413 0.315605
88.7479 -587.945 0.324817
90.0247 -587.474 0.331297
91.3796 -586.956 0.336458
92.7048 -586.495 0.34155
93.9932 -586.089 0.347234
95.2404 -585.621 0.353746
96.4849 -585.179 0.360667
97.7155 -584.709 0.367046
98.9336 -584.304 0.373079
100.006 -583.86 0.369968
101.115 -583.435 0.3644
102.221 -583.06 0.352203
103.273 -582.74 0.339562
104.417 -582.386 0.322141
105.472 -582.081 0.296962
106.615 -581.824 0.263949
107.707 -581.552 0.219107
108.84 -581.435 0.174022
109.927 -581.286 0.124031
111.077 -581.223 0.0763267
112.294 -581.28 0.0309759
113.494 -581.329 -0.0166725
114.746 -581.486 -0.0609788
115.986 -581.643 -0.0990893
117.273 -581.851 -0.124589
118.566 -582.1 -0.141876
119.901 -582.29 -0.150448
121.254 -582.501 -0.155898
122.735 -582.754 -0.156734
124.188 -582.957 -0.157052
125.652 -583.185 -0.151443
127.114 -583.439 -0.140822
128.675 -583.609 -0.122888
130.3 -583.705 -0.102858
131.903 -583.814 -0.0831007
133.54 -583.897 -0.0626656
135.216 -583.935 -0.0406627
136.864 -583.936 -0.0106112
138.593 -583.91 0.0204469
140.304 -583.777 0.0539275
142.046 -583.568 0.0850233
143.8 -583.333 0.111208
145.496 -583.053 0.131542
147.199 -582.818 0.146587
148.867 -582.573 0.156711
150.533 -582.268 0.168024
152.137 -581.983 0.175873
153.655 -581.681 0.184115
155.166 -581.409 0.186194
156.593 -581.175 0.188685
157.9 -580.921 0.190029
159.188 -580.692 0.190834
160.381 -580.469 0.195264
161.596 -580.252 0.194747
162.8 -580.073 0.194097
163.911 -579.859 0.193458
164.962 -579.666 0.191449
165.979 -579.439 0.190512
166.969 -579.26 0.189256
167.88 -579.086 0.187186
168.748 -578.939 0.185264
169.532 -578.811 0.183363
170.271 -578.684 0.183798
170.96 -578.588 0.180291
171.559 -578.468 0.179839
172.114 -578.363 0.177755
172.63 -578.288 0.174844
173.107 -578.161 0.174208
173.595 -578.042 0.172743
174.084 -577.949 0.170611
174.59 -577.852 0.169439
175.082 -577.792 0.16665
175.566 -577.688 0.166483
176.073 -577.642 0.16792
176.493 -577.5 0.1712
176.945 -577.437 0.173087
177.341 -577.365 0.174187
177.79 -577.259 0.177368
178.267 -577.108 0.186651
178.791 -576.981 0.202584
179.302 -576.814 0.226779
179.894 -576.611 0.25512
180.547 -576.342 0.289329
181.203 -576.059 0.324562
181.938 -575.728 0.365985
182.665 -575.359 0.409611
183.48 -574.882 0.454558
184.312 -574.336 0.50475
185.182 -573.714 0.558967
186.091 -572.999 0.614158
186.947 -572.19 0.673267
187.894 -571.317 0.736503
188.777 -570.35 0.798275
189.643 -569.268 0.859626
190.531 -568.092 0.922393
191.351 -566.785 0.985866
192.18 -565.392 1.04611
192.927 -563.891 1.10647
193.655 -562.287 1.16032
194.348 -560.589 1.20031
194.987 -558.82 1.23604
195.51 -556.975 1.2617
196.105 -555.066 1.28321
196.653 -553.128 1.30395
197.22 -551.16 1.31608
197.749 -549.078 1.32744
198.27 -546.93 1.33536
198.741 -544.749 1.34215
199.329 -542.572 1.34426
199.896 -540.281 1.34449
200.419 -537.902 1.33984
201.012 -535.569 1.33635
201.587 -533.136 1.33145
202.213 -530.677 1.32716
202.851 -528.222 1.32662
203.486 -525.817 1.3234
204.095 -523.264 1.32141
204.808 -520.761 1.31789
205.489 -518.286 1.31735
206.171 -515.674 1.31615
206.902 -513.15 1.31198
207.624 -510.623 1.30826
208.307 -508.075 1.3071
209.035 -505.613 1.30322
209.763 -503.118 1.29988
210.498 -500.699 1.29552
211.227 -498.232 1.29204
211.979 -495.935 1.28745
212.776 -493.519 1.28605
213.543 -491.136 1.28525
214.226 -488.773 1.28205
214.992 -486.518 1.28044
215.739 -484.201 1.27709
216.5 -481.903 1.27453
217.271 -479.636 1.27257
218.011 -477.271 1.26892
218.774 -474.976 1.26652
219.543 -472.675 1.26417
220.315 -470.342 1.26288
221.08 -468.059 1.25928
221.891 -465.628 1.26104
222.707 -463.244 1.26154
223.5 -460.9 1.26219
224.345 -458.466 1.26248
225.091 -456.031 1.26409
225.859 -453.604 1.26482
226.632 -451.141 1.26588
227.4 -448.679 1.26405
228.229 -446.193 1.26064
229.088 -443.709 1.25614
229.979 -441.215 1.25243
230.892 -438.739 1.24774
231.739 -436.222 1.24512
232.631 -433.71 1.24105
233.551 -431.209 1.24017
234.505 -428.662 1.24164
235.38 -426.096 1.24352
236.367 -423.562 1.24377
237.301 -420.953 1.24604
238.13 -418.484 1.24809
239.025 -415.856 1.25063
239.969 -413.302 1.2531
240.839 -410.738 1.25686
241.733 -408.153 1.25409
242.567 -405.616 1.25837
243.461 -402.99 1.25978
244.299 -400.346 1.26448
245.153 -397.74 1.26443
245.976 -395.151 1.26211
246.795 -392.504 1.26128
247.674 -389.895 1.26203
248.534 -387.256 1.26018
249.465 -384.572 1.26137
250.4 -382.014 1.25514
251.338 -379.404 1.25342
252.316 -376.716 1.25146
253.188 -374.14 1.24966
254.188 -371.538 1.24722
255.094 -369.01 1.24391
255.957 -366.415 1.24279
256.804 -363.809 1.23562
257.77 -361.226 1.22976
258.678 -358.571 1.22779
259.614 -355.988 1.21696
260.568 -353.375 1.20993
261.629 -350.81 1.19796
262.704 -348.364 1.18799
263.744 -345.856 1.17633
264.869 -343.356 1.16328
266.027 -340.872 1.14885
267.228 -338.435 1.13432
268.467 -336.01 1.11956
269.706 -333.626 1.10685
270.98 -331.252 1.0959
272.287 -328.911 1.08304
273.618 -326.556 1.07069
274.98 -324.272 1.05766
276.349 -321.939 1.05034
277.714 -319.627 1.04647
279.102 -317.284 1.04502
280.486 -314.949 1.04129
281.905 -312.653 1.04007
283.296 -310.321 1.03992
284.699 -307.991 1.04341
286.11 -305.583 1.05109
287.43 -303.224 1.06013
288.811 -300.767 1.06955
290.077 -298.391 1.07696
291.425 -295.968 1.08666
292.716 -293.483 1.09579
293.98 -290.986 1.10801
295.222 -288.503 1.11983
296.467 -285.96 1.13102
297.621 -283.438 1.143
298.797 -280.896 1.15312
299.942 -278.357 1.1655
301.01 -275.804 1.17795
302.048 -273.287 1.18792
303.097 -270.664 1.19791
304.159 -268.093 1.20647
305.225 -265.49 1.21745
306.279 -262.786 1.22455
307.242 -260.126 1.23115
308.206 -257.339 1.2366
309.236 -254.594 1.23945
310.263 -251.845 1.24224
311.274 -249.067 1.24504
312.22 -246.275 1.24497
313.268 -243.523 1.24913
314.257 -240.721 1.25253
315.166 -237.848 1.2543
316.047 -235.013 1.25841
316.971 -232.111 1.25493
318.088 -229.228 1.25463
319.033 -226.296 1.2571
320.003 -223.34 1.25999
321.003 -220.416 1.26124
321.998 -217.451 1.26421
323.003 -214.482 1.26427
324.014 -211.519 1.26366
325.022 -208.53 1.26454
326.013 -205.571 1.26622
326.986 -202.609 1.26622
327.998 -199.699 1.26666
328.909 -196.769 1.2676
329.833 -193.827 1.2692
330.747 -190.96 1.26949
331.663 -188.085 1.26991
332.568 -185.219 1.27509
333.45 -182.297 1.28045
334.322 -179.407 1.29093
335.158 -176.601 1.29997
335.986 -173.733 1.30471
336.839 -170.882 1.30523
337.594 -168.203 1.30708
338.383 -165.336 1.31374
339.158 -162.559 1.32374
339.971 -159.568 1.34312
340.629 -156.703 1.35972
341.269 -153.817 1.37253
341.853 -150.831 1.38677
342.367 -147.908 1.40245
342.817 -144.949 1.42006
343.271 -141.964 1.43717
343.614 -138.953 1.45575
343.937 -135.971 1.46941
344.247 -132.973 1.48239
344.561 -129.86 1.49444
344.78 -126.821 1.50663
345.002 -123.761 1.52236
345.145 -120.608 1.53689
345.243 -117.53 1.55206
345.303 -114.367 1.56698
345.291 -111.23 1.57836
345.292 -108.151 1.58398
345.279 -104.981 1.59039
345.172 -101.883 1.59677
345.151 -98.7722 1.61099
345.013 -95.6011 1.62233
344.811 -92.4923 1.6358
344.583 -89.3439 1.64762
344.276 -86.2295 1.66257
343.952 -83.0897 1.67468
343.554 -79.8985 1.68467
343.245 -76.8356 1.69243
342.863 -73.7628 1.69252
342.517 -70.5587 1.69439
342.146 -67.2587 1.69846
341.801 -64.1217 1.70125
341.422 -60.8511 1.70119
341.047 -57.6538 1.70126
340.74 -54.6054 1.70131
340.331 -51.5135 1.69749
339.95 -48.4417 1.69972
339.606 -45.3377 1.70207
339.234 -42.3042 1.70582
338.835 -39.3026 1.70871
338.453 -36.2573 1.71326
338.035 -33.3545 1.71599
337.669 -30.5403 1.71601
337.294 -27.8648 1.71935
336.932 -25.2564 1.72075
336.628 -22.8031 1.7215
336.248 -20.3306 1.72368
335.965 -18.1495 1.72324
335.682 -15.9915 1.72325
335.373 -13.9596 1.7194
335.144 -11.9397 1.72035
334.917 -10.1551 1.72264
334.744 -8.48535 1.7236
334.558 -7.03129 1.72362
334.391 -5.6332 1.72231
334.222 -4.30784 1.72155
334.087 -3.16891 1.71857
333.947 -2.123 1.71607
333.828 -1.22532 1.71583
333.709 -0.401786 1.71496
333.608 0.358506 1.71189
333.46 1.13515 1.70988
333.382 1.8917 1.70785
333.279 2.59821 1.70766
333.178 3.3193 1.71048
333.061 4.00593 1.71741
332.978 4.74163 1.73147
332.815 5.52438 1.75209
332.646 6.26943 1.7806
332.426 7.0266 1.81716
332.122 7.79632 1.85637
331.797 8.62408 1.8994
331.435 9.47068 1.94267
331.024 10.3304 1.98771
330.513 11.1715 2.03709
329.971 11.9909 2.09226
329.338 12.8345 2.1506
328.678 13.6566 2.2118
327.908 14.4623 2.27382
327.02 15.2114 2.33824
326.113 15.9798 2.40858
325.049 16.6693 2.47663
323.947 17.3323 2.55023
322.742 17.9375 2.62354
321.389 18.553 2.69621
319.992 19.0738 2.76769
318.521 19.4907 2.83601
316.986 19.8371 2.89571
315.396 20.0905 2.95213
313.696 20.2876 3.00907
311.92 20.4312 3.05674
310.143 20.5099 3.0937
308.278 20.5254 3.12396
306.401 20.488 -3.13301
304.469 20.4124 -3.10751
302.452 20.3034 -3.07874
300.454 20.1255 -3.05046
298.37 19.8587 -3.02162
296.243 19.5576 -2.99365
294.093 19.2044 -2.97645
291.909 18.8105 -2.96664
289.647 18.4401 -2.95871
287.378 18.0021 -2.95339
285.022 17.5703 -2.95062
282.635 17.1309 -2.94682
280.319 16.6856 -2.94623
277.91 16.2279 -2.94741
275.431 15.783 -2.94966
272.956 15.3254 -2.95126
270.548 14.8679 -2.94959
268.068 14.4059 -2.94682
265.584 13.9129 -2.94422
263.054 13.4438 -2.94415
260.526 12.9677 -2.94288
257.96 12.489 -2.9452
255.341 12.0471 -2.94538
252.79 11.5987 -2.94679
250.18 11.1137 -2.94903
247.605 10.6734 -2.95173
245.022 10.2524 -2.95426
242.44 9.80064 -2.95539
239.84 9.39217 -2.95521
237.23 8.90843 -2.95382
234.588 8.39977 -2.95187
231.977 7.90433 -2.95021
229.375 7.38092 -2.94795
226.807 6.87292 -2.94641
224.255 6.37716 -2.94375
221.736 5.89344 -2.94309
219.182 5.46431 -2.94199
216.687 4.96225 -2.94072
214.118 4.49813 -2.941
211.553 4.01849 -2.94024
208.999 3.50211 -2.93971
206.438 2.95262 -2.93875
203.878 2.52235 -2.93814
201.375 2.01045 -2.93823
198.812 1.50205 -2.93863
196.241 1.00163 -2.94043
193.72 0.479113 -2.94329
191.149 -0.00813591 -2.94664
188.632 -0.492144 -2.95106
186.249 -0.982943 -2.95317
183.781 -1.42231 -2.96121
181.312 -1.84209 -2.97722
178.851 -2.1158 -2.99408
176.427 -2.41036 -3.0157
174.065 -2.61296 -3.03867
171.677 -2.77374 -3.06357
169.313 -2.90012 -3.08909
167.036 -2.9353 -3.11588
164.789 -2.94695 -3.1388
162.564 -2.85263 3.11812
160.319 -2.69306 3.09187
158.066 -2.51159 3.06767
155.885 -2.25353 3.04246
153.73 -1.9558 3.01878
151.537 -1.59955 2.99328
149.357 -1.16446 2.97257
147.187 -0.716509 2.94733
145.04 -0.153582 2.92438
142.881 0.382766 2.901
140.728 0.961646 2.88077
138.589 1.61216 2.85811
136.433 2.29448 2.83546
134.26 3.0631 2.81092
132.102 3.90545 2.78859
129.937 4.78842 2.76826
127.734 5.76308 2.75068
125.512 6.75702 2.7359
123.291 7.79427 2.7208
121.088 8.89544 2.71017
118.883 10.0055 2.7061
116.698 11.0878 2.70638
114.461 12.1591 2.70902
112.156 13.311 2.71308
109.803 14.3779 2.71474
107.494 15.4824 2.71994
105.17 16.57 2.72523
102.785 17.6306 2.73413
100.421 18.6392 2.74496
97.9896 19.6222 2.75426
95.5623 20.5846 2.76212
93.1859 21.5603 2.7693
90.7952 22.4886 2.77563
88.3748 23.4027 2.77961
85.8746 24.3254 2.78445
83.4655 25.26 2.79052
81.0515 26.1644 2.80134
78.6298 27.007 2.81356
76.2258 27.8317 2.82671
73.8852 28.566 2.84569
71.4995 29.2421 2.86881
69.1129 29.9096 2.89363
66.737 30.4833 2.9171
64.3244 30.9873 2.93885
61.9586 31.4562 2.95907
59.573 31.8421 2.97846
57.1873 32.201 2.99849
54.8377 32.4967 3.01784
52.5103 32.7325 3.03501
50.1378 32.941 3.05126
47.8315 33.1782 3.07088
45.5275 33.3066 3.08913
43.2135 33.4134 3.10752
40.8583 33.5072 3.1276
38.4983 33.5009 -3.13814
36.1275 33.4434 -3.12135
33.7896 33.3695 -3.1048
31.4403 33.2731 -3.08821
29.1082 33.1374 -3.07281
26.7728 32.9497 -3.05376
24.4108 32.7268 -3.03601
22.0196 32.5297 -3.0182
19.6707 32.2161 -3.0026
17.4011 31.8835 -2.99095
15.0315 31.5041 -2.97656
12.6746 31.0724 -2.96056
10.3145 30.5858 -2.94479
8.04117 30.116 -2.92686
5.74813 29.5318 -2.90841
3.36964 28.9491 -2.88763
1.02074 28.3164 -2.86516
-1.3693 27.5939 -2.84267
-3.77209 26.8204 -2.82201
-6.12443 26.0098 -2.80422
-8.50562 25.1679 -2.78507
-10.8511 24.2541 -2.76583
-13.1067 23.3318 -2.74722
-15.4144 22.395 -2.72855
-17.6255 21.3628 -2.71384
-19.7945 20.3909 -2.70048
-21.9816 19.3215 -2.68861
-24.1084 18.2283 -2.67655
-26.1629 17.2405 -2.66073
-28.1813 16.1721 -2.64758
-30.2764 15.0735 -2.62901
-32.2549 13.893 -2.61221
-34.2517 12.716 -2.59214
-36.2529 11.4019 -2.57266
-38.2652 10.0137 -2.55055
-40.1903 8.61817 -2.52904
-42.1978 7.15405 -2.50196
-44.1759 5.66206 -2.47353
-46.0736 4.11931 -2.44533
-47.8944 2.54853 -2.41697
-49.7469 0.817345 -2.39165
-51.5216 -0.948079 -2.36893
-53.2939 -2.75436 -2.3485
-55.0176 -4.58809 -2.32514
-56.735 -6.44395 -2.30218
-58.3771 -8.33528 -2.28017
-60.018 -10.3231 -2.26194
-61.596 -12.3428 -2.24372
-63.1227 -14.3504 -2.2308
-64.6736 -16.3167 -2.22078
-66.0796 -18.2797 -2.21461
-67.533 -20.1944 -2.21153
-69.0034 -22.1531 -2.20722
-70.3973 -23.9989 -2.20515
-71.7892 -25.877 -2.20672
-73.2472 -27.7118 -2.20604
-74.7364 -29.6021 -2.2094
-76.1091 -31.3512 -2.21538
-77.5124 -33.089 -2.22517
-78.8922 -34.7372 -2.23781
-80.1925 -36.3357 -2.25528
-81.5865 -37.9041 -2.2744
-82.9752 -39.4351 -2.29833
-84.3888 -40.8513 -2.32485
-85.7971 -42.2629 -2.35157
-87.2563 -43.5778 -2.37478
-88.7921 -44.9092 -2.39752
-90.2566 -46.1921 -2.41963
-91.7547 -47.4288 -2.44118
-93.2859 -48.5949 -2.45746
-94.7503 -49.7296 -2.47531
-96.2632 -50.8794 -2.49432
-97.7302 -51.9334 -2.51105
-99.2439 -53.0081 -2.53108
-100.743 -53.9784 -2.55036
-102.258 -54.9224 -2.56786
-103.793 -55.8844 -2.58598
-105.304 -56.7629 -2.60348
-106.85 -57.6046 -2.61985
-108.333 -58.4242 -2.63244
-109.857 -59.2303 -2.64219
-111.363 -60.0511 -2.65224
-113.021 -60.9186 -2.65934
-114.581 -61.6911 -2.66755
-116.138 -62.454 -2.67594
-117.676 -63.2082 -2.68599
-119.232 -63.9158 -2.69557
-120.78 -64.6275 -2.71103
-122.336 -65.3265 -2.72957
-123.93 -65.9576 -2.75007
-125.477 -66.5643 -2.76966
-126.983 -67.1365 -2.78822
-128.47 -67.6427 -2.79923
-129.986 -68.1461 -2.81043
-131.555 -68.629 -2.81787
-133.062 -69.126 -2.8238
-134.485 -69.5654 -2.82435
-135.938 -70.0215 -2.82523
-137.322 -70.4518 -2.83029
-138.703 -70.9048 -2.83628
-140.078 -71.2938 -2.8433
-141.278 -71.6677 -2.84994
-142.595 -72.0388 -2.85269
-143.826 -72.4281 -2.85152
-145.075 -72.8217 -2.84482
-146.312 -73.192 -2.84096
-147.483 -73.6049 -2.83741
-148.69 -73.9768 -2.83047
-149.868 -74.3971 -2.82629
-151.066 -74.8071 -2.82027
-152.385 -75.2261 -2.81799
-153.665 -75.6627 -2.8148
-154.954 -76.1015 -2.81196
-156.254 -76.5587 -2.81043
-157.629 -77.0015 -2.80976
-159.016 -77.489 -2.80753
-160.419 -77.9574 -2.80691
-161.907 -78.4806 -2.80808
-163.348 -78.9385 -2.81176
-164.858 -79.4582 -2.81643
-166.359 -79.9067 -2.82239
-167.888 -80.3789 -2.82816
-169.447 -80.8359 -2.83568
-171.008 -81.288 -2.84329
-172.577 -81.7581 -2.85059
-174.066 -82.1516 -2.85691
-175.527 -82.5631 -2.86321
-176.981 -83.003 -2.86982
-178.389 -83.3657 -2.87502
-179.85 -83.7577 -2.87632
-181.228 -84.1602 -2.87656
-182.47 -84.5071 -2.87394
-183.648 -84.8384 -2.87075
-184.798 -85.2078 -2.86484
-185.885 -85.5563 -2.85888
-186.915 -85.8719 -2.85411
-187.823 -86.2157 -2.8506
-188.501 -86.5264 -2.84453
-189.142 -86.7292 -2.84606
-189.78 -86.9423 -2.83824
-190.319 -87.1433 -2.83683
-190.846 -87.3293 -2.83271
-191.307 -87.5245 -2.82946
-191.76 -87.7047 -2.8276
-192.167 -87.8561 -2.8225
-192.533 -87.9964 -2.82411
-192.888 -88.1579 -2.82341
-193.301 -88.2877 -2.82208
-193.612 -88.4102 -2.82142
-193.921 -88.5594 -2.82148
-194.16 -88.6386 -2.82755
-194.408 -88.7086 -2.84005
-194.724 -88.742 -2.86175
-195.056 -88.7552 -2.88795
-195.341 -88.7693 -2.92398
-195.68 -88.7746 -2.95716
-196.013 -88.7774 -2.98408
-196.385 -88.7982 -3.00092
-196.667 -88.8374 -3.00866
-196.934 -88.8832 -3.002
-197.346 -88.9281 -2.99337
-197.704 -88.9848 -2.97519
-198.096 -89.1342 -2.95338
-198.496 -89.2831 -2.92554
-198.877 -89.4516 -2.89663
-199.27 -89.5968 -2.86815
-199.676 -89.7732 -2.84384
-200.042 -90.012 -2.82522
-200.332 -90.1175 -2.81754
-200.599 -90.2008 -2.81356
-200.758 -90.2217 -2.81353
-200.87 -90.2837 -2.81218
-200.93 -90.2985 -2.81161
-200.914 -90.2882 -2.81103
-200.93 -90.2982 -2.80924
-200.948 -90.3058 -2.80753
-200.958 -90.3053 -2.80559
-200.984 -90.3168 -2.80332
-200.995 -90.3341 -2.80076
-201.001 -90.3564 -2.79843
-200.974 -90.3301 -2.79772
-200.945 -90.32 -2.79669
-200.927 -90.3069 -2.79637
-200.929 -90.3076 -2.79469
-200.902 -90.2936 -2.79348
-200.923 -90.3079 -2.79103
-200.924 -90.3227 -2.78883
-200.963 -90.3581 -2.78738
-200.943 -90.2943 -2.78749
-200.943 -90.3147 -2.78559
