0.00749493 0.00888348 -0.000335606
0.0215607 0.0312643 -0.00241652
0.0141058 0.0331554 -0.00235501
0.0191374 0.0290327 -0.00247708
0.0202875 0.0266724 -0.00252572
0.0177231 0.0305071 -0.00238601
0.0221424 0.0282698 -0.00251952
0.0198383 0.0290222 -0.00215021
0.0210295 0.0336533 -0.00237695
0.0244513 0.0163651 -0.0025231
0.0253677 0.0262766 -0.00258365
0.021924 0.0380287 -0.0026013
0.0189228 0.037672 -0.00247827
0.0168028 0.0337858 -0.00235549
0.0191898 0.033062 -0.002314
0.0213661 0.0375729 -0.00226751
0.0174723 0.0381737 -0.00250259
0.0245228 0.0349312 -0.00253979
0.0426121 0.0373058 -0.00259868
0.0493269 0.0503111 -0.00274125
0.0633755 0.0403004 -0.0029234
0.127975 0.0303488 -0.000965269
0.131316 0.0306931 -0.001079
0.146126 0.0194321 -0.000677975
0.193902 -0.0278139 -0.00140348
0.285893 -0.0120745 0.00171622
0.323107 0.0460892 0.000807611
0.353168 0.0198097 0.000287382
0.404337 0.00889683 -0.000441941
0.426509 0.00949669 -0.000760229
0.517939 -0.00264168 -0.00222126
0.532084 0.0191002 -0.00213161
0.579652 0.0291939 -0.00159374
0.686877 -0.0301514 3.6637e-06
0.654476 -0.0120392 0.00143751
0.806882 -0.033884 6.58909e-05
0.784409 0.0311193 0.000288097
0.823101 -0.0444984 0.00157222
0.927848 0.00222111 -0.000932844
0.935296 0.0206833 -0.000228794
0.9101 0.0334482 -0.00149051
0.966579 -0.0121469 0.000242798
0.98744 -0.0239525 0.00203404
1.06785 0.0144205 -0.000104817
1.04391 -0.0133629 0.00116786
1.09614 0.00332546 0.00076255
1.08255 0.0350761 0.000336496
1.18469 -0.0196905 -0.00139967
1.13206 0.0242558 0.000881044
1.18431 0.0366554 -0.000915917
1.20076 -0.0353813 0.000158636
1.21548 0.0181561 -0.00123301
1.22641 0.034029 -0.000404986
1.2589 0.0014782 0.0062705
1.17926 0.0488338 0.00740656
1.2489 -0.0206413 0.011592
1.20934 0.0810146 0.0128737
1.27927 0.00750351 0.0138114
1.28679 0.00474167 0.0121876
1.27537 0.0229301 0.011432
1.25286 0.0105648 0.0130316
1.3199 0.0162926 0.0117207
1.29825 0.0298538 0.00671562
1.29369 0.00224686 0.00503644
1.31374 -0.0128517 3.6327e-05
1.32251 -0.0212669 0.000506965
1.30749 -0.0317211 -0.000693472
1.40654 -0.0698204 0.000269262
1.37208 -0.0414486 0.000865308
1.36132 0.000854492 -0.00157038
1.36834 -0.0286407 0.00147494
1.45451 -0.00549507 0.00379738
1.40304 0.00038147 0.00383124
1.49868 -0.0229254 0.00562963
1.44234 0.0187111 0.00475964
1.4739 0.011282 0.00956091
1.52268 0.039319 0.00914606
1.55394 -0.000816345 0.00685844
1.55011 0.00855827 0.00748357
1.55863 -0.00480556 0.00710091
1.56094 0.0045414 0.00696239
1.60548 0.0102549 0.00687155
1.54272 -0.0126886 0.00709924
1.5435 -0.0143385 0.00666794
1.54716 -0.014123 0.00207957
1.52084 -0.0456772 -0.00191704
1.47321 -0.0184126 -0.00115434
1.50376 -0.0157042 -0.00140229
1.42497 -0.0102406 -0.0032312
1.47992 -0.0295181 -0.0022873
1.2878 -0.048481 -0.0034186
1.28063 0.00465393 -0.00250688
1.16552 -0.0393181 -0.00380531
1.14545 0.00015521 -0.00201717
1.0781 -0.0167403 0.000506965
0.936656 -0.00577938 -0.0029203
0.899235 -0.00443363 -0.00223652
0.740241 -0.02376 0.000191061
0.665409 0.000978947 0.00132522
0.548223 0.0188165 0.00154432
0.469879 0.000322223 0.000815479
0.396932 0.000362158 0.00176582
0.353607 -0.0215435 0.0014182
0.361742 -0.0174007 0.00161728
0.35396 -0.00289059 0.00159606
0.341797 -0.0147529 0.00128636
0.330851 0.000460625 0.0015839
0.397206 0.0203435 0.00614103
0.41422 0.00997901 0.00551471
0.446469 -0.00280333 0.00702748
0.504413 -0.005054 0.00784358
0.563371 0.0194942 0.00940928
0.613182 0.014246 0.008957
0.667016 0.0100133 0.011618
0.752244 0.0703235 0.0118898
0.768673 0.0192456 0.0175014
0.812596 0.0168133 0.0180374
0.868259 0.0581226 0.0195831
0.919395 0.0730777 0.0230561
2.11771 0.143817 0.0371233
0.982906 0.048851 0.0377348
1.16761 0.0597277 0.0303782
1.22404 0.0789776 0.032203
1.22107 0.0593777 0.0341679
1.27101 0.0697641 0.0345238
1.33584 0.0693216 0.0368572
1.39069 0.0927906 0.038128
1.42243 0.0891399 0.0380042
1.5093 0.0577774 0.0369569
1.51676 0.0518265 0.0295022
1.53649 0.0282402 0.0242229
1.64109 -0.00859833 0.0181583
1.64157 -0.00173473 0.0117253
1.69827 -0.0208635 0.00694522
1.72993 -0.0312214 -0.00119248
1.69432 -0.0280476 -0.00629011
1.74099 -0.0334806 -0.00514379
1.79307 -0.023468 -0.00463334
1.86867 -0.0165548 -0.00610104
1.82548 -0.0376053 -0.0048205
1.84686 -0.0133247 -0.00474635
1.93717 -0.0195751 -0.00480691
1.9493 -0.0357094 -0.00528088
1.96644 -0.0374804 -0.00531593
1.97857 -0.0406427 -0.00369755
2.05508 -0.0469284 -0.00427452
2.01695 -0.0476971 -0.00604001
2.04829 -0.032177 -0.00682488
2.03082 -0.0341654 -0.00978723
2.09865 -0.0656481 -0.0126664
2.09853 -0.0814409 -0.0152675
2.11049 -0.0654936 -0.0165898
2.08694 -0.0462036 -0.0155975
2.14716 -0.0422049 -0.0177476
2.12488 -0.0319767 -0.0168754
2.10313 -0.0579834 -0.0182754
2.14899 -0.0559454 -0.0191139
2.14069 -0.057909 -0.0237655
2.1348 -0.0316954 -0.0263621
2.12305 -0.0953588 -0.0268871
2.1613 -0.0861502 -0.0264618
2.12602 -0.0607929 -0.0260882
2.12763 -0.0640917 -0.0265402
2.10513 -0.0660267 -0.0243875
2.116 -0.0606394 -0.0241274
2.09874 -0.0566845 -0.0174252
2.10703 -0.0399122 -0.0194174
2.17598 -0.101195 -0.0234629
2.11956 -0.0196075 -0.0242693
2.19357 -0.0933537 -0.0241758
2.13626 -0.076726 -0.0238449
2.18025 -0.0364714 -0.0221938
2.13801 -0.0425911 -0.0183109
2.19608 -0.0436373 -0.0148319
2.17736 -0.0338554 -0.0147258
2.19521 -0.0401402 -0.0146243
2.21138 -0.0504456 -0.0142478
2.20837 -0.00993824 -0.0148551
2.2119 -0.0332298 -0.013802
2.21292 -0.00974846 -0.0129842
2.12775 -0.049201 -0.0102114
2.12361 -0.0152035 -0.0126225
2.21823 -0.0310593 -0.0154153
2.11187 -0.0373325 -0.0156464
2.13827 -0.0721302 -0.0199761
2.15997 -0.067379 -0.0176846
2.15858 -0.0560684 -0.0153581
2.1673 -0.0316544 -0.015562
2.14018 -0.0432816 -0.0163998
2.2048 -0.0673523 -0.016756
2.13523 -0.0260677 -0.015725
2.21836 -0.0262604 -0.0153057
2.16119 -0.0448494 -0.0128354
2.20528 -0.0508242 -0.0127958
2.20916 -0.037714 -0.0122174
2.27941 -0.0625563 -0.0125496
2.22039 -0.0801191 -0.0133053
2.25305 -0.0201454 -0.0154111
2.14679 -0.0385878 -0.0182976
2.19539 -0.0708572 -0.0182427
2.21758 -0.0400639 -0.0181943
2.15412 -0.00584139 -0.015593
2.25506 -0.0723501 -0.0131201
2.21366 -0.0407605 -0.0198042
2.18517 -0.0643561 -0.0217647
2.23855 -0.0805624 -0.0259446
2.19302 -0.073611 -0.0291521
2.22924 -0.0778768 -0.0290696
2.20376 -0.0863498 -0.0289809
2.20504 -0.108759 -0.0288617
2.19445 -0.0755346 -0.0313586
2.21528 -0.0754974 -0.0295748
2.20527 -0.0717196 -0.0257243
2.21549 -0.0752901 -0.0222563
2.12209 -0.0741422 -0.0189694
2.13945 -0.0326645 -0.0181715
2.16331 -0.066731 -0.0165974
2.12905 -0.0917563 -0.0154618
2.10838 -0.0580482 -0.0180306
2.0836 -0.0911493 -0.0176915
2.08984 -0.100632 -0.0206913
2.05558 -0.0761161 -0.0204512
2.09456 -0.112822 -0.0198955
2.05759 -0.0519924 -0.0194549
2.07836 -0.0702434 -0.0151168
2.0646 -0.0685596 -0.0149583
2.02234 -0.0020895 -0.0129639
2.00352 -0.0840716 -0.0107702
2.03639 -0.0466413 -0.00840512
1.94945 -0.0348325 -0.00594559
1.9685 0.0020318 -0.00504723
2.01462 0.0421314 -0.000496062
1.94637 -0.000535727 -0.00116506
1.98887 -0.0062325 0.00731262
1.89895 0.0670609 0.00965461
1.90974 0.027004 0.0150469
1.84589 0.0642555 0.0168978
1.91431 0.036654 0.0179702
1.90664 0.060817 0.0223044
1.87371 0.0127816 0.0256263
1.89276 0.0965658 0.0252794
1.89231 0.0603843 0.027742
1.86473 0.077451 0.0294376
1.88332 0.0849972 0.0357543
1.88247 0.092906 0.0392927
1.87777 0.107672 0.0390139
1.85158 0.0552087 0.0428201
1.88793 0.112212 0.0480243
1.92188 0.0599432 0.0532461
1.9197 0.123128 0.0549472
1.90598 0.140743 0.0527972
1.9921 0.137692 0.0499998
1.92702 0.0602679 0.0357879
1.9962 0.0562897 0.0291606
1.995 0.0641904 0.0250455
1.96889 0.0707605 0.024036
2.00091 0.0689194 0.0225168
2.08148 0.046483 0.0164457
2.05689 0.0212641 0.0110892
2.04635 0.014904 0.0113121
2.13269 0.0120313 0.0032421
2.08467 -0.00204611 -0.001223
2.09507 0.0291104 -0.00454298
2.09614 0.00627446 -0.00543848
2.06043 -0.0625124 -0.00490657
2.13856 -0.0839334 -0.0033578
2.17638 0.00564265 -0.00333157
2.11151 0.00828886 -0.00368849
2.15031 -0.0225968 -0.00336638
2.24279 0.007375 -0.00319162
2.10458 0.016795 -0.00366727
2.19189 0.014275 -0.00053707
2.17874 -0.0105222 0.000815717
2.21793 -0.00355726 0.0028077
2.24011 -0.0265769 0.00426253
2.28904 0.0269238 0.00348839
2.27735 0.0386082 0.00232562
2.32463 -0.00883412 0.00313934
2.27061 -0.00448483 0.00678643
2.3159 0.0518653 0.00811514
2.29929 0.0116565 0.0085884
2.34562 0.00930548 0.00654134
2.30076 -0.0110157 0.00430712
2.42705 -0.0407791 0.00774106
2.31345 0.00670147 0.00539645
2.35027 0.00758266 0.00422296
2.37212 -0.0162554 0.00602779
2.25111 -0.024791 0.00505742
2.27618 -0.0496521 0.00282702
2.22394 -0.0655637 0.000151245
2.20321 -0.0546674 -0.000499161
2.2283 0.0333037 0.000902025
2.24046 -0.0350902 0.00330815
2.24458 -0.0192785 0.00183281
2.20474 0.0252428 0.00116262
2.18513 -0.0245023 -0.00109163
2.20906 0.024106 -0.0023388
2.22747 -0.00355244 -0.00163427
2.17303 -0.00905657 0.000590889
2.14118 -0.00363588 0.0020841
2.14766 0.0206571 0.00239691
2.16215 -0.0166481 0.00217041
2.07736 0.00642085 0.00176891
2.11262 -0.00252199 0.00512537
2.06632 -0.00445652 0.00660786
2.08367 -0.00764847 0.00276741
2.03168 -0.0173731 0.00320062
2.01697 -0.00158405 0.00213918
2.0083 -0.0336304 0.00275144
1.97414 0.0340986 0.00278577
2.02266 0.0347443 0.00218496
1.92 0.001647 0.000830976
1.88986 -0.0112562 -0.000840338
1.92972 -0.0198202 -0.000511797
1.93851 -0.0176525 -0.00207034
1.9067 -0.0187483 -0.000190409
1.82042 0.00106144 -0.000740441
1.78185 -0.0310969 -0.00027624
1.73232 0.0117865 -0.00160352
1.66389 4.3869e-05 -0.000321301
1.58868 0.00257969 -0.000500115
1.54534 -0.0267401 -0.00391904
1.48311 -0.0551367 -0.0106696
1.41158 -0.0171032 -0.0140974
1.36382 -0.0468082 -0.0228089
1.37039 -0.0632639 -0.0386786
1.26435 -0.122289 -0.0501761
1.29125 -0.114445 -0.0592176
1.21697 -0.128785 -0.0602705
1.20187 -0.103969 -0.0606205
1.21713 -0.152794 -0.0714137
1.18044 -0.143886 -0.0711071
1.20025 -0.186682 -0.0746349
1.2069 -0.188925 -0.0813574
1.15838 -0.19174 -0.0881754
1.17964 -0.202103 -0.0916821
1.19029 -0.172772 -0.0945927
1.20254 -0.180254 -0.0986857
1.17229 -0.204007 -0.0973565
1.17191 -0.204577 -0.0948202
1.17442 -0.230686 -0.0770012
1.23125 -0.174491 -0.0553021
1.30192 -0.187519 -0.0430385
1.37203 -0.0697441 -0.0302481
1.4007 -0.0762024 -0.0226513
1.47815 -0.0329399 -0.0219742
1.45524 -0.0428505 -0.0171718
1.49478 -0.0408101 -0.0144574
1.55708 -0.049583 -0.0150138
1.58598 -0.0463562 -0.0122153
1.58768 -0.0395093 -0.0124599
1.72137 -0.0467854 -0.0123097
1.6688 -0.0498824 -0.0105294
1.73397 -0.0173769 -0.0120782
1.74919 -0.0682328 -0.0104903
1.79399 -0.0124464 -0.0106346
1.77949 -0.0540276 -0.00838772
1.86824 -0.0270848 -0.00521007
1.87367 -0.00141001 -0.00431362
1.90657 -0.0305619 -0.00393859
1.97327 0.0333686 -0.000776442
2.02651 -0.0323372 0.000343172
1.95292 0.0235233 -0.00180212
2.02654 -0.0510712 -0.00201264
1.96092 -0.021317 -0.00343529
2.01211 -0.0686769 -0.00620786
2.01263 0.0054884 -0.00293175
2.0838 -0.0396862 -0.000924738
2.11712 0.00989437 0.00205001
2.07509 -0.0187206 0.0018557
2.16205 -0.00543308 0.000686495
2.15279 -0.0117321 0.00120458
2.13089 -0.0564909 -0.000613602
2.22456 0.0134449 7.23283e-05
2.19309 -0.000959396 -0.00117293
2.22202 0.0203171 -0.000569495
2.15404 -0.00146294 -0.000355633
2.22491 0.0202141 -0.00144592
2.29479 -0.0143032 -0.00242725
2.20113 0.0686359 -0.000351818
2.31793 -0.0676136 -0.00782195
2.31047 -0.0203295 -0.00204817
2.30391 -0.0240955 -0.00832406
2.40495 -0.11949 -0.00993863
2.33004 -0.00411606 -0.00674764
2.29623 -0.0909734 -0.00788108
2.37777 -0.00433779 -0.00542012
2.43579 -0.0673959 -0.00754062
2.41785 -0.00381279 -0.0059537
2.29702 -0.0529323 -0.00663987
2.41585 0.0294924 -0.00519553
2.26109 -0.0988569 -0.00665251
2.29003 -0.0380669 -0.00898329
2.25129 0.0118666 -0.00383559
2.32836 0.00286579 -0.00442162
2.34907 -0.10157 -0.00731579
2.254 -0.115147 -0.00506035
2.35813 -0.0325127 -0.00852338
2.29624 -0.0651712 -0.00772277
2.43501 -0.0033474 -0.0113391
2.44351 -0.0282707 -0.00811258
2.47062 -0.0422888 -0.00846473
2.48517 0.00963688 -0.00826994
2.54263 -0.0212135 -0.0113672
2.55175 -0.0342045 -0.0107588
2.53643 0.00406647 -0.0122453
2.57282 -0.0389805 -0.0158676
2.62285 -0.0214996 -0.0149709
2.63778 -0.0336542 -0.00972977
2.60476 -0.0503082 -0.0125193
2.71563 0.0148249 -0.0158989
2.71138 -0.0245066 -0.0148541
2.68238 -0.00795078 -0.0121972
2.66401 -0.0297813 -0.0123512
2.7836 -0.0130625 -0.0116598
2.64303 -0.0625234 -0.0128562
2.63434 -0.037674 -0.00849286
2.69804 -0.0237803 -0.00991526
2.61456 -0.04002 -0.0121354
2.59917 -0.0465031 -0.00932303
2.63674 -0.0425682 -0.00702349
2.57301 -0.0349321 -0.00804821
2.57341 -0.074113 -0.00422469
2.62854 0.0548384 -0.00414339
2.62733 -0.0751877 -0.00413361
2.59654 -0.0485643 -0.00275079
2.60862 -0.0346835 -0.00529733
2.59055 -0.0228904 -0.00278297
2.59987 -0.0410702 -0.00486341
2.58372 -0.0591427 -0.00520268
2.5307 -0.0540739 -0.00472442
2.44359 -0.0194764 -0.00338641
2.48096 -0.0534215 -0.00507871
2.49228 -0.0803661 -0.00225058
2.52933 -0.0224369 -0.00135127
2.45087 -0.060818 -0.00203744
2.49768 0.000752687 0.00211748
2.3393 -0.0294056 -0.00303212
2.45309 0.0155544 0.00573692
2.3899 0.0171435 0.00231966
2.33328 -0.0310793 0.00274738
2.36336 0.0167956 0.00268158
2.28652 -0.00864816 0.00683579
2.35385 -0.0153065 0.00576815
2.30812 0.0144756 0.00300965
2.26899 0.0129993 0.00484118
2.27768 -0.0289004 0.00257334
2.32671 0.05651 0.0023261
2.23637 -0.0325816 -0.000876816
2.1666 0.0368128 0.00167355
2.11359 -0.0567677 0.000282852
2.06834 -0.0208843 0.00469479
1.91325 -0.112735 0.00136909
1.86388 -0.000870228 0.00176415
1.9191 -0.0529728 -0.00781265
1.64038 -0.00295258 -0.00695959
1.6992 -0.0905571 -0.0199541
1.53572 -0.0521708 -0.0267428
1.50947 -0.0429306 -0.0401336
1.5432 -0.208435 -0.0609328
1.49274 -0.187864 -0.0747179
1.3799 -0.16864 -0.0749175
1.29384 -0.184617 -0.074423
1.4018 -0.199253 -0.0720142
1.27036 -0.0685786 -0.0724107
1.34701 -0.213215 -0.0653655
1.30758 -0.141635 -0.0646528
1.20497 -0.141063 -0.0591635
1.35185 -0.151356 -0.048737
1.28777 -0.0667222 -0.0465805
1.22369 -0.0660667 -0.0418424
1.28927 -0.0840883 -0.0325722
1.29722 -0.071991 -0.0293233
1.26965 -0.0774255 -0.0289289
1.29954 -0.0228567 -0.0232882
1.26807 -0.0395489 -0.0146135
1.26872 -0.0288553 -0.0130307
1.27461 -0.00253677 -0.00956026
1.27433 -0.0341806 -0.00529757
1.27878 -0.0174093 -0.00583545
1.26433 0.00256729 -0.00699702
1.23814 -0.00653648 -0.00619856
1.21318 -0.0162868 -0.00613132
1.22153 -0.018692 -0.0031735
1.18927 0.00964165 -0.00432554
1.24384 -0.0301924 -0.00532165
1.1928 -0.0188503 -0.00314561
1.24968 -0.0320301 -0.00266972
1.31591 -0.0301895 0.000441639
1.28483 -0.0308123 -6.11862e-05
1.21987 -0.0162973 0.0031248
1.3316 0.00365639 -0.000586184
1.35196 -0.0146275 -0.00127211
1.4033 -0.0233727 -2.23239e-05
1.36958 -0.0105915 0.00114974
1.47215 0.0304737 0.00294766
1.47942 0.0046196 0.0037671
1.49574 -0.0169258 0.00230011
1.51196 -0.040678 0.00373921
1.49807 -0.0082407 0.00467166
1.52907 -0.014286 0.00370058
1.48151 0.0224104 0.00178632
1.53355 -0.0487604 0.00302371
1.54925 0.0339298 0.00194201
1.48338 -0.0230885 0.00123653
1.52767 -0.0495024 0.00274405
1.48385 -0.0114098 0.000976173
1.46666 0.00874805 -0.00326053
1.41592 -0.0397968 0.000455467
1.44498 0.0293789 0.00135955
1.44684 -0.0168533 0.000472633
1.46761 -0.00128365 0.00214442
1.43846 -0.0374212 0.000181047
1.44388 0.0173817 -0.0019261
1.66175 0.126175 -0.00440231
1.49449 -0.0197597 -0.00319925
1.35948 -0.0836725 -0.00491277
1.43358 0.0453749 0.00025305
1.43321 -0.0588112 -0.00129047
1.42389 -0.0161037 0.0029417
1.44992 -0.0257387 -0.000420483
1.35947 -0.0282011 -0.00293079
1.36612 -0.0391026 -0.0028576
1.41981 -0.016202 0.00024399
1.38217 -0.0366478 -0.000948819
1.41638 0.00334263 -0.000228794
1.40769 -0.047121 -0.000608118
1.44098 -0.0141659 -0.00203243
1.46419 -0.00742102 0.000114052
1.54276 -0.0194387 -0.000810059
1.54066 -0.0181599 -0.00123111
1.53759 0.0331497 0.000256864
1.59977 -0.036973 0.000744192
1.58491 0.0168033 0.00156626
1.64605 0.0128636 0.0013226
1.6855 -0.0340109 0.00148186
1.68321 -0.0137596 -0.000113161
1.69673 -0.0349362 -0.000639828
1.74678 -0.022778 -0.00204125
1.77854 -0.00671679 0.000634281
1.78677 -0.00464791 0.000727741
1.80651 -0.0315187 0.00135383
1.84907 -0.0153637 0.00165733
1.86389 -0.00461578 0.000521032
1.83066 -0.0118954 -0.000744971
1.86581 -0.0442694 0.00126228
2.00135 0.103915 -0.00851932
1.88651 -0.00988817 -0.00256267
1.88339 -0.0275893 3.13203e-05
1.95481 -0.0573931 0.000833122
1.95993 -0.019721 -0.00471321
1.96845 -0.052563 -0.00086418
1.97742 -0.0162256 -0.00248972
1.942 -0.0108032 -0.00169149
2.0309 -0.0497067 -0.00188413
2.10713 -0.0366825 -0.00467292
2.08398 -0.0416667 -0.00350395
2.08167 -0.0392694 -0.000230463
2.06155 -0.0341959 -0.00120202
2.0735 -0.0280848 -0.000268372
2.02818 -0.0556779 -0.00162807
1.98559 0.0191817 0.00153741
2.06122 -0.0138583 -0.0023419
1.96469 -0.0136199 0.000618784
2.08053 -0.052093 -0.00256768
2.01181 -0.0284479 -0.00183621
1.98926 -0.0348139 -0.00362864
2.00897 -0.0334826 -0.00464836
2.03108 -0.0186663 -0.0042378
1.9589 -0.0361519 -0.00588957
2.03587 -0.0315886 -0.00647679
1.97054 -0.012248 -0.00335279
1.96146 -0.0353394 -0.00505629
1.96546 -0.0385227 -0.00543037
1.90318 -0.00955296 -0.00622073
1.92604 -0.0323992 -0.00314108
1.9552 -0.0541267 -0.00543705
1.88914 -0.0107598 -0.00392834
1.97293 -0.0421457 -0.00716487
1.94564 -0.039731 0.00152859
1.89521 -0.0159159 0.00226959
1.95472 0.0112629 0.00484428
1.88428 0.0129938 0.00734648
1.92082 -0.0125761 0.00667462
1.93192 0.0278273 0.00705346
1.92905 -0.0151577 0.00661143
1.97194 0.0177002 0.00830898
1.92654 -0.00322723 0.00679359
1.99759 0.0126581 0.00591454
2.02552 0.0224438 0.00697955
1.97771 -0.0075531 0.00480923
2.06456 0.0441093 -0.000104578
2.05612 -0.0397778 0.000570862
2.036 -0.00829411 0.000159589
2.05268 -0.00980091 -0.00125566
2.11475 -0.0441189 0.000850288
2.05995 -0.0629609 0.000454275
2.0355 -0.00776958 0.00225362
2.07299 0.0135989 -0.000471505
2.07503 -0.00615215 -0.000262888
2.08221 0.0213016 -0.000103863
2.15683 -0.0226798 0.00133738
2.12509 0.0127201 0.000690548
2.15633 -0.0639591 0.000225155
2.14515 -0.00396395 0.000426141
2.16496 -0.00361633 0.00278744
2.16633 -0.0237169 0.00330338
2.22582 -0.0462999 0.00376758
2.19842 -0.0356178 0.00261506
2.23984 -0.0275154 0.0030683
2.20819 -0.00535202 0.00100073
2.2399 -0.0333443 0.00399121
2.20148 -0.0033226 0.00301751
2.20899 -0.00700951 0.00317248
2.06672 -0.0228176 0.000891058
2.16939 0.00616455 0.00243649
2.12151 0.0166893 0.00187525
2.09705 -0.0322666 0.000879137
2.08195 -0.00526237 0.00172481
2.09121 -0.041708 0.000690548
2.06029 -0.013031 -0.000233086
2.01544 -0.0357342 -0.00101558
1.94745 0.00610352 -0.00159994
1.86474 -0.0170536 0.000916807
1.81075 -0.0117607 0.000529854
1.65005 0.0112705 -0.000560435
1.63884 -0.033884 -0.00212994
1.58401 -0.0195808 -0.00313249
1.45375 -0.0451336 -0.00389639
1.4093 -0.0298538 -0.00771085
1.42405 -0.0448284 -0.00797716
1.43178 -0.0430794 -0.0137827
1.3783 -0.0530605 -0.0180141
1.34334 -0.06672 -0.0249178
1.31233 -0.0591888 -0.029487
1.2806 -0.081871 -0.0328936
1.2879 -0.0703855 -0.042091
1.21943 -0.119435 -0.0508894
1.18923 -0.115785 -0.0511691
1.17537 -0.117309 -0.0562936
1.13751 -0.126417 -0.0592312
1.16084 -0.137291 -0.0636994
1.12693 -0.12301 -0.0705902
1.15858 -0.17096 -0.0801593
1.15985 -0.170476 -0.0815488
1.12958 -0.286899 -0.0905634
1.09917 -0.216069 -0.0931245
1.10986 -0.14169 -0.0853707
1.2226 -0.193253 -0.0782281
1.24167 -0.115839 -0.0620321
1.27192 -0.121293 -0.056956
1.36579 -0.117581 -0.0538413
1.36951 -0.122602 -0.0567738
1.45177 -0.155838 -0.0609476
1.44266 -0.129242 -0.0585493
1.49037 -0.160224 -0.0507945
1.53644 -0.118094 -0.0425157
1.58492 -0.107516 -0.0339626
1.62441 -0.0831623 -0.0289392
1.6795 -0.0714111 -0.0196821
1.71908 -0.0542641 -0.0136141
1.78896 -0.0634851 -0.00907174
1.86123 -0.0228958 -0.00272408
1.77167 -0.0114956 0.0015572
1.87737 -0.0369844 0.000708191
1.91914 -0.00635338 0.00152716
1.94152 -0.00162601 0.00726542
1.90542 0.0145473 0.00777706
1.96112 0.00520611 0.00894937
1.94216 0.00804329 0.00878987
1.92824 0.0056839 0.0060254
1.87622 0.0110273 0.00562486
1.87166 0.000788689 0.00346193
1.90625 0.00704527 0.00361547
1.87328 -0.0139256 0.00277552
1.89854 -0.03933 0.000964729
1.89393 0.00455761 0.00120315
1.89808 -0.0400996 0.00205931
1.86401 0.0315785 -0.000284346
1.86616 -0.0584691 -0.00258604
1.87167 -0.0126238 -0.000369223
1.81851 -0.0139685 -0.000971945
1.81656 -0.00239706 -0.000287207
1.80747 -0.0257168 0.000351755
1.80101 0.0226994 0.00332054
1.84325 0.00931454 0.00451979
1.87273 0.0146132 0.00187906
1.92413 -0.0252075 -0.00028077
1.84528 0.0205321 0.00177654
1.87263 0.00237751 0.000819055
1.87236 0.00078392 0.00140247
1.86364 -0.0328875 0.00462946
1.83305 0.00272942 0.00179013
1.84289 -0.0158019 -0.000143441
1.78231 -0.0183783 0.00255856
1.82055 -0.0454845 -0.000222119
1.81535 -0.00470734 -0.00190106
1.72851 -0.034936 -0.00195685
1.69764 0.00744057 -0.0041534
1.67573 -0.0457735 -0.00157157
1.68801 -0.00262165 -0.00266472
1.66399 -0.00345421 -0.00195471
1.61908 0.0314651 -0.000366362
1.61088 -0.0201542 0.000625221
1.67839 -0.00333676 0.000283329
1.69867 -0.00466108 0.00166711
1.725 -0.0217371 0.00145873
1.74916 0.0181198 0.00147494
1.79125 -0.032198 0.00302562
1.8281 -0.0397973 -0.000575455
1.81778 -0.0181305 -1.37409e-05
1.80717 0.0180404 0.000197498
1.82513 -0.0241799 -0.000569733
1.93774 -0.0368092 0.000111667
1.91201 -0.0147297 -0.000479372
1.84276 -0.00268126 -0.00104419
1.9365 0.0305262 0.00265154
1.92961 0.0120802 0.00128826
1.93508 0.0206015 0.000197736
1.94085 0.00454235 -0.000557574
1.9335 -0.00332177 -0.000592621
1.91596 -0.0284274 -0.000231655
1.918 -0.0259501 0.000693885
1.8893 -0.0236773 0.00256929
1.85008 0.0167717 0.00063285
1.8954 0.0263228 0.00141677
1.85766 0.0212574 0.00202283
1.87245 -0.0566645 0.00101003
1.86609 0.00245142 0.00181946
1.87579 0.0157213 0.00200805
1.94263 -0.00557041 -0.00119248
1.88413 0.000123024 -0.00102917
1.88012 0.0189018 -0.000335606
1.90937 -0.00532722 0.000330297
1.89383 0.0317039 -0.00294176
1.91579 0.021862 0.00141749
1.91764 0.0116997 0.00331983
1.89361 0.0370655 0.00330457
1.92433 0.0554867 0.000797121
1.87358 0.0214081 0.00462422
1.85319 0.0357094 0.0107037
1.90738 0.028368 0.0141662
1.89642 0.0761585 0.0159453
1.97705 0.0319614 0.0167402
1.98282 0.0397472 0.01068
1.97247 0.00828362 0.00875363
2.04336 -0.0398045 0.00503978
1.97073 -0.0375996 -0.00347916
1.97609 -0.0412712 -0.00511804
2.01824 -0.0351791 -0.00661054
2.05356 -0.0890846 -0.00792399
2.06094 -0.0521126 -0.00911752
2.11218 -0.0806084 -0.00949589
2.10618 -0.0738277 -0.00867143
2.09883 -0.0435619 -0.00818196
2.16287 -0.0838184 -0.00968757
2.15712 -0.0935173 -0.00998441
2.14563 -0.0567131 -0.0105578
2.16077 -0.0553608 -0.00998774
2.14545 -0.0662575 -0.00812975
2.1568 -0.0505295 -0.0111481
2.14808 -0.0501728 -0.00969354
2.12674 -0.0702467 -0.0071384
2.12165 -0.0470023 -0.0069677
2.06227 0.0154109 -0.0076541
2.09781 0.0422978 -0.0038673
2.02974 -0.0554621 -0.00875631
1.96967 0.00596642 -0.00303689
1.95194 -0.0334487 -0.00123826
1.9599 -0.0410175 -0.000149639
1.92321 0.0322495 0.00705632
1.9178 -0.00457335 0.00602421
1.79942 -0.00652961 0.00396403
1.71501 -0.00984287 0.00501236
1.65523 -0.00925398 0.00467381
1.6448 -0.0171118 0.00525865
1.63559 -0.0375886 0.00358209
1.61725 -0.0150536 0.0033482
1.55743 0.0255857 0.00104794
1.56314 -0.0288286 0.0010632
1.55681 -0.0356951 0.000295488
1.53881 -0.00706673 -0.00100866
1.54703 -0.0351505 -0.00738588
1.55368 -0.0202093 -0.0132805
1.54241 -0.0438595 -0.0168413
1.52549 -0.0647669 -0.0181812
1.52307 -0.0547132 -0.0267059
1.55673 -0.0751972 -0.0308169
1.55028 -0.0968494 -0.0307025
1.55884 -0.0870647 -0.0324816
1.58205 -0.0922241 -0.0337602
1.60285 -0.0922031 -0.0344967
1.57031 -0.0950012 -0.0356983
1.63555 -0.067194 -0.0343713
1.63404 -0.114153 -0.0326542
1.6867 -0.0832539 -0.0300123
1.65712 -0.0893078 -0.0306412
1.70968 -0.088419 -0.0302924
1.64986 -0.0685043 -0.0290248
1.63772 -0.0637894 -0.0244407
1.68805 -0.0964279 -0.0205442
1.6736 -0.0158329 -0.0158674
1.67224 -0.0425587 -0.0102262
1.67274 0.0259056 -0.00373593
1.69139 -0.0167141 0.00351652
1.66502 -0.0274258 0.000731794
1.70534 -0.0217991 -0.00305858
1.72215 0.0094986 -0.00984755
1.76104 -0.073061 -0.0137996
1.74051 -0.0396042 -0.01976
1.73037 -0.0549717 -0.0247573
1.74275 -0.068037 -0.0303866
1.79943 -0.0835876 -0.0323824
1.855 -0.0912457 -0.0333485
1.89299 -0.0818062 -0.032577
1.87342 -0.061718 -0.0236005
1.97697 -0.0443697 -0.0227286
1.9523 -0.112122 -0.0229644
1.95664 -0.0635214 -0.025773
2.01581 -0.0788689 -0.027404
2.04432 -0.103415 -0.0263709
2.00709 -0.070919 -0.0231778
2.06187 -0.0481138 -0.0215775
2.05599 -0.081214 -0.0241047
2.09902 -0.0595427 -0.025783
2.12018 -0.036376 -0.0221826
2.0962 -0.0743465 -0.0212638
2.09223 -0.0504789 -0.0230543
2.11551 -0.0773735 -0.0207392
2.10033 -0.0432091 -0.0225727
2.12188 -0.0625734 -0.0222549
2.08955 -0.059124 -0.0208055
2.06916 -0.0691385 -0.0203415
1.96888 -0.052247 -0.0197598
2.05745 -0.0872765 -0.0220191
1.97867 -0.0289927 -0.021279
1.97297 -0.0669861 -0.0215441
1.98562 -0.0456009 -0.0209712
1.97653 -0.0515871 -0.0190288
2.02191 -0.0505991 -0.0163936
2.06049 -0.0646095 -0.0157773
2.06479 -0.0365667 -0.0180654
2.06183 -0.0523481 -0.0147788
2.06935 -0.0435152 -0.0141732
2.07453 -0.0386372 -0.0141532
2.12055 -0.0283985 -0.0133328
2.15125 -0.00754833 -0.0159365
2.11133 -0.0522547 -0.0138582
2.15172 -0.0283766 -0.0163187
2.24035 -0.0515976 -0.0173723
2.15202 -0.0258389 -0.0157985
2.27809 -1.52588e-05 -0.0158929
2.29451 -0.0490913 -0.0151376
2.26406 -0.107409 -0.0152055
2.29241 -0.023777 -0.0141079
2.2557 -0.0583096 -0.0154983
2.34554 -0.060524 -0.016827
2.31857 -0.0638618 -0.0163569
2.3729 -0.0726118 -0.016617
2.37028 -0.0849075 -0.0187494
2.36412 -0.0824671 -0.0180332
2.37012 -0.070467 -0.0207714
2.40244 -0.052465 -0.0212521
2.38105 -0.116518 -0.0221342
2.37794 -0.0621901 -0.0227751
2.3407 -0.0676539 -0.02428
2.35049 -0.107955 -0.0230106
2.32517 -0.0879245 -0.0236711
2.35319 -0.0441136 -0.0228621
2.40612 -0.0622134 -0.0196177
2.39746 -0.0387282 -0.0164301
2.35749 0.0127787 -0.0209989
2.33974 -0.0699729 -0.0197834
2.34581 -0.086665 -0.0200438
2.40293 -0.144355 -0.0197639
2.37668 -0.0639349 -0.024749
2.37554 -0.0781035 -0.0251128
2.35279 -0.0384133 -0.0247192
2.33725 -0.0555265 -0.0258228
2.37274 -0.0597341 -0.0220021
2.34776 -0.115722 -0.0187809
2.34204 -0.104296 -0.020925
2.37938 -0.123658 -0.0211264
2.33364 -0.069953 -0.0233182
2.29084 -0.124895 -0.0235645
2.26672 -0.116529 -0.0255984
2.20732 -0.133864 -0.0218026
2.20669 -0.0686483 -0.0171863
2.23865 -0.0445375 -0.0135049
2.1552 -0.0908566 -0.0105688
2.18923 -0.0314445 -0.00840298
2.09083 -0.0343451 -0.00697199
2.06767 -0.050158 -0.00727788
2.07468 -0.0196624 -0.0028483
2.00879 -0.0441327 0.000133363
2.00078 0.00614476 0.00325998
2.01419 0.0282297 0.00371727
2.02122 0.0410416 0.00651464
2.01392 -0.00562787 0.00916776
1.95509 0.0469649 0.0105713
1.96113 0.0286845 0.0134948
1.97443 0.039982 0.0219279
1.94931 0.0512379 0.0238808
2.00199 0.0827383 0.0287851
1.99562 0.087499 0.033156
1.94689 0.0426669 0.034279
1.99386 0.0988712 0.0348681
1.98481 0.0604129 0.0330845
2.01727 0.0804942 0.032564
1.96337 0.0865917 0.0326315
1.99199 0.0381083 0.0320972
2.00022 0.0746117 0.0340885
1.98397 0.102605 0.0332945
2.02059 0.108025 0.0369719
2.05599 0.043252 0.0365616
2.07101 0.0707803 0.0360719
2.08054 0.082839 0.0328236
2.13492 0.101127 0.0290292
2.12388 0.093349 0.0289286
2.11755 0.107382 0.02787
2.12448 0.0906935 0.0275174
2.13984 0.0391092 0.0260588
2.19886 -0.0402451 0.0133899
2.14976 0.045486 0.0100027
2.13333 0.0914936 0.00694474
2.1122 -0.0129242 0.00739059
2.18676 -0.00334001 0.00714978
2.17727 0.0198113 0.00763354
2.19908 0.0116749 0.00832972
2.19258 0.0513049 0.0072101
2.12259 -0.085055 0.00913796
2.27038 -0.00648069 0.0027667
2.16861 0.0101757 0.00110563
2.16937 0.00337791 0.000217525
2.19105 -0.021977 -0.000305804
2.22021 0.0394871 -0.00203338
2.28297 -0.0489106 8.25802e-05
2.29382 0.00970554 -0.00138608
2.35577 -0.00406778 -0.00233069
2.32066 0.0414019 -0.00219718
2.35187 0.0119474 0.000252096
2.32221 -0.0614408 0.000645725
2.33696 0.0165539 -0.00154725
2.34075 -0.0733528 -0.00106064
2.35821 -0.0272293 -0.00239888
2.49715 -0.0564632 -0.00348917
2.43294 -0.0254908 -0.00248113
2.39566 -0.00634098 -0.00677124
2.40318 -0.0753517 -0.00753728
2.43756 -0.0963159 -0.00496832
2.41695 -0.0544405 -0.0046207
2.45102 -0.0575707 -0.00440851
2.42252 -0.0465142 -0.00489536
2.4846 -0.0095406 -0.0034658
2.41019 -0.0949004 -0.00297013
2.43022 0.0524487 -0.00483051
2.49577 -0.0114331 -0.0039641
2.36112 0.00880003 -0.00283781
2.38928 0.0197573 -0.000218304
2.38039 0.00988626 0.00108442
2.45099 -0.0128889 0.00412711
2.41623 -0.00169992 0.00304088
2.37593 0.0261374 0.00476798
2.37026 0.0109491 0.00439057
2.32021 0.0238914 0.00209698
2.37908 -0.030427 0.00406775
2.33754 -0.00210953 0.00551638
2.30766 0.00327206 0.00386342
2.2518 -0.025939 0.00406155
2.24911 0.0220604 0.00311145
2.01883 0.0047102 0.00324353
2.08932 -0.0136728 0.00467738
2.03055 0.0157223 0.00250777
2.06043 -0.022933 0.00240978
1.98855 -0.0161219 0.000652162
1.96637 -0.0403099 0.000691978
1.89607 -0.0136514 -0.000146063
1.82004 -0.0166311 0.000506965
1.78758 0.00350285 0.000947324
1.66617 -0.0379953 -0.000363501
1.5108 0.00168705 -0.00301424
1.50774 -0.0769424 -0.00871387
1.48323 -0.0147648 -0.0151569
1.41478 -0.0703993 -0.0243832
1.3928 -0.0801554 -0.0354377
1.3795 -0.0976238 -0.0442566
1.32135 -0.109984 -0.0493554
1.25614 -0.0828056 -0.0534939
1.22566 -0.131674 -0.0613636
1.16398 -0.109516 -0.0650746
1.16652 -0.18784 -0.0756012
1.11098 -0.223208 -0.0820056
1.06301 -0.177144 -0.0850839
1.0709 -0.166928 -0.0845107
1.03408 -0.158442 -0.0867309
1.04648 -0.169211 -0.0883929
1.07079 -0.147841 -0.0899111
1.10305 -0.215052 -0.0912894
1.05891 -0.194087 -0.082873
1.12895 -0.144883 -0.0728559
1.11563 -0.192202 -0.0634893
1.24088 -0.169708 -0.0531801
1.27684 -0.112109 -0.0451705
1.27761 -0.123094 -0.0316292
1.39179 -0.0922318 -0.0265323
1.42516 -0.0551925 -0.0269317
1.45942 -0.0604906 -0.0233158
1.53002 -0.0603962 -0.0225839
1.55501 -0.0920362 -0.0161425
1.62161 -0.0557494 -0.0111987
1.65595 -0.0347128 -0.00873462
1.72676 -0.0236471 -0.00757328
1.72247 -0.0381298 -0.00772515
1.78894 -0.00672817 -0.00746957
1.78123 -0.00850487 -0.00290767
1.84548 -0.0128164 -0.00150839
1.84361 -0.00362206 -0.00305978
1.95988 0.00338316 -0.00154725
1.97289 0.000938416 -0.000739964
2.04883 -0.049336 -0.000334414
2.06945 -0.00824451 -0.00236789
2.07708 -0.0336156 -0.00222984
2.09706 -0.0503869 -0.00209895
2.21006 -0.000533104 -0.00139848
2.22618 -0.0618906 -0.00272194
2.21843 -0.00102949 -0.000539931
2.32064 -0.033412 0.000403253
2.33089 -0.0158043 0.00111207
2.40861 -0.0267057 0.000532238
2.37842 -0.0153112 0.00180587
2.42593 -0.024457 0.000167219
2.54698 -0.0260506 -0.00250045
2.3445 0.0189915 0.000139562
2.48293 0.0186672 0.00297937
2.52925 -0.032959 0.000352232
2.5571 0.045414 4.30028e-05
2.54447 0.00194168 -0.00292126
2.57269 -0.0112514 -0.00477448
2.5666 -0.00609589 -0.00689212
2.53419 -0.07798 -0.010956
2.61383 -0.132591 -0.00639549
2.60773 -0.0250263 -0.00801531
2.65393 -0.034224 -0.00186816
2.6081 -0.0662947 -0.0102152
2.6755 -0.0566249 -0.00894204
2.62433 -0.0397096 -0.00975147
2.64086 -0.0390997 -0.012622
2.65978 -0.0450974 -0.00915447
2.52264 -0.0344553 -0.0140883
2.59393 -0.0287476 -0.0121335
2.51559 -0.013442 -0.0119881
2.55067 -0.0806179 -0.0123958
2.55408 -0.0853548 -0.00986853
2.51269 -0.0522633 -0.0120839
2.68083 -0.0698328 -0.0125326
2.59711 -0.083313 -0.0109378
2.65409 -0.0296745 -0.010616
2.62552 -0.00883293 -0.0104484
2.60929 -0.0203447 -0.00920716
2.74261 0.00370789 -0.00881854
2.66401 -0.039649 -0.0126683
2.67663 -0.026969 -0.0098106
2.69755 -0.00658989 -0.010595
2.72256 -0.00450516 -0.0106763
2.68712 -0.0782013 -0.00905338
2.72388 0.0023613 -0.00785843
2.64907 -0.0350494 -0.00892225
2.6541 -0.0115957 -0.00774971
2.72927 -0.00687361 -0.00810877
2.75255 0.0140615 -0.00831524
2.74471 -0.0455194 -0.00634828
2.74473 -0.0753851 -0.0101446
2.7684 -0.00200367 -0.00976125
2.76003 -0.0524869 -0.0125777
2.75318 -0.0829868 -0.011006
2.74425 -0.0215049 -0.00935522
2.75841 -0.0768203 -0.00967542
2.7922 -0.0456753 -0.00639907
2.77184 -0.00317001 -0.004486
2.83212 -0.0368455 -0.00444332
2.8171 0.00918436 -0.000953348
2.82636 0.0298504 0.00257596
2.79622 -0.0339938 2.44061e-05
2.82968 -0.0252983 -0.00110713
2.68191 -0.0648198 0.00149593
2.66053 0.00518632 -0.00279466
2.67765 -0.0690328 -0.0013167
2.65895 -0.0529399 -0.00117484
2.76472 -0.051795 0.000275699
2.74646 -0.07655 0.0048581
2.69556 -0.0856073 0.000993578
2.66692 -0.00034523 0.00341782
2.6945 -0.0182281 0.00522074
2.66881 0.0505486 0.00107226
2.6271 -0.0475995 0.00332054
2.68917 -0.0306838 0.00125894
2.67643 -0.0316269 0.00399527
2.71878 -0.0203056 0.000796644
2.66023 -0.0797526 -0.00037876
2.7806 0.0133219 0.00259313
2.60904 0.0111554 -0.00368825
2.6581 0.0357847 -0.002911
2.74277 -0.0231485 -0.00653306
2.62975 -0.00090456 -0.00860539
2.66648 -0.0345716 -0.00597421
2.6752 0.00503731 -0.0103246
2.66342 -0.0369692 -0.00849739
2.63467 0.00549507 -0.0105626
2.71132 -0.164371 -0.0116381
2.72255 -0.0375423 -0.0113181
2.61881 -0.0850086 -0.00717774
2.58478 -0.0433865 -0.0042347
2.53107 -0.0250397 -0.00815287
2.57367 0.00471306 -0.00762811
2.51742 -0.0488968 -0.00377432
2.51984 -0.0150547 -0.00534621
2.60493 0.0767956 -0.00221101
2.52836 0.0143642 -0.00625387
2.51922 -0.0141182 -0.00769416
2.58913 0.0351315 -0.00293294
2.56424 -0.0484734 -0.00986472
2.53851 0.000606537 -0.00930086
2.53785 -0.010107 -0.0106248
2.61359 -0.0602808 -0.00801817
2.60207 -0.0410986 -0.00931183
2.57102 -0.0790319 -0.00732199
2.56235 -0.0496969 -0.00688735
2.60629 -0.0524998 -0.00414506
2.61433 -0.110421 0.00445494
2.65995 0.0371275 0.00546703
2.66147 0.0267878 0.00648197
2.68416 0.00113201 0.0124856
2.77848 -0.0249186 0.0101419
2.71723 -0.0326185 0.0116652
2.70775 0.00621223 0.0129782
2.70762 0.0970917 0.0124596
2.75252 0.0240335 0.0120934
2.80251 0.0448236 0.0156597
2.81027 0.00598812 0.0145229
2.84881 0.0567846 0.0130249
2.83606 0.0507407 0.0167693
2.81671 0.0981393 0.0184549
2.8651 0.0346556 0.0114926
2.8769 0.00519657 0.0136536
2.8442 0.0260429 0.0141157
2.88428 0.0754442 0.0108579
2.83907 0.0538168 0.00656065
2.78171 0.0109358 0.00492963
2.89987 0.0323038 0.00523647
2.88629 0.00972462 0.000775901
2.9167 -0.00711536 0.0036014
2.90723 -0.0187092 0.00270447
2.96111 0.0309734 0.00319204
2.93099 0.0112 0.00316366
2.93669 0.0330162 -0.000843676
3.00192 0.080986 -0.000919255
2.98633 0.00707626 0.00204167
3.04148 -0.00139618 0.00422749
3.04681 0.0696602 0.000880329
3.0822 0.00411415 0.0024887
3.09099 0.00066185 0.000813333
3.04196 0.0604057 0.000908224
2.87596 -0.0362377 0.00606641
3.05111 -0.00172901 0.00179776
3.00582 0.00473595 0.0022138
3.03043 -0.0258064 0.00268301
3.02654 0.0317144 -0.000392588
3.06336 -0.0236568 0.00433311
2.992 0.00461292 0.00464043
3.01313 0.00607967 0.00488791
3.04126 0.0549355 0.00353679
3.04132 -0.0179167 0.00345668
3.02883 0.0498972 -0.000727566
3.09836 -0.0265932 0.00275621
3.00915 -0.0185375 0.00171622
2.94843 -0.0748754 0.00457582
2.97931 0.00113487 -0.000979098
2.92645 0.000421524 -0.00125399
3.01477 -0.0680652 -0.00408283
2.87587 0.00394535 -0.00309459
2.78624 -0.103735 -0.00338498
2.92956 -0.0904716 -0.00548974
2.84311 -0.138078 0.00121555
2.82331 0.0603807 0.000228492
2.79482 0.000672817 0.00290975
2.79137 -0.00530344 0.0055922
2.83029 0.0450524 0.00657973
2.89389 -0.0368373 0.00522384
2.85625 0.0314174 0.00413832
2.8245 0.0158749 0.0053781
2.78518 -0.0145125 0.00522789
2.75972 -0.00242615 0.00281581
2.71648 -0.013721 0.00242552
2.618 -0.0317776 0.00394139
2.65212 -0.0891147 0.00218615
2.65016 -0.0498219 0.00181111
2.57544 0.0138216 -0.00272957
2.53167 0.0104976 -0.00600425
2.53754 -0.0485253 -0.00802556
2.53979 -0.156251 -0.0115995
2.50682 -0.13768 -0.0112976
2.42559 -0.0786216 -0.0125925
2.4302 -0.0949497 -0.00965396
2.37398 -0.105124 -0.00309769
2.35591 -0.0332468 0.000960199
2.30997 0.0308814 0.00347456
2.32193 0.021248 0.00289807
2.21572 0.0461382 0.00695738
2.19481 -0.0213883 0.0024167
2.19018 0.0134726 0.00450525
2.21453 0.0127746 0.00508794
2.08342 -0.000513434 0.00345143
2.13678 -0.0693996 0.00436458
2.03362 0.0321083 0.00480708
1.981 -0.0108504 0.00112995
1.88109 -0.0189173 2.72671e-05
1.76039 -0.0219114 -0.00237099
1.74738 -0.0798473 -0.00893417
1.66529 -0.0633287 -0.0152542
1.56859 -0.0440712 -0.029493
1.59718 -0.185847 -0.0422355
1.52337 -0.276907 -0.0579003
1.46638 -0.162278 -0.070383
1.47175 -0.221178 -0.0739118
1.49961 -0.0793676 -0.074752
1.45662 -0.201206 -0.0762652
1.48818 -0.0992512 -0.0731672
1.41493 -0.140658 -0.065144
1.38808 -0.143602 -0.065247
1.42865 -0.165114 -0.0615832
1.40386 -0.0862122 -0.0517303
1.36226 -0.180754 -0.0464045
1.36263 -0.120026 -0.0384585
1.37328 -0.0803299 -0.0326501
1.44907 -0.0764809 -0.023519
1.46874 -0.0676584 -0.024912
1.48237 -0.0802803 -0.0222751
1.47763 -0.0681331 -0.0194661
1.43858 -0.0242299 -0.0185618
1.56322 -0.0604777 -0.00856009
1.51177 -0.0773191 -0.0075573
1.55792 -0.000139236 -0.00815335
1.59094 -0.0755081 -0.00449506
1.63498 -0.0532303 -0.00590268
1.58071 -0.0678997 -0.00301948
1.70668 -0.0622311 -0.00389782
1.65958 -0.0363464 -0.0121581
1.66727 -0.0506992 -0.00814572
1.68402 -0.0216064 -0.00811187
1.66557 -0.124184 -0.00903264
1.73754 -0.0326138 -0.00207845
1.67695 -0.00842285 -0.00255338
1.76374 -0.0727615 -0.00182048
1.78261 -0.0323296 -0.000822218
1.83174 -0.0201759 0.00113663
1.8057 -0.0502491 0.00293025
1.79251 0.0192022 0.00193319
1.8316 -0.0229568 0.00263724
1.94339 -0.0131817 -0.000451477
1.87945 -0.0212522 0.000668375
1.89048 -0.0391811 0.000501959
1.92843 -0.0161133 -0.000805291
1.95542 0.00859404 -0.000955017
1.96391 -0.0117953 -0.000121506
1.96021 -0.0141368 -0.001326
1.96389 -0.0214459 -0.000457438
1.96214 -0.0228578 -5.37952e-05
2.00953 -0.0199373 0.00108728
2.02496 0.0127578 0.000446884
2.0152 -0.0128102 0.00356993
2.05667 0.0146425 0.00353345
2.02694 0.066462 0.00229248
2.09122 0.0148907 0.00317439
2.06673 -0.01616 0.000420896
2.1085 -0.071516 -0.000340374
2.12578 -0.0311756 0.000665514
2.10228 -0.0183682 -7.66834e-05
2.14083 0.0125084 -0.00184217
2.12582 -0.00195909 -0.00112906
2.11995 0.0547485 0.00176033
2.14566 0.0205736 -0.00128165
2.20172 0.121428 0.000957815
2.1791 0.0117154 -7.4776e-05
2.18637 0.0275145 0.00258693
2.20703 -0.0811911 -0.00010124
2.16466 0.00310612 0.00352534
2.16155 -0.0339184 0.00033888
2.20133 0.00316906 0.0032011
2.15266 -0.0351419 0.000509111
2.09829 -0.0182962 0.00464639
2.09688 -0.0651951 0.00353965
2.10724 -0.0332651 0.00317511
2.11984 -0.00449371 0.00164684
2.08485 0.0125036 0.00522956
2.01265 0.00261402 0.00115165
2.0907 0.0355096 -0.000723513
2.03543 0.0021348 0.00226173
2.01962 -0.0122094 -0.00210563
1.92149 0.00504065 -0.00331012
1.87386 -0.0363588 -0.00796381
1.8687 -0.0469742 -0.0123099
1.79845 -0.0658631 -0.0272926
1.73081 -0.0479631 -0.0293323
1.72173 -0.0644345 -0.0365581
1.71796 -0.121665 -0.0416981
1.61566 -0.109844 -0.0456297
1.56848 -0.0993757 -0.0525586
1.52238 -0.156989 -0.0550734
1.47059 -0.161729 -0.0553712
1.43791 -0.143795 -0.0632185
1.41371 -0.156252 -0.0674533
1.37712 -0.190926 -0.0675866
1.4191 -0.195281 -0.0688752
1.32202 -0.168927 -0.0735539
1.4039 -0.162757 -0.0717341
1.34561 -0.204443 -0.0739776
1.33306 -0.203368 -0.0708667
1.35533 -0.199659 -0.0714771
1.3974 -0.175847 -0.0647167
1.40318 -0.130815 -0.0590004
1.42243 -0.133578 -0.0522579
1.47915 -0.145192 -0.0429968
1.51984 -0.0832787 -0.0424131
1.5997 -0.0804672 -0.0387413
1.60006 -0.10063 -0.0362245
1.66178 -0.131764 -0.0344464
1.63098 -0.000166655 -0.0323912
1.70009 -0.106033 -0.0249166
1.71026 -0.058285 -0.0252768
1.76671 -0.0766191 -0.0216493
1.81274 -0.0766449 -0.0180861
1.86757 -0.0363603 -0.0141632
1.90484 -0.0188789 -0.0116612
1.82678 -0.0465955 -0.00926534
1.90945 0.00479519 -0.00423709
1.96225 0.0135552 -0.00302354
1.98049 -0.0497627 -0.000699433
1.93549 0.0353545 -0.00171915
2.00333 -0.00246394 -0.00564733
2.06857 -0.0401974 -0.00480429
2.07574 -0.00244474 -0.00617424
2.19535 0.00614238 -0.00357595
2.19006 -0.0109415 0.00133762
2.20371 0.0114193 0.000274984
2.22736 -0.0263443 0.000942794
2.25114 0.0118936 0.00181326
2.24629 -0.00771669 0.00229177
2.34961 -0.0575305 -0.000939997
2.3509 -0.0465782 -0.000439318
2.3274 0.0167398 0.000979273
2.32365 -0.0231032 0.000774471
2.29334 -0.00376964 0.00114903
2.34184 -0.00692558 0.000354854
2.32275 0.00266075 -0.000525387
2.32971 -0.0223608 0.000327436
2.30854 -0.0104423 0.000912038
2.31011 -0.0239525 -0.000471266
2.23764 -0.0461407 -0.00165597
2.24176 -0.029418 -0.00179735
2.18927 -0.00585747 -0.00289694
2.16875 0.0121756 -0.00235954
2.1131 -0.0197639 -0.00178805
2.16158 -0.0389886 0.00158796
2.07947 0.0103178 0.00166759
2.1125 -0.0288672 0.0010682
2.08969 -0.00280213 0.00193032
2.02041 -0.00713491 0.0028387
1.98077 -0.00378889 0.00201234
2.0482 -0.0241523 -0.000126274
1.98083 -0.0198877 0.00401863
1.98404 -0.0187032 0.00099477
1.9539 -0.00706232 0.000886051
1.94536 -0.0125716 0.00187477
2.03478 0.0525167 0.00301823
1.93354 -0.0235066 0.00206956
1.93217 0.00789022 0.00156936
2.01714 0.0146742 0.00241551
2.04817 -0.0333166 0.00144967
1.93704 -0.00727081 0.00213274
2.04506 0.0115156 0.00141629
1.96074 -0.0185127 0.00121602
1.98515 0.0623827 -0.00108186
1.96016 0.0126266 0.00166091
1.95473 -0.0096693 0.00100598
2.03885 0.0289474 0.00202784
2.05716 -0.0502212 0.00100359
2.05857 0.0219903 0.00200209
2.11988 -0.0426524 -0.00268951
2.09548 0.0412861 -0.000492962
2.13621 -0.0358897 -0.0036656
2.12396 -0.0798767 -0.00147787
2.14779 -0.0156403 -0.00259248
2.15671 0.021346 -0.00257579
2.22012 -0.0174084 -0.000459822
2.21165 0.0379305 -0.0010685
2.12745 0.0188112 0.00277075
2.16676 -0.0467372 -0.00173393
2.27736 -0.0281591 0.00127896
2.27682 -0.0228262 0.00222501
2.3167 -0.0264912 0.0012432
2.29909 -0.0248232 0.00110754
2.30863 -0.0540671 0.00039014
2.32084 -0.0096221 0.00113591
2.34286 -0.0153899 -0.0013291
2.31566 -0.0553441 -0.000631007
2.23318 -0.0332713 -0.00230399
2.22548 -0.0279572 -0.00168506
2.18533 -0.0652865 -0.00152031
2.12902 -0.0508635 -0.000774535
2.16102 -0.026058 -0.000188025
2.14488 -0.0811672 0.000123588
2.11248 -0.0171396 -0.00371686
2.02759 -0.0400075 -0.00479117
2.07808 -0.0301862 -0.00432292
2.03843 -0.0571051 -0.00909534
1.93382 -0.0466876 -0.00864688
1.94308 -0.076889 -0.00915972
1.93033 -0.0683317 -0.00843397
1.87242 -0.0270958 -0.00912562
1.83861 -0.0692406 -0.00784603
1.83469 -0.0106786 0.00179252
1.70677 -0.058358 0.00331268
1.71283 -0.00239658 0.00261459
1.63268 -0.00944614 0.00481638
1.63163 0.0190821 0.00459394
1.51475 -0.00239038 0.00499901
1.5213 -0.0136631 0.00531539
1.48902 -0.00985098 0.00653896
1.50924 -0.0424142 0.00873765
1.41065 -0.0074358 0.00339326
1.29694 -0.0314734 0.000574676
1.30565 -0.0329041 -0.00328675
1.22109 -0.00302505 -0.00662151
1.21458 -1.78814e-05 -0.0124315
1.19293 -0.105381 -0.0229272
1.12168 -0.0720909 -0.0303322
1.08211 -0.0815859 -0.0405909
1.04113 -0.111731 -0.0510191
1.03474 -0.0899091 -0.0524885
1.05091 -0.116999 -0.0563115
0.96094 -0.135091 -0.0588934
0.993096 -0.153546 -0.0627483
0.946574 -0.161115 -0.0665587
0.962805 -0.124718 -0.0678979
0.980635 -0.174008 -0.0696713
0.980707 -0.14112 -0.0704488
1.00106 -0.120793 -0.0740632
1.02559 -0.156327 -0.0740139
1.06407 -0.168189 -0.0756928
1.04956 -0.156566 -0.0777752
1.08339 -0.166286 -0.0746664
1.15501 -0.15981 -0.0704493
1.23631 -0.156271 -0.0660202
1.25664 -0.15885 -0.0657591
1.31554 -0.144299 -0.0613262
1.41149 -0.0904371 -0.0544769
1.38362 -0.153711 -0.0441047
1.4369 -0.12491 -0.0341663
1.54177 -0.0951059 -0.0213253
1.57492 -0.0649077 -0.0132224
1.57644 -0.0472004 -0.0100845
1.62297 -0.0300903 -0.00804582
1.67734 -0.0460439 -0.00344053
1.7808 -0.0223374 0.00127277
1.78632 -0.00859737 0.00305208
1.85803 -0.00365162 0.00267586
1.87118 0.00555182 0.00329527
1.92948 -0.0218897 0.00416526
1.98748 -0.0117722 0.0035735
2.00552 0.0203543 0.00150069
1.99346 0.00780869 0.00158104
2.0464 -0.0185118 0.00122842
2.11952 -0.0410423 0.00157818
2.1827 -0.0348387 0.00201615
2.16321 -0.00599575 0.000763981
2.16768 -0.00710583 0.00123033
2.21006 -0.0266399 -0.000949295
2.20688 -0.00742817 -0.000653179
2.28763 -0.0248461 -0.00225249
2.21058 0.0344057 -6.21398e-05
2.15276 -0.0338154 -0.00036207
2.17435 -0.00836945 0.0033091
2.19396 0.0139661 -0.000728758
2.2706 -0.0282714 0.00429067
2.29686 -0.0599985 -0.00134006
2.25559 0.0072695 -0.00209227
2.31166 -0.0447505 0.000160305
2.23667 -0.0757854 -0.00119034
2.32032 0.000561714 -0.00188866
2.3159 -0.0640717 0.000722496
2.36627 -0.0744667 0.000332443
2.38507 -0.0345688 -0.00110761
2.35873 -0.0414066 0.00228414
2.35743 -0.044651 0.00274262
2.38119 -0.0522544 0.00149402
2.43454 0.00118399 0.00157961
2.41918 0.023628 0.00383577
2.48158 -0.073581 0.00392827
2.50624 -0.0429457 0.00195226
2.47901 0.00832105 0.00239429
2.48227 -0.0084672 0.00280103
2.55243 -0.0170463 0.000520555
2.50375 -0.0207902 0.00235399
2.56421 -0.00372577 -0.000455292
2.52868 -0.00635004 0.00325045
2.5534 -0.031538 0.000648586
2.5106 -0.0328473 -0.00137845
2.50011 -0.0365227 -0.00136724
2.46365 -0.0420126 0.00141486
2.39749 -0.0426811 0.00109181
2.44147 -0.00910282 -0.000152739
2.41628 -0.0534539 -0.000333699
2.36782 -0.00208616 0.00118789
2.34474 -0.050041 0.00167569
2.34447 -0.0114033 0.00267896
2.31856 -0.0495116 0.000967828
2.33662 -0.0402727 6.01689e-05
2.29778 -0.0537432 0.000890342
2.3032 0.00301969 -0.00179449
2.26393 -0.0165739 -0.00259629
2.22501 -0.0409288 -0.00322548
2.25608 -0.00726247 -0.00205365
2.21164 -0.0171418 -0.00224772
2.13336 0.0128355 0.0023621
2.17828 -0.0267986 0.00106796
2.13512 0.0136514 0.00153789
2.12945 -0.0332963 0.00120792
2.0886 -0.0326686 0.0037516
2.08967 -0.0313783 0.00186309
2.13312 -0.0292568 0.00204763
2.12122 -0.00129604 0.00232681
2.07057 -0.0178416 0.00301847
2.1263 -0.0669307 0.00506481
2.14222 -0.0838884 0.00631127
2.05361 0.0172782 0.00205144
2.13543 -0.00184822 0.00155076
2.10158 -0.0111628 -0.00271741
2.00229 -0.0905147 -0.00171653
2.10712 -0.0537081 -0.00264183
2.0598 -0.0357914 -0.00223199
2.15948 -0.0191765 0.000931827
2.07013 0.0031147 -0.000955017
2.13241 -0.0266063 0.00197276
2.15059 -0.0066216 0.00029525
2.08212 0.0195289 0.000674097
2.10427 -0.0456113 -0.000626477
2.05385 -0.0580465 -0.000983389
2.0987 -0.0125034 -0.00024
2.02548 -0.0816474 -0.00136605
2.06505 -0.0157785 -0.00138918
2.01908 -0.019619 0.00266585
2.04138 0.0120049 -2.51849e-05
2.08751 -0.023057 0.00123486
2.00976 0.0116506 0.00268945
1.95363 -0.0437694 0.00295695
1.96547 0.0213618 0.00108203
1.89311 0.00218105 0.000894872
1.92486 -0.0115089 0.00107488
1.81247 0.0305271 0.00241002
1.88799 0.0244646 0.00271091
1.90543 0.0246315 -0.00161806
1.81966 -0.105636 0.00148567
1.77641 -0.0326242 0.00268563
1.89707 0.0229254 0.00308665
1.76462 -0.045872 0.00075206
1.80271 -0.020957 0.000193445
1.7294 -0.0725685 0.00254378
1.71964 0.0277762 0.00218352
1.74292 -0.0460638 0.00127277
1.68465 0.0317869 0.00177225
1.6375 0.0039258 0.000475732
1.55958 -0.02039 0.000860778
1.52425 -0.0269074 0.00318011
1.37759 0.01825 0.00127062
1.37035 -0.061296 -0.00100103
1.25801 0.00104165 -0.00185266
1.15043 0.0051434 0.00144157
1.12746 -0.0130391 -0.00112835
1.09242 -0.0231608 -0.00135175
0.976562 0.0215039 -0.000144871
0.944598 -0.0319588 0.00139913
0.839886 0.0215573 -0.00157443
0.72996 -0.0376608 -0.00272146
0.767259 0.00999093 3.15587e-05
0.794869 -0.0509462 -0.00106135
0.775976 -0.0434957 -0.00175277
0.760526 0.00644064 -0.00117293
0.781996 0.0455489 0.00150355
0.777378 -0.0195498 -0.000764998
0.724354 -0.015017 -0.00120107
0.819455 0.00896597 -0.00133673
0.836723 -0.0178089 -0.00138083
0.829485 -0.00442219 -0.00234476
0.842441 0.0477304 0.000942794
0.848629 -0.00246191 0.000448076
0.849998 0.00198796 -0.00305787
0.908387 -0.00637162 -0.00373998
0.896584 -0.0244209 -0.00733629
0.980177 -0.0118445 -0.00927797
0.962004 -0.0092783 -0.00977865
0.988241 0.00523129 -0.00739017
1.00362 -0.0234925 -0.00382892
1.03791 0.0152736 -0.00340834
1.12894 -0.0369053 0.00209674
1.17478 0.0299935 0.00176796
1.21351 -0.0204213 0.00356635
1.21879 0.0155427 0.00110706
1.23428 0.0235008 0.00485548
1.23132 -0.00900483 0.00948748
1.27456 0.000564396 0.0126596
1.31167 -0.00365359 0.0162064
1.23357 0.0493786 0.0187827
1.24407 0.0255017 0.0223168
1.21111 0.0630722 0.0264486
1.17647 0.0835547 0.0337833
1.18619 0.082118 0.0439442
1.18971 0.118138 0.0496498
1.16841 0.111339 0.0552941
1.11617 0.136876 0.0564819
1.13281 0.103161 0.0606173
1.10949 0.127082 0.0610863
1.12421 0.119864 0.0633713
1.13393 0.126814 0.0637656
1.11448 0.0689564 0.063136
1.11489 0.117841 0.0641385
1.08126 0.133293 0.057756
1.07327 0.100999 0.0564192
1.10998 0.049613 0.0526651
1.15054 0.0749369 0.0440293
1.1495 0.0927315 0.0420831
1.16161 0.0865765 0.0395571
1.24788 0.0370779 0.0377255
1.20301 0.0414648 0.030625
1.25846 0.0562601 0.0188304
1.32714 -0.00940132 0.0166357
1.33934 -0.0192099 0.0102268
1.40483 -0.0909195 0.000185339
1.3031 -0.0458164 -0.00647703
1.48236 -0.0707998 -0.00404206
1.53512 -0.0189877 -0.00493589
1.49863 -0.0626383 -0.00577894
1.53847 -0.0927753 -0.000555666
1.61284 0.00560665 0.00241074
1.66649 -0.0234852 0.00112089
1.70606 -0.0368023 0.00363073
1.67834 -0.0256701 -0.00185457
1.75237 -0.00396729 0.00223478
1.7893 -0.0677061 -0.00154057
1.79214 0.00184155 0.00175723
1.88715 0.0184717 0.00120339
1.87753 0.0561714 -0.00275555
1.94416 0.0184736 -0.000446947
2.06096 0.0753117 0.00257811
2.03219 0.0523796 0.00132665
2.03152 -0.0495815 -0.000885638
2.11629 -0.0157757 0.00159368
2.0742 -0.0472507 -0.000260981
2.16879 -0.0342102 0.000171987
2.20101 0.0134087 0.00203046
2.21477 -0.0695786 -0.00101009
2.18336 -0.00453568 -0.00212327
2.30443 -0.0816593 0.000278083
2.3127 -0.037292 0.000357715
2.35672 -0.0755863 0.000324337
2.33022 -0.0193515 -0.00206605
2.47485 -0.0598698 0.000536052
2.42074 -0.00661707 0.0012699
2.51461 -0.0234361 -0.00370303
2.44257 -0.0674691 -0.00165144
2.51506 -0.0245457 -0.00158611
2.63334 0.00651121 -0.00216046
2.59495 -0.021831 -0.000888022
2.58073 -0.0480266 0.000690071
2.62711 -0.0451522 0.00439796
2.62491 -0.0502748 0.0035623
2.65354 0.0190334 0.003275
2.63824 -0.0743399 -0.000171097
2.59003 -0.0463386 0.00186929
2.65669 -0.0822353 0.00238141
2.61714 -0.0248346 0.00337276
2.57837 -0.0340614 0.00481233
2.78495 -0.00909042 0.0148245
2.63146 -0.0326281 0.011803
2.69749 -0.0450182 0.0201908
2.68885 0.00739479 0.0183333
2.75439 0.0509148 0.0142232
2.73305 0.0619888 0.0147987
2.74902 0.0422716 0.0174397
2.70166 0.060813 0.012118
2.84943 0.0250082 0.0160097
2.73416 0.031496 0.016719
2.72955 -0.0591393 0.0155826
2.68658 0.0317879 0.0144273
2.78152 -0.0109463 0.0147539
2.68418 0.0601711 0.0111538
2.66468 0.0338745 0.0100501
2.70014 0.0459604 0.0134853
2.73405 0.0557003 0.0146767
2.73417 0.00146484 0.0135837
2.72438 0.0118608 0.0143441
2.72162 -0.0158482 0.0128041
2.77842 0.0463715 0.0153147
2.78824 0.0136185 0.010532
2.87017 -0.0285492 0.0181564
2.80814 0.019371 0.0081304
2.75167 -0.0389957 0.0105277
2.78803 0.018568 0.0126394
2.76862 0.0103283 0.00758132
2.85962 0.0554581 0.0121115
2.81517 -0.0199213 0.00664505
2.89292 -0.0142002 0.00579795
2.78057 0.00664997 0.00242433
2.94178 0.0492277 -0.000150355
2.77703 -0.0277786 0.00536474
2.8355 -0.0502949 0.005622
2.83118 -0.0489388 0.00558385
2.76998 -0.052639 0.00688442
2.84694 -0.00901031 0.0036672
2.65342 -0.0665703 0.00474605
2.65742 -0.059721 0.00034651
2.65604 -0.0301075 -0.000333937
2.66585 -0.0491009 0.00147351
2.59267 -0.0373955 0.000577299
2.62989 -0.0468102 -0.000653418
2.67402 -0.0812206 -0.000845106
2.55462 -0.0527325 -0.0021464
2.46406 -0.0533676 0.000189392
2.38135 -0.0159569 0.00134572
2.35761 -0.0600882 0.000570623
2.1738 -0.0313883 0.000544397
2.15162 -0.00195789 -0.000616701
2.16304 -0.0284004 -0.000696095
2.05938 -0.018919 -0.00124088
2.06124 -0.0342703 -0.00115004
1.87356 -0.0217924 -0.00299254
1.96609 -0.0303364 -0.00243917
1.88092 -0.0198517 -0.00330344
1.78077 -0.00591755 -0.000323447
1.6978 -0.0480394 -0.000250252
1.60624 -0.0992641 0.00018963
1.61006 0.0272579 0.00166115
1.54751 -0.0392456 0.00321945
1.486 0.0161381 0.00311717
1.33102 -0.00960159 0.00820383
1.34209 0.0277596 0.0104359
1.29053 -0.00485039 0.011154
1.31026 0.0349255 0.017829
1.28526 0.00180244 0.0244432
1.25068 0.0420036 0.0270058
1.27602 0.0440369 0.0286754
1.2573 0.039402 0.0293086
1.31586 0.06003 0.0322455
1.26266 0.0620003 0.0448213
1.22759 0.142488 0.0550373
1.25368 0.154267 0.0647839
1.33697 0.0826626 0.0709647
1.34621 0.128798 0.0712906
1.21502 0.179489 0.0686019
1.30006 0.123128 0.073103
1.2732 0.170287 0.0739892
1.23293 0.1558 0.0845681
1.25876 0.188803 0.0940567
1.2358 0.207684 0.102406
1.29546 0.151667 0.106882
1.32893 0.248006 0.104828
1.30774 0.243144 0.105078
1.39084 0.168702 0.0980373
1.39076 0.118513 0.0761136
1.4861 0.0485024 0.0524836
1.38624 0.0360528 0.0361656
1.44471 0.0463585 0.0237654
1.49066 0.0416186 0.0155939
1.50221 0.0165575 0.0127159
1.55085 -0.0117522 0.0113133
1.61774 0.0517471 0.0121368
1.58453 0.0187943 0.0090135
1.66161 -0.0133765 0.00963697
1.6512 0.00101805 0.00237974
1.68583 -0.0294126 -0.000368746
1.75993 -0.0237226 -0.00481382
1.77517 -0.051737 -0.00397387
1.7769 -0.0513198 -0.00448767
1.84892 -0.0320493 -0.00607625
1.80686 -0.0387253 -0.00197116
1.91866 -0.021431 -0.000999602
1.90477 -0.0143832 0.00150642
1.98612 -0.00831175 -0.000579985
1.99259 -0.0101898 0.00296101
2.02633 -0.0341333 0.00265369
2.01388 -0.0431176 0.00285467
2.07688 -0.0254848 0.000307886
2.08667 -0.0272112 -0.00245992
2.15348 -0.0239456 -0.00581947
2.22768 -0.0494328 -0.0052177
2.24818 -0.0290046 -0.0016965
2.30882 -0.019002 -0.00114122
2.29386 -0.0149841 -0.000977429
2.29717 -0.0448189 -0.000377091
2.30268 -0.0555227 -9.528e-05
2.24921 -0.0403061 0.0020388
2.33142 -0.0612738 0.000982372
2.35455 -0.0460532 -0.00322476
2.30148 -0.0703582 -0.00356141
2.40568 -0.0553677 -0.00586024
2.3348 -0.0268966 -0.00372449
2.32441 -0.0156293 -0.00400248
2.36802 -0.0256472 -0.00332037
2.35004 -0.0286732 0.00235709
2.40547 -0.0435457 0.00377187
2.3415 -0.00809765 0.00273046
2.39551 -0.0218401 0.00189218
2.346 -0.0523739 0.00215491
2.41984 -0.00588799 0.000200121
2.45126 -0.0525055 0.000527469
2.4594 -0.0321522 0.00107464
2.45876 -0.0367355 0.00068721
2.41916 -0.0191002 -0.000105055
2.48661 -0.087183 -0.00310222
2.41999 -0.0478792 -0.00415936
2.44256 -0.0410838 -0.00241414
2.36082 0.0464945 -0.00279394
2.37168 -0.0747221 -0.00202814
2.41482 -0.0842199 -0.000469359
2.34026 0.00177956 0.000445453
2.32845 -0.0732203 -0.000582369
2.37297 -0.0410519 -0.0048925
2.26465 0.0446157 -0.00371853
2.13189 -0.00740147 -0.00361768
2.04039 0.0104198 -0.00264946
2.01659 -0.00797081 -0.00372353
1.94534 -0.0330219 -0.00680486
1.89841 0.0335388 -0.00491396
1.65018 -0.022089 -0.00712529
1.75594 -0.0184069 -0.00894275
1.59295 -0.0515404 -0.00937501
1.50339 -0.0702505 -0.0121032
1.46965 0.0135832 -0.0107559
1.42702 -0.0152435 -0.0122868
1.39909 -0.0731144 -0.0123343
1.36405 -0.010951 -0.0129696
1.32749 -0.0582886 -0.00983134
1.25894 -0.0348587 -0.00525013
1.32287 -0.0202827 -0.00193015
1.23688 -0.0158863 0.00465378
1.24246 -0.0164394 0.00985274
1.18485 0.0269156 0.0137418
1.15631 -0.00815558 0.0157195
1.18468 -0.0110767 0.0150984
1.03471 0.066449 0.0221325
1.02218 0.0219827 0.0238937
1.0629 0.0366807 0.0312594
1.10416 0.0533857 0.039728
1.02594 0.0521345 0.0483399
1.05784 0.0992413 0.056397
1.08467 0.114188 0.0649815
1.07511 0.115455 0.0666994
1.08766 0.172535 0.0693191
1.15858 0.114528 0.069305
1.15432 0.11736 0.0698436
1.12732 0.102864 0.0700897
1.17848 0.178002 0.0654839
1.18436 0.134751 0.0658647
1.20046 0.13606 0.0644208
1.19339 0.160714 0.0637353
1.26677 0.141584 0.0673586
1.23677 0.138679 0.068209
1.28241 0.17341 0.0673984
1.3155 0.132058 0.0685907
1.35282 0.144088 0.0646671
1.38379 0.123509 0.0608111
1.33892 0.085762 0.0562178
1.42885 0.088179 0.0530558
1.41469 0.118597 0.049904
1.44347 0.0952377 0.0488814
1.52911 0.0773163 0.0412827
1.54632 0.0748758 0.0317045
1.59253 0.0735035 0.0284587
1.5791 0.0588131 0.0282906
1.61655 -0.0060873 0.0215302
1.6917 0.0519409 0.0113512
1.68802 -0.0492363 0.0024732
1.70279 -0.0496216 0.00126084
1.76071 -0.0302734 -0.00292221
1.84049 -0.0234413 0.000163881
1.84572 -0.0522652 0.000704614
1.88919 0.0152435 -0.000525149
1.92554 -0.0300798 -0.00113741
1.96193 -0.0284729 0.00190434
1.97348 0.00695801 -0.00491396
1.97915 -0.00548553 -0.00144878
2.01112 -0.0356884 -0.00464335
2.09111 -0.0310974 -0.00423494
2.11139 -0.0788136 -0.00132004
2.12743 -0.0653 -0.00173322
2.18212 -0.0160732 0.000811903
2.22752 -0.0341473 0.00162729
2.22529 -0.0907249 0.00029072
2.2508 -0.0732307 0.000368921
2.30297 0.00937843 0.00379953
2.34075 -0.0180492 0.00444707
2.34947 -0.00761795 0.00267324
2.32216 -0.0475864 0.0043107
2.30109 -0.0122261 0.00193938
2.30817 -0.0347652 0.00132569
2.41099 -0.0317287 -0.000801714
2.33396 -0.0330791 0.000429718
2.31894 -0.0400219 -0.000249298
2.37918 -0.0895329 -0.000437411
2.37483 -0.0533905 -0.00166789
2.44515 -0.0941353 -0.000344427
2.42033 -0.0838547 0.00123629
2.39753 -0.0489941 -0.000343712
2.46603 -0.0541649 0.000876276
2.4353 -0.0227642 0.000379888
2.42543 -0.043417 0.000590412
2.41436 -0.0897198 0.000679104
2.45586 -0.0430222 0.000757543
2.47195 -0.10066 -0.000554474
2.51266 -0.0756168 0.00162658
2.49556 -0.0450115 -0.00125376
2.46383 -0.0533257 -0.000368031
2.51942 -0.0912685 0.00435266
2.39451 -0.0519466 -0.000334891
2.42867 -0.0756111 -0.000363024
2.42097 -0.0508671 -8.64585e-05
2.37818 -0.0409966 -0.000388773
2.31962 -0.058588 -0.00219551
2.45996 -0.0101061 -0.00322119
2.38365 -0.0720739 -0.00261322
2.3893 -0.092164 -0.0011994
2.40924 -0.0845203 -0.00110927
2.45408 -0.0434093 -0.00113026
2.4118 -0.00128746 0.00132307
2.47874 -0.0766411 -0.000338229
2.47162 -0.103188 -0.000488671
2.53413 0.0154982 -0.000416191
2.47598 -0.0617771 -0.00227085
2.52962 -0.0457134 -0.00231496
2.48727 -0.142303 -0.00248471
2.51305 -0.0603218 -0.0052971
2.60722 -0.0361667 -0.00194159
2.60493 -0.0630302 -0.000391157
2.61978 -0.072474 -2.73307e-05
2.65195 -0.0372354 -0.000207814
2.44243 -0.00889206 0.00178107
2.58842 0.0369856 -0.000626
2.47834 -0.0463614 -0.00117627
2.52259 -0.111866 -0.00401297
2.58783 -0.00919104 -0.000126513
2.52939 -0.0824113 -0.00159946
2.52991 -0.0565717 -0.000936898
2.53249 -0.0608155 0.000373213
2.53174 -0.0111401 -0.0015184
2.43543 -0.0276219 0.000900594
2.48517 -0.0166025 0.00284299
2.41276 -0.025496 -0.000335844
2.40107 -0.0444536 -0.00137797
2.41166 0.0420055 -0.000125082
2.42702 0.0162191 0.000356285
2.42285 -0.0228114 -0.00138894
2.32345 -0.0108185 -0.000612887
2.35406 -0.0238299 0.000414697
2.32528 -0.0323806 -0.00221148
2.32 -0.0571747 0.00219092
2.29319 0.0162711 -0.000328215
2.23012 -0.0409279 0.00471005
2.31182 0.0315447 0.00903234
2.28425 -0.0108886 0.00664124
1.91117 0.0174134 0.00819811
2.16705 0.00878477 0.00712475
2.13151 0.0489386 0.00697812
2.0489 -0.0161688 0.00527248
1.95754 0.0106636 0.00521096
1.93057 -0.0455405 0.00595435
1.87014 -0.0316387 0.00476631
1.83324 0.010396 0.00233421
1.75797 -0.0316955 -0.00118771
1.65853 -0.0300341 -0.0089089
1.58851 -0.0427489 -0.0171856
1.47867 -0.0954401 -0.0278348
1.4644 -0.106466 -0.0389926
1.40175 -0.0824943 -0.0519046
1.35232 -0.162619 -0.0614897
1.33474 -0.12491 -0.0656535
1.30145 -0.165613 -0.0722167
1.28498 -0.170274 -0.0771295
1.23067 -0.199002 -0.0768634
1.24353 -0.22243 -0.0835954
1.24398 -0.191755 -0.0835172
1.27987 -0.146449 -0.0831522
1.32437 -0.198881 -0.0840658
1.35431 -0.198845 -0.0852362
1.33311 -0.16537 -0.0853855
1.42267 -0.216495 -0.0800339
1.38506 -0.15581 -0.073995
1.4755 -0.188393 -0.0621242
1.49224 -0.15409 -0.0641128
1.53631 -0.118777 -0.0586769
1.5448 -0.110562 -0.0445763
1.59611 -0.107073 -0.033157
1.65469 -0.0830359 -0.0262879
1.71225 -0.0508707 -0.0165915
1.77076 -0.0367789 -0.0165638
1.83018 -0.0639896 -0.0107786
1.79072 -0.0317688 -0.0140144
1.80011 -0.0571871 -0.0130893
1.91562 -0.053504 -0.00482169
1.92893 -0.0501442 -0.00292364
1.95748 0.00820255 0.000768511
1.97985 -0.0291033 -0.00242797
2.04802 -0.00459623 0.00114211
2.10242 0.0141191 0.00263795
2.13147 -0.0264997 0.0011774
2.12659 -0.0324965 0.000652639
2.19483 -0.0410333 0.000490753
2.19689 -0.00853157 0.000159828
2.2159 -0.0237474 0.0020276
2.18543 -0.0454426 -0.000198277
2.26339 -0.0281258 0.00102219
2.25276 -0.00752354 -0.00180617
2.32992 -0.00598049 0.000300018
2.32945 -0.014864 0.000585167
2.37145 -0.0194244 0.00159463
2.3123 -0.0282826 -0.000270041
2.33592 -0.0214052 -0.000265511
2.30435 -0.013587 -5.95172e-05
2.31074 -0.0335913 0.000964967
2.19084 -0.0228357 0.000368921
2.2922 -0.0186491 -0.000667246
2.21774 0.0297146 0.0002304
2.22232 -0.030982 0.00208697
2.18701 -0.0128469 0.00199112
2.19051 -0.0577612 0.00107917
2.27648 -0.0262699 0.0030497
2.18194 -0.016201 0.000280229
2.15978 -0.00273085 0.00075802
2.12833 -0.0115223 -0.00197569
2.14095 -0.0623734 -0.00211325
2.07874 0.00465006 -0.00164357
2.11396 -0.0594273 -0.000228556
2.07364 0.00571251 0.000335304
2.03452 -0.00370741 -0.00271455
2.01886 -0.03859 0.000720112
2.03933 0.0101385 0.0016354
2.01266 0.00192961 0.00279125
1.94146 -0.00145376 0.000142423
1.95201 -0.00602925 0.000383703
1.88387 -0.00726938 0.002709
1.84477 -0.0247731 0.00266251
1.80313 0.0110478 0.00422129
1.72745 -0.0310421 0.00326451
1.70439 -0.0186634 0.00234565
1.5927 -0.00276089 0.00170216
1.52142 0.00915718 0.00126084
1.5037 -0.0112057 0.000817863
1.39488 -0.069603 0.00266728
1.33719 0.0222979 0.000990478
1.3149 0.0343122 -0.000913771
1.21752 -0.0073967 -0.0028576
1.14299 0.0195417 -0.00132361
1.14708 0.0128298 -0.00439063
1.10094 -0.0173864 -0.000111016
1.0138 0.0382204 -0.00202242
0.969546 -0.0133657 -0.00282374
0.940966 0.0104218 -0.00432053
0.843314 -0.00923443 -0.00194851
0.864313 -0.0459385 -0.000879916
0.770422 -0.0406628 -0.00155869
0.784497 0.0269833 -0.00198165
0.70798 -0.00909424 -0.000503214
0.638525 0.00119591 -0.000989111
0.612801 -0.00732803 -0.0011293
0.538819 -0.0183468 -0.00123945
0.45155 0.00282478 -0.00332633
0.382076 -0.0037899 -0.000367792
0.366046 0.00597763 -0.000736864
0.273651 -0.0287857 -0.00263015
0.214649 0.00516319 -0.00301972
0.165358 0.0590763 0.000752536
0.139422 0.0605068 7.11362e-05
0.134585 0.0592384 -4.54505e-05
0.108081 0.0389824 -8.81275e-05
0.0950699 0.0554819 -0.000768097
0.086657 0.0603333 -0.000562819
0.104495 0.0483818 -0.000394495
0.104205 0.0575123 -0.00031844
0.107211 0.0592661 -0.000532063
0.128278 0.0617332 -0.000223311
0.129321 0.0539007 -0.000244768
0.138173 0.054718 0.000246851
0.152059 0.0390329 0.0005711
0.161109 0.0398827 6.18378e-05
0.168979 0.0137119 0.000850526
0.248814 0.00778294 0.00349936
0.256881 0.0275917 0.0024558
0.269847 0.0105114 0.00265726
0.295558 0.0270863 0.00346169
0.28532 -0.0262661 0.0029765
0.379355 -0.0101719 0.000735609
0.34311 -0.0104523 -0.000232848
0.394981 -0.00181198 0.000745384
0.344993 -0.0111485 -0.000193985
0.388322 -0.029253 0.00134501
0.37346 -0.00458336 0.00167808
0.392185 -0.0154686 0.000582067
0.376688 0.0327721 0.000378935
0.38623 -0.0171013 0.000881521
0.363729 -0.0024929 0.000587312
0.352701 -0.0139389 0.000226347
0.259002 0.0322819 -0.00269523
0.222759 0.0214939 -0.00294557
0.111667 0.0466728 -0.000520142
0.111591 0.0453339 -0.000235947
0.0881076 0.0498333 -0.000655325
0.0524664 0.0508385 -0.000461014
0.0438437 0.0485287 -0.00039831
0.0401888 0.056942 -0.000258597
0.039537 0.0532703 -0.000405701
0.050746 0.0547333 -0.000289591
0.0388465 0.0472317 -0.000812443
0.0420651 0.0483494 -0.000165613
0.0431385 0.0548592 -0.000450285
0.0459495 0.0536728 -0.000644596
0.0306988 0.044199 -0.000670107
0.0357056 0.0502262 -0.000539454
0.0372252 0.0615578 -0.000571163
0.0414724 0.052784 -8.07365e-05
0.0398269 0.0484982 -9.69489e-05
0.0419712 0.0560932 -0.000404747
0.0475631 0.0571404 -0.000115069
0.0429497 0.0598564 -0.000802191
0.0539713 0.048584 -0.000121744
0.0413842 0.0511189 -0.000436695
0.0518217 0.0506916 -0.000223788
0.0515952 0.0455627 -0.000126274
0.0553522 0.0433598 -0.000116022
0.0554452 0.0499859 -0.000141533
0.0546031 0.0499516 -0.000102909
0.054543 0.0489769 -0.000214728
0.0535674 0.0486488 -9.02732e-05
0.0398755 0.0516701 -0.000294121
0.0398893 0.0506725 -0.000454577
0.0404558 0.0493431 -0.000582608
0.0346513 0.0461006 -0.000566157
0.0439854 0.0495453 -0.000378283
0.0341959 0.0464478 -0.000679882
0.0369411 0.0495834 -0.000458391
0.0437126 0.0557156 -0.000321778
0.0427885 0.0563412 -0.000263127
0.0421486 0.0542011 -0.000251206
0.0425072 0.0560951 -0.000325831
0.0485644 0.0559673 -0.000221642
0.0408292 0.0545502 -0.000407608
0.0329733 0.0452595 -0.000623616
0.0420136 0.0535126 -0.000447901
0.0423326 0.0561314 -0.000318917
0.0364251 0.0492172 -0.000548037
0.0368795 0.0556278 -0.000668438
0.0333815 0.045229 -0.000677975
0.032465 0.0441284 -0.000748785
0.0401192 0.0519886 -0.000311287
0.0407462 0.0562458 -0.000358733
0.0453143 0.0563602 -0.000266703
0.0406561 0.0533352 -0.000272902
0.0335522 0.0495205 -0.000543984
0.0449877 0.052494 -0.000348004
0.0445147 0.0544624 -0.000154169
0.0363541 0.0494137 -0.000663908
0.0394402 0.0543442 -0.000417384
0.0366883 0.0499516 -0.000513943
0.0340095 0.0500164 -0.000590952
0.0367618 0.0484295 -0.000527294
0.0399857 0.0517559 -0.000527771
0.0372405 0.0491047 -0.000502022
0.0441394 0.0540104 -0.000166806
0.0454097 0.0516491 -0.000251921
0.0388556 0.0553856 -0.000682267
0.0311289 0.0438633 -0.000687512
0.0445695 0.0569515 -0.000227125
0.0476494 0.0493164 -0.000121744
0.035439 0.0511875 -0.000562342
0.0455875 0.0517311 -0.000114115
0.0457478 0.0516071 4.30028e-05
0.0359883 0.0487175 -0.000568779
0.0429053 0.0445824 -0.000294598
0.0327706 0.0444527 -0.000590952
0.0230956 0.0524044 -0.00077978
0.0303221 0.0492649 -0.000671538
0.0367994 0.0508575 -0.000522765
0.0398736 0.0585308 -6.33319e-05
0.0388007 0.0590439 -0.000424774
0.0400324 0.0593262 -0.000141533
0.0406795 0.0505505 -0.000534209
0.0392227 0.0507412 -0.000455054
0.0453968 0.0517464 -2.13702e-05
0.0402436 0.055666 -0.000299128
0.0423021 0.054636 -0.000344189
0.0364718 0.0491161 -0.000541838
0.0445395 0.0482445 0.000214187
0.0453892 0.0520763 0.000141708
0.0501938 0.0521584 0.00021371
0.0412359 0.0530128 -0.000340136
0.0438156 0.0560627 -0.000395687
0.046196 0.0545464 -0.000318201
0.039876 0.0539742 -0.00040427
0.0368872 0.0508385 -0.000624092
0.0360394 0.0450649 -0.00055662
0.0419788 0.0559978 -0.000322016
0.0440645 0.0582962 -0.000212105
0.0410681 0.0533981 -0.000484379
0.0439386 0.0627136 -0.000409516
0.0462561 0.0598984 -0.000515612
0.0451622 0.0469341 -0.000198515
0.0380707 0.0503483 -0.000179203
0.0426006 0.0505333 -7.09613e-05
0.0392489 0.0459404 -0.000287207
0.0463862 0.0601578 -0.000522765
0.0419693 0.047142 -0.000469359
0.0390997 0.0558338 1.53462e-05
0.0439463 0.0698452 6.04789e-06
0.0416422 0.0486279 -0.000146063
0.0440249 0.051857 -0.000331553
0.0403733 0.0604115 -0.000327261
0.0458548 0.0610409 -0.000414522
0.0429647 0.0620632 -0.000249537
0.0503011 0.0594139 -0.000277909
0.0483499 0.0594864 -0.000544461
0.0484738 0.0541039 -0.000216397
0.0460353 0.0548019 -0.000321778
0.0456204 0.0503235 -0.000310572
0.0434933 0.0565853 -0.000271233
0.0404072 0.0544624 -0.00039235
0.0432262 0.0543137 -0.000372561
0.0452409 0.0605412 -0.000414522
0.0427799 0.0572605 -0.000241669
0.0392933 0.0536308 -0.000953348
0.0536127 0.0522404 -0.00102416
0.0604472 0.0503569 -0.000950726
0.081223 0.0530949 -0.000570448
0.0974772 0.0519886 -0.000498446
0.122524 0.0500641 -0.000334175
0.121531 0.0485954 -0.000230702
0.128797 0.0509033 -0.000557097
0.187233 -0.0170212 0.00212654
0.246922 -0.00295258 0.00337204
0.264829 -0.0200634 0.00346359
0.366767 0.00395203 0.000447599
0.407042 0.00028038 0.000801889
0.516353 0.0147533 0.00246843
0.503896 -0.0089016 0.00134453
0.605278 -0.0293503 0.00149283
0.652656 -0.00401115 0.00251826
0.691649 0.00175476 0.000569431
0.780825 -0.0196819 0.00151524
0.821743 -0.0361233 0.00092992
0.890856 0.0282965 0.00191125
0.978747 -0.0147219 6.99441e-05
1.02428 -0.00518036 -0.00136891
1.04677 -0.0170784 0.00030121
1.12547 -0.0256147 -0.00252381
1.21712 0.00209999 -0.000690134
1.27627 -0.0110941 -0.000364693
1.32644 -0.0081377 0.000315277
1.35598 0.0188646 0.00227746
1.40971 -0.00176477 0.007799
1.45996 0.0339322 0.0165494
1.46294 0.0554724 0.0265482
1.51331 0.0535231 0.0398425
1.49404 0.147303 0.0559843
1.53811 0.126985 0.0700715
1.52548 0.197393 0.077427
1.56738 0.171275 0.0809065
1.59637 0.177881 0.0813244
1.57993 0.18733 0.0847925
1.6064 0.219474 0.0866688
1.59254 0.180104 0.0881353
1.6247 0.198925 0.086572
1.64307 0.184034 0.0871864
1.6768 0.19603 0.0841201
1.68242 0.190795 0.0831312
1.7257 0.182919 0.0798427
1.7252 0.11914 0.0751103
1.77169 0.176834 0.0709804
1.76844 0.179921 0.0663517
1.8033 0.123029 0.0617662
1.869 0.140024 0.0487355
1.89304 0.121273 0.0378736
1.95283 0.00279868 0.0263387
1.91619 0.035882 0.0134021
1.95891 0.0212035 0.0147549
1.94189 -0.0351176 0.0105537
2.08686 -0.0146589 0.00969776
2.07721 -0.0245869 0.00770768
2.15978 -0.0105596 -0.00095311
2.13082 0.0628285 -0.000338467
2.15899 0.0124875 0.00218019
2.21652 -0.0251958 -0.000150355
2.18414 -0.021268 0.0020822
2.28304 -0.0523424 0.000545351
2.2243 -0.0636063 -0.000409754
2.34279 -0.0554132 -0.000223072
2.33449 -0.0273542 -0.000789078
2.41421 0.0244625 0.000189392
2.37386 0.0155013 -0.00217715
2.40562 0.00567162 -0.0024828
2.37386 -0.0253415 -0.000840338
2.42227 0.00427198 0.00128183
2.43827 -0.00876868 0.00208267
2.43287 -0.016952 -0.000289353
2.43952 0.0207057 0.00208291
2.46493 -0.0387487 0.00267991
2.47968 -0.00649929 0.00220641
2.49773 -0.0171313 0.00088319
2.43303 0.0171146 -0.00245896
2.51972 -0.0141249 -0.0013856
2.50238 -0.0635319 -0.00140348
2.51341 0.00203705 -0.0010778
2.55058 -0.00851965 -0.000836523
2.4559 -0.034409 -0.00215498
2.5093 -0.0380344 0.00203499
2.44188 -0.0615239 0.00274238
2.51822 -0.0668817 0.00355825
2.48652 0.00243211 0.00269851
2.42187 -0.0120896 0.00204119
2.35947 -0.096771 0.00295481
2.36949 -0.0120659 0.00276932
2.34702 -0.0183134 0.00282368
2.2359 -0.0182342 0.00234112
2.26514 -0.0388982 -0.00308505
2.15896 -0.0343289 -0.00249925
2.15302 -0.0406976 -0.000334891
2.09886 -0.0686893 -0.000651987
2.09906 -0.0338411 -0.00120488
2.08016 -0.064723 -0.000902804
2.08262 -0.0163946 0.000181047
2.12123 -0.0652819 0.000673381
2.0568 0.0104151 -0.0011622
2.094 -0.0557289 -0.00212994
2.0558 -0.031271 -0.000333222
2.04674 -0.0553713 0.000940172
2.16041 0.0111823 0.000235883
2.05005 -0.0692129 0.00159249
2.08431 -0.00420809 -0.000185641
2.19314 -0.00926733 -0.000516327
2.19581 -0.0521233 0.000620691
2.2564 0.00382316 -0.0013167
2.25672 -0.0327961 -0.00182191
2.17566 0.0303004 -0.000881346
2.27625 -0.0652658 -0.000606926
2.26601 -0.0099836 0.00261888
2.22924 0.0106444 -0.00016466
2.25833 0.0377612 -0.00176922
2.29666 -0.0318432 0.00139341
2.30659 -0.020155 0.000917761
2.32391 -0.0173578 0.00141319
2.31896 -0.0322415 0.00250563
2.33692 0.0602746 0.00367698
2.29752 -0.0568056 -5.28415e-05
2.34727 -0.0526886 -0.00181928
2.33953 -0.0340319 -0.000475319
2.36898 -0.0554203 -0.00178591
2.33 -0.00919867 -0.00580517
2.22934 -0.0113287 0.00126847
2.31634 -0.0417624 0.000282375
2.23974 0.0141153 0.00270781
2.19466 -0.0109081 0.00221929
2.2081 0.00819731 0.00101957
2.17376 0.0365639 0.00173887
2.12826 -0.0269346 -9.93331e-05
2.13625 -0.0082798 0.00176534
2.09732 0.04039 0.00292167
2.24891 -0.0139503 0.00169071
2.08115 0.00810814 0.00257262
2.09266 -0.0606556 1.53462e-05
2.0506 0.00426149 0.00144276
2.00735 0.0166972 0.00154623
2.03345 -0.00723052 0.000548927
1.99413 -0.000113487 -0.00256863
1.92868 -0.0301447 -0.00203458
1.87592 -0.0291178 -0.000943812
1.83153 -0.00518894 0.000970689
1.78421 0.0116761 0.00285467
1.73343 0.00862324 0.00403318
1.70314 0.0180024 0.00436935
1.6195 0.026127 0.00152167
1.51382 -0.038887 0.00374397
1.50366 0.00433779 0.0100594
1.41097 0.0699244 0.0152985
1.37342 0.0600262 0.0220788
1.33731 0.0443516 0.0264169
1.22955 0.144127 0.0327028
1.24372 0.0573905 0.0330501
1.15717 0.097559 0.0347803
1.08849 0.0679105 0.0345691
1.00069 0.053256 0.0338624
0.973901 0.0570941 0.0331026
0.867025 0.0656247 0.0318607
0.868041 0.0405884 0.0327161
0.840521 0.0989823 0.0352901
0.852958 0.0407085 0.0397218
0.870161 0.065618 0.0424548
0.899751 0.120719 0.0484258
0.904155 0.0895238 0.0528878
0.951775 0.127627 0.0546292
0.986685 0.143995 0.0565017
1.00178 0.120893 0.0613926
1.02384 0.122871 0.0619102
1.09028 0.144605 0.0676752
1.06789 0.138381 0.0692757
1.14008 0.124985 0.0693901
1.11833 0.130186 0.0747617
1.15522 0.154034 0.0775722
1.18489 0.16527 0.0753907
1.23665 0.160666 0.0771547
1.25172 0.140032 0.0711444
1.28593 0.100801 0.0575899
1.2658 0.0787401 0.0403939
1.2915 0.0244226 0.0272549
1.34565 0.0612612 0.0202375
1.35189 0.0139589 0.0136918
1.36342 0.0330658 0.0102859
1.38256 -0.0241146 0.00604734
1.38654 0.00880146 0.00172052
1.41454 -0.00895166 0.0044299
1.47443 -0.0175376 0.00208267
1.47984 -0.0307331 9.97464e-05
1.4822 -0.00810528 -0.00165287
1.50805 -0.00998211 -0.00161591
1.59548 0.000461578 0.0015684
1.61221 -0.0208387 0.0011414
1.58653 -0.00406456 0.000343887
1.65631 -0.00323164 0.000481216
1.72294 -0.010191 4.10954e-05
1.73463 -0.0283737 0.00272807
1.76211 0.00540495 0.00410828
1.76425 -0.0217915 0.00183329
1.78266 -0.0505352 0.0029858
1.86279 0.0110016 0.00164279
1.89798 -0.0102997 0.000736562
1.85786 -0.00172043 -0.00149051
1.82424 -0.0150833 0.00181708
1.93476 -0.0157318 -0.000166567
1.94354 -0.0422649 0.000945894
2.01368 0.00590801 0.00252899
2.05803 -0.0351849 0.00238022
2.01483 0.0758972 0.00137695
2.05867 -0.0392141 0.00288328
2.11309 0.0189533 0.000311462
2.14686 -0.00485992 0.000196783
2.21694 -0.0858212 -0.00171295
2.12587 -0.0564413 0.00116285
2.23477 -0.0465879 -0.000921639
2.21451 -0.0589123 0.000756351
2.23279 -0.051837 -0.00233379
2.18711 0.0300193 0.00185045
2.19182 -0.0829082 -0.00173989
2.13414 0.0242834 -0.00204459
2.17845 0.00755644 -0.00390759
2.2279 -0.0372717 -2.20855e-05
2.15003 0.0177655 0.00119361
2.19097 -0.0248995 -0.000125082
2.16383 -0.0247116 -9.79026e-05
2.22428 -0.0156252 4.30028e-05
2.15682 -0.0278893 -0.00197831
2.20265 -0.067868 -0.00227419
2.19188 -0.0391674 -0.00142113
2.16106 -0.0167195 0.000682918
2.16088 -0.00912941 0.00566825
2.24028 0.0257823 0.00231322
2.18243 0.0241467 0.00255188
2.16358 0.0380735 0.0038298
2.19983 -0.0685802 -0.000329407
2.09237 0.0418015 0.00297627
2.07029 -0.0218639 0.000604955
2.101 -0.0335989 -0.000488671
2.03457 0.0432167 -0.00145689
1.99883 0.045435 0.00171813
1.9433 0.0660305 0.00300655
1.81069 -0.00119209 0.00324711
1.70811 0.017952 0.00279912
1.64538 -0.0075655 0.00145802
1.58155 -0.0662212 0.000712959
1.50674 -0.0286388 0.000256387
1.49398 -0.0164061 0.00162276
1.4446 0.00590897 0.00237307
1.36993 -0.0551729 0.000923959
1.26214 -0.00713921 -0.00157967
1.21779 0.0125971 -0.00114098
1.17319 -0.0429959 -0.000702294
1.17886 -0.027276 0.000197975
1.08404 0.0278797 -0.000338705
1.07033 -0.0170913 -0.00153032
0.990934 -0.0212564 0.00166926
0.978285 -0.00965595 0.00267753
0.970449 0.0028801 0.00316867
0.858955 0.0251331 0.00262412
0.837968 0.0363712 0.00462135
0.840429 -0.0275183 0.00681862
0.809862 0.0153189 0.0135065
0.789371 0.0562458 0.0154928
0.824117 0.0501804 0.0167752
0.855667 0.0663214 0.0271362
0.858641 0.0563059 0.0316642
0.899809 0.082932 0.0356143
0.917402 0.0815139 0.0449656
0.996201 0.0792603 0.0480369
1.02124 0.108632 0.0491854
1.06676 0.106452 0.0546642
1.12847 0.0477655 0.0595332
1.14869 0.135821 0.0566135
1.20495 0.104391 0.0591451
1.29812 0.133807 0.0605114
1.2938 0.157759 0.0622433
1.35113 0.102154 0.0614534
1.38463 0.11147 0.0637272
1.5156 0.12398 0.0663517
1.51846 0.0928593 0.0651916
1.55185 0.0597324 0.0530435
1.65335 0.044239 0.0444556
1.60356 0.0447617 0.0351237
1.73683 0.0301228 0.0272785
1.73308 -0.00829697 0.0262493
1.77342 0.0476551 0.0190724
1.85051 0.00992489 0.0159882
1.91311 -0.0101337 0.00936779
1.96754 -0.0541496 0.0075942
2.00699 -0.0390739 0.00398668
2.06252 -0.0174732 -0.000132235
2.15886 0.0141172 0.000474779
2.1614 -0.0291777 0.00115236
2.19161 -0.0145922 0.001407
2.22785 -0.0733852 -0.000849636
2.31086 -0.0332289 -0.00143448
2.2127 -0.0305138 -0.00592843
2.28088 -0.0160913 -0.00532761
2.37087 -0.0139027 -0.00568667
2.4684 -0.0274782 -0.006735
2.41316 -0.0333071 -0.00484792
2.43422 -0.0519142 -0.00487891
2.48677 -0.0100756 -0.00467721
2.54521 -0.0128632 -0.00148693
2.53783 -0.0634975 -0.00186482
2.55571 -0.00567436 -0.000920685
2.59073 0.00258732 -0.00319997
2.66855 -0.00166416 -0.000743779
2.58916 -0.0127783 -0.00167957
2.61898 -0.0582399 -0.00425187
2.60826 -0.0302982 -0.00432173
2.63938 -0.100268 -0.0014545
2.62078 -0.0219326 -0.00425402
2.49325 -0.113358 -0.00354067
2.65244 -0.109163 -0.000800999
2.66036 -0.0930548 -0.0025796
2.69794 -0.0766468 -0.00197163
2.76952 -0.0625381 -0.00122085
2.65999 -0.0735559 -0.00130025
2.79341 -0.0354643 0.000704614
2.72555 -0.044405 -0.00310722
2.85928 -0.0892401 0.000248043
2.79641 -0.0570478 -0.00194994
2.79005 -0.0551062 -0.00098935
2.81605 -0.0142107 -0.00161234
2.81156 -0.0513458 0.000483123
2.85026 0.00324535 0.00299462
2.85833 -0.00654793 -0.000305804
2.85178 -0.0113688 0.000275222
2.8937 -0.046814 0.00339994
2.85901 -0.135301 -0.00229612
2.90263 -0.0525932 0.00280794
2.83935 -0.079793 -0.000558527
2.87773 -0.0474215 0.000827161
2.91501 -0.0516281 -0.00106994
2.90263 -0.0550127 0.00045952
2.95014 -0.0931864 -0.000659855
2.92478 0.00255013 -0.00387183
3.05906 -0.0577612 -0.00166384
2.9684 -0.118662 -0.00331727
3.03523 -0.0312576 -0.00247041
3.00433 -0.0815849 -0.00143853
2.85446 -0.123724 -0.00475899
3.04423 -0.0534191 0.000106899
2.90689 -0.0756111 -0.00211945
2.8592 -0.0351887 -0.00377408
2.87777 -0.0446701 -0.00148955
2.88666 0.0223694 0.00132188
2.85187 -0.0657349 -0.000331791
2.86905 -0.006073 0.000185339
2.91833 -0.0755062 0.0013369
2.82179 -0.10231 -0.000822934
2.99648 0.0225983 -0.00813928
2.74749 -0.0567913 -0.00253478
2.86381 -0.0389557 -0.00366417
2.82931 -0.0102062 -0.00425211
2.89634 -0.0318317 -0.00237456
2.83706 -0.0380707 -0.00787988
2.9809 -0.00759125 -0.00648537
2.79461 -0.0389166 -0.0133289
2.83272 -0.058794 -0.0097076
2.78353 -0.0924711 -0.0117032
2.72445 -0.0424118 -0.0127281
2.74891 -0.10512 -0.0110091
2.7454 -0.0537338 -0.0112049
2.73432 -0.0532875 -0.011779
2.67711 -0.0887814 -0.0125121
2.69741 -0.102522 -0.0166504
2.74385 -0.0660324 -0.0102669
2.71825 -0.0450363 -0.0105497
2.75929 -0.0174885 -0.0111534
2.72006 -0.101912 -0.0126161
2.67255 -0.0275383 -0.0120546
2.77825 -0.0770092 -0.00947371
2.69156 -0.0525112 -0.00986782
2.75808 -0.118412 -0.00470892
2.70316 -0.0968513 0.00112256
2.75574 0.00432968 0.00502071
2.68966 -0.0135078 0.00603661
2.70023 -0.0213413 0.00688967
2.766 0.018816 0.00821528
2.77295 -0.0511436 0.0080758
2.72677 -0.0529423 0.0105427
2.73975 0.0379696 0.014624
2.77769 0.0466423 0.0175553
2.74662 -0.00944901 0.0154296
2.81364 -0.00609207 0.0150021
2.74053 -0.000284195 0.0140458
2.79818 -0.0475807 0.0108152
2.80322 -0.0366459 0.0118183
2.80159 -0.00376415 0.0104423
2.79213 -0.0188951 0.00789651
2.80708 -0.00925159 0.00700411
2.80359 -0.0566969 0.00848087
2.76382 -0.0738544 0.00515804
2.81936 -0.113056 0.00585088
2.82272 0.0164986 0.00612458
2.92614 -0.00770187 0.00157103
2.83425 -0.0576086 0.00639877
2.89442 -0.0295687 0.00929436
3.00014 0.067976 0.00526747
2.89449 -0.0350618 0.004289
2.89509 -0.00751114 -0.0018746
2.86114 0.0225363 0.0028747
2.86108 0.0362597 0.00531253
2.95602 0.0161219 -0.00158635
2.87409 -0.0142622 0.00407919
2.91893 -0.0543699 0.00160727
2.97194 -0.0199366 3.39429e-05
2.96653 -0.0492172 -0.00661507
2.93595 -0.107459 -0.00497928
2.98936 -0.073144 -0.000901612
2.95034 -0.0708041 -0.00141159
2.95821 -0.0773735 -0.00375763
2.90342 -0.0692158 -0.00323788
2.89593 -0.0165148 -0.0024809
2.92099 -0.122212 0.00141439
2.79284 -0.0446243 -0.000633868
2.85787 0.00780106 -0.000253113
2.88219 -0.031343 -0.000183256
2.80778 -0.0266261 0.000573246
2.74164 -0.0270596 0.0033544
2.8967 -0.0402136 0.00409397
2.76566 -0.00402594 0.00378045
2.77089 -0.00829315 0.00723728
2.81099 -0.0449791 0.00718126
2.80234 -0.0515499 0.0102809
2.80224 -0.0267916 0.0112618
2.89933 0.0198746 0.0138031
2.69741 -0.0207119 0.0137392
2.7219 -0.0570545 0.0126432
2.81836 -0.0317631 0.0130888
2.73856 0.0530548 0.0151814
2.81655 0.00590801 0.0140642
2.80118 0.0161629 0.0162505
2.76594 0.0283928 0.00842032
2.80006 0.0164261 0.0152181
2.82351 0.0206947 0.0119937
2.74434 -0.0470142 0.0138865
2.90132 0.033577 0.0143157
2.80387 0.0189772 0.0162104
2.78889 -0.00895691 0.0135287
2.81649 0.0641136 0.0116409
2.85559 0.012948 0.0124682
2.79997 0.047204 0.0137781
2.79506 0.0139694 0.0122584
2.82681 0.0202179 0.0101992
2.77061 0.0352755 0.00871715
2.8708 -0.0390759 0.0108024
2.82651 -0.00109673 0.00956663
2.91579 -0.00903702 0.0132864
2.69865 0.00985527 0.00989231
2.79537 -0.0387554 0.0116888
2.79961 -0.0049181 0.0118726
2.81165 -0.0241346 0.0110558
2.73174 -0.0126505 0.00956806
2.69608 -0.00993061 0.0110742
2.77154 -0.00614834 0.00978312
2.63941 0.035285 0.00469598
2.72075 -0.11862 0.00175676
2.68407 -0.0339966 0.00377521
2.71729 -0.101439 0.00539121
2.67027 -0.0461178 0.000417797
2.65414 -0.0434303 0.00296196
2.69819 -0.00941086 0.00324091
2.6877 -0.0942917 0.00164231
2.57599 -0.0305996 -0.00116053
2.63572 -0.0597916 8.7587e-05
2.66934 -0.0488205 0.00060877
2.6162 -0.00876617 -0.00365082
2.56253 -0.0769424 -0.0016121
2.54362 -0.0602417 -0.000639351
2.52889 -0.00545502 -0.000876816
2.54309 -0.0383034 -0.000499161
2.52673 -0.0527878 -0.000872525
2.43312 -0.0324211 -0.00286022
2.39479 -0.0233402 -0.00179687
2.41692 -0.0112925 -0.000628622
2.33799 -0.013485 0.00198635
2.28136 -0.0248756 0.00172671
2.1979 -0.00350189 0.00364527
2.05131 -0.0670338 0.00251612
2.00751 0.00946522 0.00135693
1.97283 -0.0287514 0.000429956
1.90858 -0.0204124 0.00300464
1.71754 -0.096489 0.00344333
1.7559 0.00907707 0.00173697
1.71924 -0.0420132 0.00287971
1.63773 -0.0321484 0.0049549
1.59953 0.0342426 0.00978574
1.55402 0.00499153 0.0212196
1.57627 0.0522919 0.0317293
1.51018 0.0848007 0.0378428
1.48245 0.11825 0.0425821
1.46054 0.130304 0.0504115
1.36545 0.142647 0.0582512
1.46517 0.0803871 0.0617817
1.37142 0.144838 0.0597568
1.38289 0.120709 0.0618549
1.38496 0.0517015 0.0630845
1.32703 0.162061 0.0571714
1.36409 0.0738401 0.0611194
1.36917 0.120329 0.0609301
1.35587 0.151956 0.0646416
1.3784 0.102785 0.0671652
1.3393 0.191179 0.0695997
1.35601 0.144051 0.0777949
1.40971 0.118358 0.0824202
1.4259 0.165268 0.0821021
1.47454 0.141737 0.0835465
1.54478 0.214638 0.083521
1.47211 0.140113 0.0826393
1.58616 0.164129 0.0727385
1.6727 0.0503929 0.0585848
1.65004 0.0283182 0.0391343
1.67674 0.051743 0.030479
1.7211 0.0196567 0.0153032
1.65586 0.00345457 0.0126055
1.79197 0.00920144 0.00805101
1.7691 -0.0146263 0.00558337
1.79942 -0.008425 0.00130948
1.80897 -0.0262692 0.00190529
1.82869 0.0165331 0.00126728
1.92886 -0.0450782 0.00148925
1.92911 0.0129944 0.000612346
1.94236 -0.00461078 0.00203547
2.01344 -0.00153673 0.00198945
1.97397 -0.00075233 0.00140914
2.03307 -0.0501792 0.000172941
2.09565 -0.00814945 -0.00258938
2.11563 -0.0291751 -0.00188294
2.16972 -0.0238851 -0.000512274
2.18464 -0.0330081 0.00152811
2.18714 -0.0369942 -0.00035158
2.28886 0.0142059 -0.000905188
2.30316 -0.0246339 -0.00189558
2.32258 -0.0135777 -0.00102392
2.28511 -0.00436592 0.000576584
2.29757 -0.0343094 0.000505773
2.32745 -0.0410557 -0.000244768
2.33281 -0.00927162 -0.00268308
2.37271 -0.078166 -0.000802906
2.3631 -0.0852256 -0.00147715
2.3926 -0.114767 -0.00182644
2.46203 -0.0377122 -0.00390569
2.42666 -0.0483325 -0.00269214
2.35987 -0.049674 -0.0066599
2.47393 -0.0376658 -0.00745288
2.39826 -0.0323467 -0.00613895
2.49425 -0.0519352 -0.00492254
2.4228 -0.0499067 -0.00658837
2.50115 -0.0789223 -0.00679556
2.41669 -0.0617075 -0.00617114
2.52882 -0.0624447 -0.00311461
2.43408 -0.0161266 -0.00608888
2.51365 -0.0451584 -0.00623313
2.48296 0.0328255 -0.0028266
2.45247 -0.0110579 -0.000601919
2.45286 -0.0872335 0.000160543
2.45739 0.00336933 0.000918953
2.46093 -0.0666542 0.00217828
2.40876 -0.0219183 -0.00165573
2.4484 -0.0546513 -0.000698479
2.40346 0.00298166 -0.000511797
2.37995 -0.0115752 -0.00119701
2.31409 -0.000933647 -0.00152388
2.36883 -0.0061512 -0.00313226
2.27299 -0.0639811 -0.0046331
2.30153 -0.0508451 -0.00549236
2.29208 -0.058423 -0.0107516
2.31176 -0.138508 -0.0127203
2.31992 -0.0631142 -0.0136453
2.1883 -0.0421333 -0.0157355
2.16987 -0.0406532 -0.0229282
2.16255 -0.0395145 -0.0187675
2.08214 -0.0608521 -0.0249833
2.13386 -0.0652542 -0.0247833
2.15998 -0.0837936 -0.0228252
2.07578 -0.102213 -0.0248496
2.06316 -0.104589 -0.0245148
2.05971 -0.0548553 -0.0262641
2.05171 -0.108484 -0.0230693
2.09077 -0.104141 -0.0257727
2.05649 -0.156808 -0.0286509
2.06372 -0.10058 -0.0313295
2.0556 -0.109664 -0.0303675
2.05478 -0.139591 -0.0327264
2.13796 -0.121933 -0.0337586
2.05664 -0.0969172 -0.0350024
2.10234 -0.160732 -0.0291602
2.13448 -0.0862999 -0.028444
2.11982 -0.107625 -0.0220071
2.20343 -0.0936346 -0.0166673
2.15685 -0.0937676 -0.0106203
2.23552 -0.066576 -0.00847474
2.19749 -0.0793142 -0.00338236
2.18702 -0.0658836 0.00132045
2.23016 -0.0173593 0.00579867
2.26246 0.0122933 0.00691995
2.25572 -0.0374317 0.00675067
2.242 -0.000892639 0.00890907
2.28128 -0.0451851 0.00845155
2.3627 0.0155115 0.00851163
2.39167 0.0166214 0.00978431
2.33702 0.00663495 0.0112871
2.3252 -0.0031615 0.0123423
2.32882 0.0199907 0.0111762
2.30903 0.0156734 0.0138763
2.27968 -0.00509822 0.0149401
2.21546 -0.0395857 0.0136777
2.32726 0.0386478 0.0128702
2.32318 -0.00152731 0.0170048
2.29225 -0.0728334 0.0184403
2.26589 0.00745106 0.0168484
2.27553 -0.0304163 0.0176824
2.30125 0.0265378 0.022035
2.21139 0.0115206 0.0237332
2.31497 -0.00456643 0.0247909
2.31488 0.0197492 0.0233851
2.27396 0.0408283 0.0189324
2.29138 -0.0156112 0.01555
2.24475 0.00765419 0.0143987
2.27576 0.0281696 0.0130514
2.28017 -0.02843 0.0142504
2.29795 -0.00176096 0.0134169
2.25489 0.0841148 0.00967225
2.28438 -0.000550508 0.0144688
2.27834 0.021987 0.0128556
2.31042 -0.0180306 0.0176793
2.23961 -0.042964 0.0171615
2.20459 0.0231543 0.0147727
2.2527 0.0367241 0.0144344
2.15122 -0.0250816 0.0172268
2.14874 -0.0149269 0.0182138
2.15346 -0.0340996 0.0200351
2.20167 0.00348473 0.0178307
2.15239 -0.000999451 0.0191356
2.17818 -0.0375576 0.0162278
2.15991 -0.05933 0.0158325
2.14369 0.0173779 0.0136674
2.14714 0.0223885 0.0119522
2.12812 -0.00019455 0.0130964
2.21785 0.00464439 0.0137432
2.15184 -0.000638962 0.0132976
2.1383 0.0187263 0.0139447
2.16751 0.0182457 0.0173961
2.19301 0.00450134 0.0176214
2.22435 -0.00319672 0.0178522
2.21142 0.0107861 0.0175994
2.21006 -0.000741959 0.0195926
2.19566 0.00427628 0.0188926
2.26868 0.00223923 0.0200532
2.22548 -0.0172596 0.0192851
2.30182 -0.0422573 0.0204945
2.36638 0.0174093 0.0196787
2.28283 0.00232887 0.0186127
2.34668 -0.00243378 0.0189908
2.3572 0.0126247 0.0175394
2.36797 -0.00598812 0.0177842
2.39213 -0.0251045 0.0151418
2.36179 0.02104 0.0125936
2.46644 0.0385818 0.0126294
2.43851 -0.0194473 0.0150968
2.42065 -0.0216541 0.0165382
2.45253 0.0259266 0.016729
2.40978 -0.0010643 0.0170139
2.38495 7.05719e-05 0.0171011
2.41779 0.0170593 0.0158652
2.33528 -0.0149136 0.016383
2.40196 0.028265 0.0148199
2.32267 0.0466042 0.0183333
2.36087 0.0180759 0.0178069
2.31124 0.0199966 0.0180522
2.3625 0.0334702 0.022075
2.40789 0.040781 0.0215834
2.38042 0.0429173 0.0219599
2.36403 0.0420837 0.0217522
2.34534 0.0227299 0.0217236
2.39522 -0.00448608 0.021458
2.33925 0.0548878 0.0176991
2.31551 0.0164452 0.0196975
2.28733 0.0164776 0.0145703
2.26119 0.037447 0.0129655
2.24877 0.0354252 0.0106054
2.18865 0.0168819 0.0100022
2.22695 0.0273762 0.0107668
2.17359 -0.0129223 0.00327024
2.19066 -0.0320244 0.00390443
2.16161 -0.00806046 -0.00170198
2.1458 -0.030529 -0.00197593
2.14694 -0.0326061 -0.00711051
2.04789 -0.0510235 -0.0107411
2.09403 -0.0380516 -0.0129577
2.06284 -0.0383902 -0.0130216
2.09553 -0.113911 -0.0197965
2.01245 -0.0750751 -0.0206601
2.02357 -0.105291 -0.022422
2.00043 -0.113297 -0.0242936
2.03434 -0.0988865 -0.0207326
1.96632 -0.0564327 -0.0219652
1.93948 -0.0514603 -0.021634
1.91113 -0.0807285 -0.0226235
1.94113 -0.0774651 -0.0258969
1.90763 -0.0920925 -0.026426
1.87653 -0.0569 -0.0265473
1.92325 -0.0760183 -0.026513
1.87493 -0.0936413 -0.0244962
1.80817 -0.0956326 -0.0252811
1.85302 -0.0825462 -0.0253243
1.84329 -0.101114 -0.025212
1.71041 -0.0859413 -0.0245763
1.66319 -0.0476894 -0.0190822
1.60356 -0.0531597 -0.012917
1.60424 -0.0388165 -0.00692621
1.58269 -0.0155792 -0.0107724
1.50201 -0.053318 -0.0152768
1.41955 -0.0565128 -0.0174014
1.43445 -0.0247765 -0.0190617
1.37093 -0.0646877 -0.0188712
1.29552 -0.0430393 -0.0131218
1.2498 -0.0498848 -0.00853315
1.23741 -0.0228462 -0.00517145
1.21424 0.00298882 -0.0022327
1.1548 -0.00658226 -0.000462921
1.03935 -0.0164318 0.000651924
0.979212 -0.0157375 0.00294837
0.929767 0.0102024 0.000504581
0.891515 0.0139408 -0.000255497
0.862839 -0.0385418 -0.00140634
0.834274 0.0139446 0.000289051
0.916012 -0.00944901 -0.00159374
0.817226 -0.0208817 0.000212518
0.877731 0.00657845 0.00109157
0.853953 -0.012394 0.000452606
0.822348 0.00259781 0.000980941
0.764693 0.0133152 -0.00136844
0.800092 -0.0440426 -0.00614181
0.831046 0.0159054 -0.00613585
0.821722 -0.0210037 -0.0068349
0.763537 0.00759315 -0.00133434
0.801802 0.0100918 0.000873653
0.785379 0.0051136 0.00158223
0.835345 -0.0132828 0.000777809
0.796653 0.00905228 0.000132887
0.822623 0.00486374 0.000792591
0.696208 0.00934792 0.000722496
0.704063 0.0330391 -4.28279e-05
0.704015 0.0272179 -0.000103863
0.670298 0.00474739 -0.00264731
0.633645 -0.00771713 -0.00135341
0.527085 0.0128746 0.00224384
0.469498 -0.0278187 0.00243553
0.40895 0.00566101 0.00194344
0.307587 -0.0067215 -0.000662239
0.196253 0.0131073 0.00103053
0.138721 0.00874329 0.00109014
0.110328 0.0486202 0.000260679
0.0784206 0.0183201 0.000368444
0.0659027 0.0264931 0.000415413
0.0689144 0.0347805 -0.000303419
0.0517175 0.0394039 -0.000325354
0.0663307 0.0360451 -9.57568e-05
0.0633438 0.0383797 -0.00016466
0.067888 0.0431957 -0.00052038
