-0.00940704 -0.0240726 5.57105e-06
-0.00922871 -0.0250359 1.5823e-05
-0.0116739 -0.0271921 4.03802e-05
0.00774002 -0.0236912 -0.00199786
0.00904179 -0.0202589 -0.00205413
0.00418663 -0.0259275 -0.00181189
0.00810623 -0.0234756 -0.00203267
-0.00116634 -0.0319376 -0.001645
0.00014019 -0.036643 -0.00163999
0.000706673 -0.0349312 -0.0016512
0.00287628 -0.025053 -0.00191513
-0.000114441 -0.0301476 -0.00178209
0.000164986 -0.0246315 -0.00179449
-0.00319386 -0.027133 -0.00179687
0.00108719 -0.0243692 -0.00185123
0.00669956 -0.0236511 -0.0019745
0.0068655 -0.0223179 -0.0020372
0.00639629 -0.0208273 -0.00195781
0.0151215 -0.0120153 -0.00208965
0.00186348 -0.0285883 -0.00178781
-0.00194454 -0.0279922 -0.00171748
-0.00113487 -0.0389853 -0.00155798
-0.0113907 -0.0329456 -0.00157371
-0.00880146 -0.0313196 -0.001645
0.0119591 -0.0313025 -0.00168458
0.0162878 -0.0212908 -0.0021762
0.0099411 -0.0330048 -0.00180569
0.101885 -0.0452137 -0.000883253
0.136849 0.0188417 -2.89996e-05
0.198224 -0.0103483 -0.0013651
0.206813 -0.0073576 -0.000837239
0.303869 0.0111818 -0.000749501
0.303978 -0.0211554 0.000193445
0.389708 0.025116 -0.00199333
0.435704 -0.0128546 0.000248758
0.442917 0.0278454 2.79824e-05
0.449479 -0.0182638 -0.000342043
0.476872 0.0142527 -0.00137678
0.521786 -0.0177279 0.00111732
0.517924 -0.0359383 -0.00012699
0.496409 0.00939941 -0.000768336
0.507188 0.01406 -0.00146285
0.566733 0.0241928 0.000358669
0.541148 -0.00738049 0.000353901
0.559417 -0.0271578 0.00269112
0.510789 0.00896168 0.00143418
0.53752 0.0137119 0.00151738
0.548965 0.00502872 0.00274119
0.521768 -0.011241 0.00156626
0.513546 0.0276794 0.000803081
0.538588 -0.014205 0.00148973
0.51441 0.00816822 0.00208744
0.531445 -0.00517654 0.00097808
0.54967 -0.00977516 0.00175938
0.479765 -0.00951481 0.00326904
0.48456 0.0175743 0.00168571
0.516529 -0.00782299 0.00228509
0.465518 0.0173836 0.000906078
0.485068 0.0222855 0.000927774
0.443728 -0.00106144 -0.000341328
0.463771 0.0367908 -0.000293167
0.533264 0.00361729 0.000920383
0.452665 -0.00396538 -0.00078121
0.4229 0.0157795 0.00119456
0.372554 -0.00084877 0.00254521
0.365239 0.0193386 0.00204262
0.310235 -0.0108967 0.00549659
0.337061 -0.00566292 0.00696453
0.291632 0.0198717 0.00565633
0.317596 0.0160732 0.00739679
0.317822 0.0254745 0.0086821
0.300616 0.0173893 0.00954303
0.340511 0.063427 0.00990972
0.324007 0.00198936 0.0127953
0.436118 0.0260258 0.0133248
0.429793 0.0366802 0.0136817
0.433352 0.0338917 0.0157355
0.482713 0.100271 0.0149687
0.571701 0.00905609 0.0199872
0.627637 0.0162277 0.0218728
0.709746 0.0531616 0.0232728
0.733778 0.0459728 0.0229691
0.774907 0.0157909 0.0260538
0.81844 0.031395 0.0253945
0.883985 0.0124645 0.0226944
0.975055 -0.0311031 0.0146507
0.951517 -0.0627155 0.0119925
1.02729 -0.0113735 -0.000131043
0.98464 -0.0269337 -0.0108301
1.06876 -0.0813942 -0.0164076
1.04817 -0.0305576 -0.0220632
1.08845 -0.0553131 -0.0230285
1.15289 -0.0846233 -0.0261475
1.13533 -0.0347786 -0.0281803
1.16615 -0.0693398 -0.0298888
1.17206 -0.0609627 -0.0285713
1.25086 -0.0562592 -0.0272945
1.2438 -0.0322227 -0.0270838
1.27841 -0.0361366 -0.0196568
1.33615 -0.0458984 -0.0160977
1.34404 -0.0379524 -0.0125128
1.38515 -0.000120163 -0.0070757
1.43751 -0.0177288 -0.002484
1.41998 0.000956535 -0.000400217
1.52715 0.00851822 0.000442354
1.44083 0.00849247 0.00199351
1.46351 -0.01437 0.00154099
1.50072 0.0130806 0.000584928
1.45345 -0.0213985 0.0020388
1.47437 0.0134029 4.80096e-05
1.52175 0.0265446 0.00117692
1.5718 0.0238276 0.002534
1.5545 -0.00234318 0.00150999
1.5753 0.0326233 0.00230059
1.55031 -0.0150375 0.00833544
1.56917 0.0396481 0.00816306
1.55607 -0.00761127 0.0114504
1.56157 0.00745487 0.0112856
1.55481 0.0336628 0.0128177
1.49785 0.0220699 0.0123406
1.53252 0.014432 0.0162562
1.5489 0.0493789 0.0155235
1.50923 0.039463 0.0150283
1.49482 0.00636649 0.01575
1.48171 0.0045445 0.0160371
1.42491 0.0124094 0.0134588
1.41252 0.0330741 0.0151869
1.36431 0.0248179 0.0158919
1.37822 0.0486164 0.016774
1.3995 0.0607157 0.0165168
1.32091 0.0170317 0.0179006
1.31965 0.0220571 0.018869
1.26077 0.0329924 0.0177456
1.28333 0.0277596 0.0231191
1.23707 0.0623865 0.0202864
1.2404 0.0386152 0.0225707
1.23856 0.0556841 0.0223573
1.18993 0.0521221 0.0224403
1.18821 0.0494757 0.0224231
1.12996 0.0406275 0.0241779
1.16546 0.0451593 0.0240608
1.08596 0.0258636 0.0251807
1.12766 0.0159302 0.0261496
1.07054 0.0561371 0.029409
1.10457 0.0741711 0.0316165
1.09421 0.0342007 0.0329493
1.09091 0.049654 0.0302945
1.09764 0.0403862 0.0261751
1.12356 0.0351486 0.0159143
1.07313 -0.0119267 0.0114096
0.908344 -0.008955 0.0059081
0.840229 -0.00182915 0.00305828
0.663206 -0.00243378 -0.00201789
0.559732 -0.0245419 -0.00231758
0.568201 -0.00139999 -0.0024561
0.448503 -0.0169954 -0.00416056
0.481884 -0.0198307 -0.0032343
0.434325 -0.00858498 -0.00182691
0.459105 0.00335503 -0.00262585
0.423113 -0.0110197 -0.00262085
0.44181 -0.0223598 -0.00279847
0.469475 -0.0126572 -0.00179497
0.493704 0.00217819 -0.00249401
0.468111 -0.003582 -0.000933798
0.510358 -0.00695229 -0.0016605
0.525515 -0.0217686 -0.00163356
0.570845 -0.00794411 -0.00139943
0.622974 -0.00252819 -0.00278464
0.685535 -0.0162592 -0.000765236
0.745641 0.00336075 -0.00135747
0.751592 -0.00367451 -0.00159136
0.779528 0.014061 -0.00207868
0.746925 -0.0170336 0.000917761
0.812423 -0.0104561 -0.000956209
0.788318 -0.0035944 0.00108203
0.824897 0.0200319 0.000736324
0.936808 -0.00475693 0.000754921
0.889506 -0.00625229 0.00154528
0.933385 -0.0067997 0.0007852
0.984217 0.00442076 0.00153193
0.974296 -0.0137083 0.00131497
1.0676 -0.00422791 0.00137767
1.05377 0.00528431 0.000684349
1.07133 -0.00349212 0.000711052
1.08113 0.0275745 -0.00025812
1.18035 -0.00648034 -0.0031046
1.18426 0.00990963 -0.0039033
1.13558 -0.0278401 -0.0023605
1.19947 -0.0217543 -0.00430504
1.1561 -0.0160627 -0.00534979
1.2456 -0.0517139 -0.00339404
1.2651 -0.00407219 -0.00635138
1.25207 0.00328696 -0.0053629
1.30385 -0.0260358 -0.00777307
1.1861 -0.00768352 -0.0099124
1.3302 -0.0137539 -0.0101122
1.31756 0.0115833 -0.00920716
1.3097 -0.00640297 -0.0127453
1.3097 -0.0254226 -0.0113193
1.377 -0.00138378 -0.0151533
1.31112 -0.0337694 -0.0177702
1.21786 -0.0178049 -0.0159568
1.24097 0.00192976 -0.0185365
1.27176 -0.0483446 -0.0209123
1.27621 -0.0211668 -0.0188095
1.14857 -0.0181956 -0.016889
1.14569 -0.0274637 -0.017233
1.13448 -0.0350993 -0.0169221
1.08577 -0.0615072 -0.0144075
1.02681 0.00635052 -0.0125858
0.909099 -0.0377102 -0.00492993
0.858438 -0.0167389 -0.00410262
0.705066 -0.0200558 -0.00352636
0.715107 0.00288391 -0.00347987
0.638363 -0.0116053 -0.00212017
0.615138 0.00488377 -0.000981482
0.607133 0.00394058 -0.00160161
0.527385 0.0291662 0.00226149
0.581724 0.0433946 0.00364861
0.555334 0.00833511 0.00690231
0.576592 0.014748 0.00714215
0.5415 0.0155531 0.00950011
0.624068 0.00880474 0.00961527
0.660074 -0.0165995 0.00382337
0.690692 -0.0182145 -0.00465766
0.743961 -0.0205102 -0.0129959
0.815911 -0.0663209 -0.0194234
0.893268 -0.0388725 -0.0267443
0.917428 -0.0573177 -0.0272187
0.986206 -0.0715963 -0.0303027
1.08217 -0.00428057 -0.0290851
1.16879 -0.0289378 -0.0348066
1.24497 -0.129434 -0.0310158
1.22879 -0.0339153 -0.0345108
1.26999 -0.0921421 -0.0326718
1.35612 -0.0456181 -0.0238906
1.37172 -0.0271111 -0.0166897
1.38292 -0.0286732 -0.0117847
1.48859 0.00769806 -0.00511995
1.52139 -0.000953674 -0.00442448
1.52637 0.011734 -0.00394288
1.53781 -0.00741768 -0.00348821
1.57715 -0.010334 -0.00440112
1.63539 -0.0183983 -0.00228301
1.63112 -0.027442 -0.00419751
1.70993 0.0112534 -0.0049173
1.72164 0.0109043 -0.00832883
1.741 0.0197926 -0.00731817
1.78485 -0.0155296 -0.00991288
1.83627 -0.0101786 -0.0107223
1.89121 -0.0303612 -0.0148484
1.94552 -0.0400143 -0.01904
1.93988 -0.0584602 -0.0219692
1.90612 -0.00839615 -0.0180458
1.96936 -0.0266495 -0.0149149
1.93373 -0.0649586 -0.0134014
2.08349 -0.0443172 -0.012896
2.03899 -0.0535717 -0.0131561
2.0654 -0.0262032 -0.0130352
2.06922 -0.0216141 -0.0143234
2.13866 -0.0548706 -0.009051
2.13224 -0.0242996 -0.0105201
2.14259 -0.0310898 -0.010908
2.1048 -0.0391102 -0.00840965
2.10258 -0.053278 -0.0107311
2.16572 0.0114346 -0.0124604
2.06463 -0.029737 -0.0131601
2.11089 -0.0282927 -0.0131446
2.10357 -0.0103068 -0.0157665
2.07927 -0.0447029 -0.0154633
2.07047 -0.0775852 -0.0172736
2.09299 -0.0593675 -0.0226797
2.14497 -0.103912 -0.0209936
2.08377 -0.0282075 -0.0218369
2.14738 -0.0846834 -0.023266
2.07904 -0.000545979 -0.024651
2.13723 -0.0508818 -0.0252556
2.18353 -0.0739444 -0.0227529
2.08433 -0.0467981 -0.0255133
2.12938 -0.0826861 -0.0256263
2.16664 -0.0720437 -0.0263828
2.08634 -0.0710819 -0.0262045
2.085 -0.0435603 -0.0216357
2.10916 -0.0591446 -0.024078
2.10279 -0.0693772 -0.02325
2.16857 -0.128899 -0.0204627
2.10482 -0.0209541 -0.0214607
2.16931 -0.075577 -0.0190422
2.15994 -0.0711126 -0.0185496
2.1606 -0.0704336 -0.0171105
2.13787 -0.0771961 -0.017085
2.12555 -0.0260086 -0.016472
2.13891 -0.050631 -0.0162636
2.13137 -0.0402546 -0.015196
2.16585 -0.0552411 -0.014924
2.15492 -0.0459113 -0.0146236
2.20259 -0.0363441 -0.0122997
2.11468 -0.0157037 -0.0125932
2.16891 -0.0443363 -0.0103468
2.1753 -0.0340314 -0.0104393
2.13553 -0.000994682 -0.00304476
2.1037 0.0204682 0.00324711
2.12521 0.0351515 0.0105532
2.10382 0.0484413 0.0150612
2.05492 0.0425329 0.0171379
2.11227 0.093174 0.0183853
2.10365 0.057292 0.0216151
2.10858 0.0586031 0.0233708
2.12385 0.0233537 0.0275021
2.13757 0.127571 0.0276886
2.13359 0.117241 0.033706
2.17596 0.0564292 0.0344885
2.15076 0.0977445 0.0343302
2.17871 0.107357 0.0363575
2.20695 0.0944114 0.0382386
2.20743 0.103889 0.0417345
2.2385 0.131876 0.0429281
2.30318 0.123169 0.0449379
2.28938 0.0919018 0.0422593
2.23173 0.0492153 0.0326968
2.33334 0.12127 0.0284682
2.30931 0.0702872 0.0268827
2.31751 0.0702982 0.022091
2.34313 0.0678911 0.0191821
2.36636 0.0642281 0.0191332
2.40387 0.0501056 0.0138548
2.42387 -0.00817478 0.0162574
2.39131 0.0454609 0.00976643
2.40381 0.128621 0.012914
2.48717 -0.00261474 0.00976404
2.4311 0.044785 0.0138646
2.49486 0.0443749 0.00742683
2.47572 0.0131593 0.00982818
2.46058 -0.0299275 0.0102445
2.56593 0.0715313 0.00789532
2.51667 -0.0263786 0.0097495
2.52786 0.0252991 0.00799212
2.51985 0.055305 0.00376853
2.50576 -0.0677469 0.00606069
2.53363 0.0172896 0.00381097
2.50788 0.000419855 0.00542769
2.47398 0.0505785 0.00379905
2.45239 0.0281501 0.00481662
2.53171 0.0315342 0.00215921
2.52189 -0.0247345 0.000646202
2.42052 0.0446598 -0.0034701
2.52975 -0.0198398 0.00259623
2.55136 -0.0256348 0.00511774
2.50974 0.00898099 0.00229582
2.58036 -0.0139601 0.00380501
2.48771 -0.0502028 0.0027655
2.50176 -0.0545008 0.00316486
2.4724 -0.0464622 0.00338968
2.49382 0.0267415 0.000133363
2.40886 0.0393047 0.0011321
2.43614 0.0208263 0.00117454
2.42287 0.00911522 0.0021449
2.41171 0.0269532 0.00169596
2.41041 0.0279369 0.00162419
2.42796 0.00210476 0.00264486
2.38835 0.0452666 -0.000104817
2.29886 -0.0202394 -0.0052394
2.26834 -0.0280654 -0.00286332
2.31547 -0.000236034 0.0007852
2.29197 -0.00226068 0.00109324
2.25908 0.00562763 0.000884859
2.26692 0.00145483 0.00140485
2.22841 -0.0331669 0.00131902
2.24591 0.00268459 0.00138339
2.208 0.000347137 -0.00107804
2.22971 0.0172653 -0.00125566
2.16885 -0.029006 -0.000867518
2.08444 0.00658512 -0.00265542
2.02157 -0.025857 -0.00228158
2.01666 -0.0264244 0.00390896
1.96218 -0.01021 -0.000954779
1.93041 0.00834274 -0.000706824
1.79455 0.00191879 -0.00170246
1.76323 -0.0303254 -0.000138672
1.72751 -0.00884867 -0.000114353
1.6769 0.00336647 0.000922767
1.61686 -0.00216675 0.00197157
1.52457 0.00587082 -0.000717791
1.44752 -0.0435715 -0.00501505
1.41555 0.00812054 -0.0122902
1.38197 -0.0706081 -0.0244307
1.31541 -0.0471773 -0.0321678
1.32213 -0.104443 -0.0403465
1.2899 -0.0776672 -0.0443114
1.27184 -0.116119 -0.0534417
1.23148 -0.127208 -0.0601949
1.24403 -0.125441 -0.0682675
1.23995 -0.120776 -0.0746244
1.20492 -0.18451 -0.0850176
1.18957 -0.202889 -0.0944089
1.20681 -0.223472 -0.102805
1.21153 -0.215468 -0.104802
1.19728 -0.224901 -0.108362
1.20076 -0.252617 -0.105441
1.23181 -0.182572 -0.0908894
1.29632 -0.213652 -0.0744707
1.38066 -0.137647 -0.0574004
1.39301 -0.119192 -0.050192
1.42711 -0.118921 -0.0416297
1.50673 -0.119867 -0.0332049
1.55595 -0.0663118 -0.027547
1.62279 -0.0759144 -0.0215985
1.68861 -0.0534363 -0.0204724
1.71387 -0.0301189 -0.0199815
1.73503 -0.0434399 -0.019067
1.85275 -0.0515327 -0.0164248
1.85602 -0.0288181 -0.0196768
1.87876 -0.0366163 -0.0161869
1.98515 -0.0558527 -0.0164939
2.03283 -0.0463352 -0.0131475
2.05807 0.0122809 -0.0110504
2.07769 -0.0552483 -0.0108139
2.19575 -0.0116463 -0.0108139
2.23856 -0.0182295 -0.0124528
2.22643 -0.0172153 -0.0076541
2.29765 -0.0361466 -0.00243321
2.33922 -0.00176382 0.00162133
2.40238 -0.00363541 0.0045608
2.45454 -0.0324297 0.00364908
2.43206 0.0236921 0.00283631
2.51159 -0.00562954 0.00361332
2.49876 0.00355911 0.00274142
2.54247 0.0213385 0.00337395
2.56586 0.0203886 0.00466618
2.5135 -0.0266733 0.00161585
2.54931 0.0187616 0.000984041
2.68317 0.0553703 0.00393995
2.6566 0.0305862 0.00441846
2.60197 0.0177784 0.00247845
2.67772 0.0802898 -0.00139848
2.62009 0.0648518 -0.00518123
2.72756 -0.0316525 -0.00315705
2.71992 0.0743637 -0.0033485
2.77472 -0.0494576 -0.00270263
2.67229 -0.0185375 -0.00152269
2.65492 0.0413098 -0.00157228
2.68537 -0.0366521 -0.00647488
2.64572 -0.0320845 -0.00652161
2.68101 -0.0149574 -0.00955621
2.76501 -0.000797272 -0.0137133
2.74325 -0.0766335 -0.0113155
2.69443 -0.0952311 -0.0114256
2.70888 -0.0185776 -0.0106951
2.55166 -0.0387955 -0.00817648
2.69747 -0.053875 -0.0103096
2.68377 -0.00638962 -0.0103647
2.73894 -0.00930405 -0.0125135
2.68734 -0.0340414 -0.0150839
2.72072 -0.0168304 -0.014146
2.7434 -0.0028553 -0.0157947
2.73124 -0.0298262 -0.0131222
2.74884 -0.00297546 -0.0139064
2.75211 0.00234222 -0.0162055
2.8079 0.00776577 -0.016478
2.74508 -0.00544262 -0.0158414
2.772 -0.00701141 -0.0162343
2.83305 -0.0346403 -0.0120949
2.86112 0.0455437 -0.0109297
2.82967 -0.0207605 -0.0103137
2.83891 0.00965881 -0.00972405
2.87987 0.0411386 -0.0115761
2.79338 0.00462246 -0.00804511
2.80611 -0.0430074 -0.0113031
2.77007 -0.0462236 -0.00907985
2.85507 0.00198746 -0.0117277
2.84732 -0.037632 -0.00849834
2.84095 -0.0454445 -0.0103315
2.83096 -0.0339799 -0.00612274
2.90198 -0.031745 -0.00228778
2.88601 0.0493392 0.00132856
2.92197 0.0785553 0.00103125
2.92808 -0.0736773 0.00194368
2.90868 0.0198708 0.00119027
2.88723 0.0214866 0.00123867
2.89736 0.00843358 -0.00150553
2.89344 -0.0292007 -0.000884684
2.83934 -0.0152274 -0.000957878
2.90669 0.0261149 -0.000862988
2.89404 -0.0838666 -0.00200311
2.88568 -0.00120348 -0.00282398
2.93328 -0.0518453 -0.00278989
2.91193 -0.0554851 -0.000337036
2.8376 -0.0668007 0.00580534
2.84155 0.0167291 0.00369271
2.78449 0.0282634 0.0029715
2.8216 -0.0362114 0.00361427
2.84982 -0.0441712 0.00339636
2.85877 -0.00294489 0.00293979
2.70966 -0.0573847 -0.00274649
2.7497 0.0167608 -0.00391999
2.80249 0.0144992 -0.00240723
2.76608 0.0611696 -0.00321189
2.78773 0.017379 -0.00600735
2.84396 0.0780845 -0.00667873
2.82409 -0.0472651 -0.00851646
2.81238 0.0384226 -0.00899235
2.75743 -0.011817 -0.011125
2.76954 -0.00736523 -0.010456
2.808 -0.058794 -0.0125934
2.78928 -0.030036 -0.0108806
2.83446 -0.0649967 -0.00890652
2.73461 -0.0665054 -0.00803176
2.81385 -0.0125675 -0.0100938
2.82756 0.0324917 -0.0103385
2.86374 -0.0466766 -0.00667969
2.81097 -0.100353 -0.0062336
2.90232 0.070137 -0.00667849
2.89108 0.00452995 -0.00758973
2.87546 0.00038147 -0.00736252
2.92982 -0.0714855 -0.00875178
2.8376 -0.0289936 -0.0062863
2.81532 0.0149479 -0.00875369
2.83081 -0.0132198 -0.0068914
2.81607 -0.0238504 -0.00413338
2.82539 -0.0298634 -0.00273672
2.79679 -0.0343323 0.00203237
2.84158 -0.0212841 -0.000495108
2.7694 -0.0524788 0.00461873
2.81213 -0.00865173 0.00046548
2.818 -0.00228691 0.00354537
2.79807 -0.0474968 0.00456056
2.81447 0.0496116 0.0118719
2.80942 0.0502367 0.0101303
2.81381 0.0141478 0.0141591
2.7972 0.0650206 0.0119196
2.78381 0.0693321 0.0114313
2.82266 0.0164127 0.0110339
2.815 0.0487318 0.0135449
2.88316 0.0745487 0.0151382
2.89469 0.0351753 0.0160516
2.9171 0.0088954 0.0119923
2.91221 0.0232158 0.0126837
2.83703 0.0568689 0.012549
2.95139 0.0590129 0.00826105
2.92186 0.0559273 0.0145558
2.86438 0.0552673 0.00918945
2.93377 0.0563493 0.0080491
2.89923 0.0237045 0.00421557
2.97003 0.0377951 -0.0017139
2.92485 0.0227985 -0.000222119
2.79789 0.0205078 0.000243751
2.94266 -0.0219412 0.00116667
2.86022 0.00475883 0.00247058
2.94283 0.0449295 0.00397071
2.90067 0.025116 0.000882951
2.92588 0.0491791 -0.00380388
2.94464 0.0380497 0.0005711
2.94728 0.0323505 0.00331172
3.06409 0.0336685 0.00200686
3.00032 0.0166416 0.000591366
2.96061 0.0813742 -0.00233951
3.02639 0.0572567 0.00240239
3.03059 0.0290804 0.00321325
2.99339 0.0460711 0.00433335
3.10946 0.0359983 0.00307521
3.07512 0.0816126 0.00464997
3.08137 0.0842676 0.00463995
3.12138 0.0813723 0.0018259
3.12131 -0.0448542 0.00382194
3.09254 0.0776196 0.00320777
3.03907 0.0118446 0.00513348
3.12594 0.0142107 0.00390443
3.14763 0.0135622 0.00314745
3.0461 0.0150995 -0.000926646
3.08068 0.0423708 0.00173077
3.00105 -0.0138121 0.00146469
3.07186 0.00650215 0.0023919
3.01036 -0.0246792 -0.00029579
2.99448 0.00134277 -0.00452438
3.03824 -0.00326395 0.000630466
3.01436 0.0527735 0.00122484
2.91905 0.068634 0.00200233
3.03446 0.023036 0.00188049
2.86584 0.0447621 0.0062941
2.97787 0.0390964 0.00399741
2.9598 0.0229225 0.00216135
2.91672 -0.0196414 0.0041233
2.9008 0.0411482 0.00391325
2.90584 0.00285625 0.00311741
2.82088 0.0117893 0.00519404
2.82916 0.00802135 0.00566444
2.81833 -0.0217094 0.00630125
2.78097 -0.00544453 0.00615725
2.78095 0.0340443 0.00448951
2.74791 0.0311298 0.00375351
2.7351 0.00316525 0.00458988
2.73206 -0.0222631 0.00142535
2.69494 -0.0411186 0.00390276
2.70349 0.00584507 0.00450811
2.63758 -0.0270405 0.00438699
2.6091 -0.0227251 -0.000522765
2.56518 0.00177586 -0.000463637
2.55768 0.0243427 -0.00155679
2.44806 0.0302181 -0.00334302
2.45065 -0.0756791 -0.00177756
2.3401 0.0155332 -0.00251094
2.37343 -0.00117838 -0.0033392
2.29607 -0.0294394 -0.00462285
2.28286 -0.00641227 -0.00529972
2.23419 0.0295134 -0.00560704
2.29282 0.00479579 -0.00567594
2.16258 -0.0291142 -0.00986973
2.02918 -0.118073 -0.00962439
2.01595 -0.0355625 -0.0208687
1.94321 -0.0649052 -0.02482
1.71703 -0.094636 -0.0371565
1.65065 -0.115148 -0.0417945
1.57797 -0.16865 -0.0497531
1.52683 -0.149773 -0.0520159
1.32662 -0.193121 -0.0654582
1.45058 -0.237468 -0.0757879
1.30839 -0.15843 -0.0780937
1.37023 -0.16381 -0.075458
1.38119 -0.176925 -0.0764262
1.36693 -0.177236 -0.0715086
1.38937 -0.122249 -0.0696556
1.34729 -0.157042 -0.0583476
1.35565 -0.10072 -0.0489434
1.38803 -0.074955 -0.0458857
1.40329 -0.0711765 -0.041036
1.3595 -0.124969 -0.0385911
1.39673 -0.0881062 -0.035165
1.41689 -0.0643024 -0.0281569
1.41726 -0.0576859 -0.0180179
1.46864 -0.0510082 -0.0115522
1.42741 -0.0348969 -0.011227
1.50298 -0.0506821 -0.00387565
1.5132 -0.0435982 -0.00288764
1.55286 -0.0576553 -0.00186578
1.5743 0.0278473 0.000758497
1.6171 0.0124969 0.00193867
1.60392 -0.0400715 0.00268897
1.63967 -0.00806999 0.00445494
1.64354 -0.0116348 -0.00169626
1.64128 -0.00444221 0.00553211
1.66736 -0.0530167 0.0067645
1.65508 -0.0183201 0.00466451
1.72275 -0.0220413 0.00209626
1.7072 -0.0175228 0.00015196
1.69222 -0.074131 -0.00387755
1.71859 -0.0238266 -0.00428406
1.66068 0.00183296 -0.00840369
1.68733 -0.0717239 -0.0148882
1.654 -0.0327663 -0.0176963
1.61253 -0.0204887 -0.0217787
1.61125 -0.0237074 -0.0203084
1.58893 -0.102571 -0.0182296
1.60531 -0.0461941 -0.0209464
1.47022 0.000901937 -0.0140938
1.49099 -0.0673198 -0.00968805
1.49948 -0.0132962 -0.00327674
1.4889 0.0181533 0.00509128
1.61734 -0.052053 0.0123974
1.53494 0.0181427 0.0180329
1.52481 0.0510354 0.0238825
1.5466 0.0257869 0.0276369
1.60733 0.0983253 0.029729
1.52466 0.0726027 0.0321089
1.52538 0.0915275 0.0336634
1.55242 0.0568132 0.0342317
1.58642 0.0584016 0.0360447
1.55933 0.123823 0.0360058
1.68256 0.121416 0.0376156
1.70561 0.0208702 0.0263256
1.63988 0.048068 0.0154177
1.6804 0.0149822 0.00705203
1.66005 -0.0277119 -0.00250831
1.67623 -0.025363 -0.00900427
1.7134 3.71933e-05 -0.00935593
1.69549 -0.0255628 -0.00920668
1.7085 -0.040804 -0.0103652
1.75087 -0.0211415 -0.00963608
1.71985 -0.000845909 -0.00827757
1.75032 -0.0398874 -0.00588981
1.73068 -0.00568581 -0.0075225
1.77899 -0.0643244 -0.00544921
1.71332 0.0504684 -0.00545517
1.73361 0.0159178 -0.00441113
1.76487 -0.0032053 -0.00486794
1.78298 -0.0551863 -0.00626818
1.72972 -0.00154591 -0.00273386
1.7366 0.00809765 -0.00134555
1.75167 0.0101681 -0.0034627
1.70611 -0.0396852 -0.00405446
1.70389 0.00663948 -0.00281111
1.71373 -0.00792503 -0.00352612
1.73344 0.00347042 -0.00315276
1.72009 0.00935936 -0.00169292
1.73764 -0.0435467 -0.00235144
1.65361 -0.00444126 -0.00326124
1.61765 0.0179415 -0.00329748
1.65128 -0.0189848 -0.00285664
1.61626 -0.0122108 -0.0045096
1.58973 -0.0103302 -0.000334652
1.55486 0.0165505 -0.00290647
1.53988 -0.00656128 -0.00302711
1.56524 -0.0427074 -0.00384608
1.56962 -0.0167036 -0.00542918
1.50399 0.00545979 -0.00312558
1.56913 0.0295706 -0.00128976
1.38596 0.00433445 -0.0042533
1.45654 -0.00226402 -0.00533834
1.49754 -0.0358124 -0.00655332
1.43565 0.0203876 -0.00990287
1.46905 -0.0200033 -0.0147485
1.43459 -0.0331841 -0.0216054
1.47887 -0.0347919 -0.026941
1.36062 -0.126236 -0.0284523
1.32442 -0.0678501 -0.0310201
1.31693 -0.125372 -0.0326828
1.30587 -0.0732946 -0.0430144
1.23235 -0.0831318 -0.0419134
1.20035 -0.107841 -0.0484931
1.16456 -0.090868 -0.0539385
1.14706 -0.145037 -0.0628573
1.1596 -0.146757 -0.0633434
1.11128 -0.117735 -0.0662674
1.13344 -0.164698 -0.0702983
1.11172 -0.151788 -0.0709514
1.11629 -0.136812 -0.0723452
1.08126 -0.137621 -0.0709275
1.06502 -0.158838 -0.0700227
1.08566 -0.119606 -0.0695833
1.09928 -0.127131 -0.0695895
1.10701 -0.142665 -0.0692789
1.06575 -0.183268 -0.064896
1.10535 -0.146358 -0.0586888
1.13018 -0.129124 -0.0547942
1.21939 -0.11271 -0.0515937
1.20482 -0.0927465 -0.0487188
1.20877 -0.0971346 -0.0372631
1.2329 -0.0762577 -0.0314588
1.23547 -0.0480013 -0.0246388
1.26081 -0.0161042 -0.0186733
1.30958 -0.0493183 -0.0107171
1.36116 -0.0118999 -0.00833026
1.54604 0.0201178 -0.0132782
1.33867 0.0138192 -0.00752774
1.3871 -0.00394535 -0.00525347
1.4367 -0.045063 -0.0014135
1.46747 -0.0419369 -0.00454584
1.41167 -0.0241528 -4.13974e-05
1.49606 -0.0480452 -0.00142685
1.45009 0.0498452 0.00563893
1.47488 0.0512633 0.00146779
1.48908 0.00295901 0.00310883
1.42523 -0.0207208 0.00268802
1.42022 0.0428429 0.00377521
1.48487 0.0530007 0.00115236
1.42056 -0.0092454 0.00438008
1.44275 -0.0122499 0.00265536
1.30571 -0.0645866 0.00379619
1.26632 0.023015 0.00117788
1.16999 -0.0574179 0.000442831
1.155 0.0283146 -0.0028669
0.944468 -0.0407343 0.00462708
0.921329 -0.00129032 0.00570068
0.828506 0.00713634 0.00633582
0.751867 0.016654 0.00404271
0.740729 0.000444412 0.0013946
0.702721 0.00423765 0.00123581
0.618396 0.0408735 0.0026606
0.559184 0.00706482 0.00373468
0.535959 -0.00875282 0.0100587
0.563729 0.0343618 0.0220152
0.592906 0.0650654 0.0290764
0.600813 0.081049 0.0298603
0.670423 0.062974 0.0319696
0.703611 0.0628238 0.022899
0.737468 0.00801516 0.0118524
0.80761 0.0148258 0.00145063
0.78512 0.0167074 -0.00263444
0.914027 -0.00781393 -0.00535432
0.979614 -0.0258226 -0.00938669
1.02684 -0.00546885 -0.0112163
1.10642 -0.0194316 -0.0130745
1.13172 -0.0498037 -0.0175709
1.20105 -0.0200665 -0.0171856
1.24522 -0.0668151 -0.0163912
1.26967 -0.054913 -0.0206253
1.31889 -0.01894 -0.0196516
1.35428 -0.0446897 -0.0164639
1.40992 -0.0621538 -0.0166661
1.44086 0.00177741 -0.0120594
1.52781 -0.0270147 -0.0082461
1.56669 0.00796843 -0.00569835
1.60506 -0.0298304 -0.00644961
1.65236 -0.0083909 -0.00441566
1.68959 0.0393257 -0.00578109
1.76892 0.00595856 -0.00319377
1.81847 -0.0107794 -0.000437411
1.80409 0.0198431 0.0036684
1.82118 -0.000214577 0.00195154
1.80235 -0.0232344 0.00254449
1.79036 -0.00620985 0.00252232
1.80788 0.030798 0.00280365
1.83341 -0.0123835 0.00367841
1.78151 0.0473766 -0.000810059
1.83692 0.00926542 -0.0001525
1.83633 0.036911 0.000309078
1.82957 -0.00357294 0.00318631
1.80581 0.025716 0.0027996
1.7907 0.019065 0.00347289
1.71796 0.00884318 0.0011445
1.74728 0.0218539 0.00236687
1.77 -0.0230087 -0.000816258
1.69076 -0.0439764 -0.00148788
1.69067 -0.0365015 -0.00218788
1.64522 0.00431848 -0.00150123
1.71073 0.0188516 -0.00680581
1.69799 0.0436568 -0.00719372
1.68839 -0.0328655 -0.0103823
1.7263 -0.0527344 -0.00814
1.72611 -0.0239239 -0.00740996
1.71637 -0.0306669 -0.00907007
1.72125 -0.116365 -0.00506059
1.72533 -0.00548077 -0.00719014
1.72786 0.0438042 -0.00680795
1.6737 0.0079174 -0.00716177
1.73655 -0.00862694 -0.00351134
1.77575 -0.0279388 -0.00566903
1.76878 0.0020895 -0.00359264
1.75119 0.00254726 -0.00433746
1.71225 0.0499935 -0.000626953
1.75673 -0.03162 0.00195679
1.74559 0.0314407 0.00312051
1.72077 -0.00556946 0.00464925
1.74911 0.0237112 0.00509414
1.72453 -0.0151539 0.00598272
1.69389 0.03262 0.00635156
1.65157 -0.00611496 0.00263127
1.62707 -0.0154214 0.00283322
1.54482 -0.0198851 0.0015479
1.5658 -0.00533867 0.00183543
1.55607 0.00410032 0.00155934
1.47266 -0.0206194 0.00372681
1.44093 -0.0196009 0.00587663
1.34737 0.00638437 0.00832137
1.35741 0.0191379 0.00516304
1.3345 0.00529337 0.0052832
1.39793 -0.00869513 0.0048345
1.33115 -0.0151296 0.00495276
1.30705 0.0226598 0.00552377
1.29977 -0.000401497 0.00570401
1.28669 0.0330334 0.00473127
1.24657 0.00572014 0.00232371
1.2407 0.0111599 0.00558099
1.2591 -0.0157967 0.00490412
1.26055 0.00363541 0.00284728
1.24763 -0.0018177 0.00369605
1.30943 -0.00196648 0.00550374
1.27155 0.0590758 0.00913796
1.28938 0.0286684 0.011464
1.30857 0.108382 0.0102266
1.3532 -0.0128565 0.00673374
1.38277 -0.0025034 0.00673684
1.39743 -0.0388813 0.00419935
1.43542 0.0147414 0.000676481
1.43385 -0.0440931 -0.00361887
1.4313 0.00858974 -0.00435701
1.45868 -0.01169 -0.00728384
1.47521 -0.0308335 -0.0076448
1.46765 -0.0350566 -0.0107137
1.51179 -0.0438395 -0.0109035
1.49685 -0.0285084 -0.00925961
1.5177 -0.033963 -0.00792161
1.50337 -0.0382154 -0.00383297
1.56704 -0.0262408 -0.0062553
1.49296 -0.0312099 -0.00228563
1.52779 -0.0293856 -0.00324503
1.46434 -0.0124216 -0.00368682
1.43205 -0.00941849 0.00112495
1.40686 -0.0563345 0.00190815
1.35899 0.00132751 0.00418314
1.33609 0.0202923 0.00607905
1.27443 0.00847435 0.0053502
1.18347 0.0182943 0.0032874
1.17125 -0.00751352 0.00431165
1.0744 -0.0211701 0.00323853
0.997558 0.0197492 0.00796994
0.882383 -0.0292544 0.00169596
0.87063 0.0099268 0.00424251
0.794027 0.0221729 0.00398382
0.741152 -0.0454819 0.00278172
0.668539 0.0667667 0.000654546
0.572696 0.0175076 0.00140819
0.488935 -0.0355384 -0.00167838
0.40029 0.0229516 0.000596849
0.302106 0.0112629 0.00138363
0.23565 -0.0163555 0.000398723
0.199763 0.0106375 2.36909e-05
0.175794 0.0110806 0.0014635
0.121341 0.00953422 0.00201162
0.0817655 0.013588 0.000370351
0.0520554 0.000227809 0.000279514
0.0644996 0.0100765 7.49509e-05
0.0741978 0.00329852 0.000408737
0.069411 0.0145296 0.000349132
0.0658476 -0.00431395 0.000102131
0.0526788 -0.00921869 0.000717966
8.58307e-05 -0.00760698 0.00174054
-0.0441504 -0.0116472 -0.000671538
-0.0403617 0.00581682 -0.000418099
0.0113543 0.0219456 0.00131258
-0.0241717 0.017206 0.000761358
0.007375 -0.0150352 0.00137791
-0.0228023 -0.0094651 0.00028619
-0.0398162 -0.018702 -0.000196369
-0.0428008 -0.012249 -0.000692757
0.00311732 -0.0548964 -0.000924738
-0.0101266 -0.0358391 -0.0011839
-0.00827718 -0.0132713 -0.00221506
0.0285475 -0.00382233 -0.00172559
0.0271964 0.00448751 -0.00142184
0.0719223 0.0115299 0.000765888
0.0146604 0.0229349 0.00238213
0.0695152 0.00567436 0.000246612
0.0704589 0.0238197 0.000490514
0.0765085 0.0183005 0.000582544
0.0700288 0.0190697 0.000681249
0.0791731 -0.0141718 0.0002695
0.0732675 -0.0095799 0.00066456
0.0731125 0.00898719 0.000600187
0.0788188 0.01106 0.000584213
0.071135 0.00696093 0.000394432
0.0746527 0.0152493 0.0004023
0.0716972 0.0145102 0.000358431
0.0717573 0.0134977 0.000250904
0.0678544 0.0195843 0.000377266
0.0704908 0.0104514 0.000152914
0.077498 0.0057348 5.54005e-05
0.0721686 0.0174295 0.000321953
0.071691 0.00796664 7.63814e-05
0.0769763 0.01219 0.000251619
0.0704887 0.0137503 3.96649e-05
0.0720906 0.00887847 0.000146953
0.0709343 0.00496656 -0.000338705
0.0728805 0.0011515 -0.000209483
0.071981 -0.0118189 0.000256149
0.0744076 0.00220418 0.000547973
0.0702207 0.00646257 4.49101e-05
0.0750775 0.00391543 0.000274507
0.0703235 -0.0174168 0.000115005
0.0715904 0.0159935 0.000257341
0.0740447 0.0114888 0.000138132
0.0753901 0.0119759 9.11633e-05
0.0696855 0.012648 0.000214426
0.0684571 0.000899434 3.91881e-05
0.0709362 0.0184559 0.0003992
0.0684586 0.0166798 0.00027403
0.0741426 0.00720847 8.11497e-05
0.0707994 0.00408304 0.000386564
0.0692196 0.0130919 -0.000382574
0.0672667 0.0250902 -9.05116e-05
0.0707896 0.0189351 -0.000209483
0.0673347 0.0121056 0.000375835
0.0695343 0.00468612 0.000349847
0.0703478 -0.0109074 0.000129787
0.0674415 -0.0182407 0.000154583
0.0688393 0.0222077 0.000552026
0.0676665 0.0216217 -2.11318e-05
0.0663896 0.0263554 -6.76235e-05
0.0667334 0.024653 -9.2109e-06
0.0659657 0.0262997 -0.000141533
0.0743905 0.0162871 0.000419466
0.0733061 0.0193487 0.00047001
0.0723803 0.0211201 0.000313131
0.0644634 0.0246344 -0.000310572
0.0732296 0.0207522 0.000261394
0.0723689 0.0171988 -0.000122221
0.0715764 0.0271886 -5.30799e-05
0.0724256 0.0251892 0.000513879
0.0682628 0.0273487 2.44061e-05
0.0697529 0.0258726 0.000155298
0.06987 0.0221807 0.000289766
0.0723426 0.0211692 0.000209896
0.0735013 0.0189118 0.000135032
0.0678701 0.0194221 -0.000198992
0.0688107 0.0190135 -0.000226887
0.0571766 -0.000192642 0.00066456
0.0761045 0.00431091 -0.000350626
0.0725801 0.0130466 -3.47217e-05
0.0674709 0.0229298 -6.07093e-05
0.0718861 0.0180587 0.000303356
0.0705057 0.0193723 0.000251857
0.0698116 0.0264385 0.00014743
0.075423 0.0140294 0.000329343
0.0719416 0.0171577 -0.00027624
0.0674846 0.0277201 0.000149099
0.0673258 0.0274594 -7.54197e-06
0.066493 0.0240011 -0.000355633
0.0716063 0.0249754 1.22468e-05
0.0676029 0.0276487 9.04481e-05
0.0712419 0.0210123 0.000145284
0.0679016 0.0207206 0.000218479
0.0685856 0.0310144 8.7587e-05
0.0707102 0.0290762 0.000203458
0.0723627 0.0281516 0.000164596
0.0708885 0.0272031 0.00021824
0.0684991 0.0302341 -0.000259789
0.0683212 0.0241404 -0.000256689
0.0672989 0.0259378 -0.000210198
0.0666509 0.0276918 -5.7133e-05
0.0652859 0.0257899 -0.000122698
0.0703232 0.0275192 -0.000310572
0.068455 0.0286058 -0.000141772
0.0671277 0.0275023 -0.000168713
0.0672772 0.023607 -0.000283154
0.0674977 0.0265542 -0.000228318
0.0694904 0.0301449 -0.000251683
0.0687361 0.0242002 -0.000129851
0.0667927 0.0257789 -0.000326784
0.0668392 0.0241431 -0.000134619
0.0648978 0.0255347 -4.64042e-05
0.0694547 0.02396 -0.000376614
0.0663228 0.0286721 -9.8141e-05
0.0687242 0.0240306 -0.000243338
0.068656 0.0235388 -2.20855e-05
0.0663731 0.0285019 -0.000110062
0.0701132 0.020538 -9.62337e-05
0.0675704 0.0244711 -0.000115784
0.070039 0.0294639 -8.47896e-05
0.0698159 0.0249232 -0.000263127
0.0724835 0.0272678 0.000134556
0.0738089 0.0278319 3.13203e-05
0.0683298 0.0211807 -0.000232609
0.0684233 0.020528 -9.19422e-05
0.0702674 0.0304087 -0.000119837
0.0692153 0.0202353 -0.000136526
0.0723145 0.0204998 -4.1159e-05
0.0677934 0.0233076 -6.81003e-05
0.0693839 0.0168333 -0.000240715
0.0688851 0.0187325 -0.000131043
0.0672734 0.0268067 -0.000141056
0.0691317 0.0224677 -6.23782e-05
0.0683146 0.0224451 -0.000101479
0.0691435 0.0320167 -0.000328692
0.0661633 0.0249312 -0.000237616
0.0710952 0.0243345 0.00017914
0.0701287 0.0176034 -8.64585e-05
0.0653446 0.0261517 0.000115005
0.0695407 0.0274091 7.23998e-06
0.0704727 0.0259626 2.67903e-05
0.0683105 0.0275037 0.000125257
0.0654035 0.0279565 -0.000346335
0.0684943 0.0248022 -0.00034705
0.0649173 0.016956 -5.45104e-05
0.0691075 0.0240799 -0.000171097
0.0673544 0.025544 -8.19286e-05
0.0667665 0.0246519 -8.40743e-05
0.070055 0.0287693 0.000194875
0.0690863 0.0247794 8.94944e-05
0.0706704 0.0238205 5.87384e-05
0.0674427 0.0273501 0.000145284
0.0682125 0.0256063 0.000103561
0.0699399 0.0282764 0.00028309
0.0709014 0.0311807 0.000294058
0.0718257 0.0217851 9.83159e-05
0.0678763 0.0243316 0.000103323
0.0649641 0.0249017 -0.000178965
0.0731914 0.0247363 7.70966e-05
0.069675 0.0269426 0.000260202
0.0711982 0.0317183 0.000104276
0.0699077 0.0242383 0.000153867
0.0719252 0.0278485 2.7744e-05
0.0715597 0.026849 2.6075e-05
0.0691488 0.0212421 -9.00348e-05
0.0663867 0.0271676 9.06865e-05
0.0692871 0.0245554 -0.000252875
0.0667124 0.0281962 -5.28415e-05
0.0695972 0.0290812 -0.000233801
0.066005 0.0276496 -0.00030485
0.0688438 0.0300313 -0.000109347
0.06706 0.0271107 -0.000168951
0.0652492 0.0224243 -0.000198038
0.0680211 0.0275943 3.15587e-05
0.0672874 0.0275522 -6.69082e-05
0.0677595 0.0294524 -0.000123652
0.0693989 0.0266725 -4.61658e-05
0.0651476 0.0276663 -0.000125798
0.0663648 0.0252634 -0.00014654
0.0664523 0.0253584 -4.13974e-05
0.0658977 0.0297176 -0.00013748
0.0652359 0.0226705 -0.000106247
0.0687933 0.0230017 -0.000264796
0.0686815 0.0305815 -0.000172528
0.0664041 0.0249193 -0.000162037
0.0666256 0.0312592 -0.000166806
0.0695801 0.0295516 -0.000160368
0.0634146 0.024616 -0.00017372
0.0655189 0.0282933 -0.00018421
0.0690415 0.0266597 -0.000193508
0.0636921 0.0245993 -0.000258835
0.0688896 0.025123 -0.000259074
0.0649331 0.0269003 -8.88427e-05
0.0713229 0.0245793 -0.000196608
0.0673223 0.0280811 -0.000229033
0.0688362 0.0263454 2.98897e-05
0.0683076 0.0261799 3.13203e-05
0.0697298 0.0289041 4.5387e-05
0.0682209 0.0227431 -0.000247153
0.065649 0.0281963 -0.000312718
0.0706987 0.0211968 0.000147669
0.0678408 0.0279399 0.000174848
0.0687692 0.0301683 7.08977e-05
0.0674891 0.0275539 1.75635e-06
0.0674789 0.0299869 6.56525e-05
0.0663755 0.0290344 0.000182716
0.0715885 0.0253985 0.00015053
0.0698414 0.0278693 4.77711e-05
0.0669527 0.0269746 4.37896e-06
0.0688276 0.0266887 -0.00012389
0.0706427 0.0256362 8.68718e-05
0.0699108 0.0288275 0.000233738
0.0665171 0.0249822 0.000147192
0.0680091 0.025048 -0.000129135
0.069433 0.0201949 -0.000229271
0.0689666 0.0202458 -3.25044e-06
0.0696278 0.0254431 -2.30392e-05
0.065897 0.0255263 -0.000214728
0.0688462 0.0271865 0.000121442
0.0673263 0.025931 0.000219671
0.0717382 0.0238664 0.000100223
0.0764294 0.0194284 0.000163166
0.0771683 0.0136467 0.000227777
0.0744805 0.0114194 0.000224678
0.0735943 0.0223376 0.00012478
0.0704249 0.016074 -0.000272902
0.0744026 0.0168869 -7.07229e-05
0.0713683 0.0182662 -8.74122e-05
0.0699333 0.0224612 -2.42313e-05
0.0707604 0.0195442 0.000228492
0.0684651 0.0253481 0.000210611
0.0706793 0.0292224 6.56525e-05
0.0693762 0.0261033 0.000228016
0.0682037 0.0239358 -2.92381e-05
0.0702434 0.0286366 0.000275699
0.0689125 0.0247753 0.000225631
0.068413 0.0263991 0.000196306
0.0745974 0.025192 0.000216571
0.0691888 0.023214 0.000106422
0.0714779 0.018728 0.000165312
0.070636 -0.00701439 0.000345318
0.0671976 -0.0210904 0.000106422
0.0679947 -0.0182724 0.000327198
0.0670629 -0.00678873 0.000320999
0.0698671 -0.0225418 0.00017461
0.0667555 -0.00915647 0.000166504
0.07019 -0.0127957 0.000505296
0.0696096 -0.0264669 0.00042781
0.0704718 -0.022529 0.000203458
0.068687 -0.0243915 0.000220863
0.0677142 -0.0127113 0.000214903
0.0658121 -0.00203633 0.000541298
0.0689023 -0.000866473 0.000413505
0.0688617 0.00637621 0.000569669
0.0715506 0.0296757 0.000134556
0.0649321 0.022855 0.000236122
0.0681205 0.0237022 -0.000250014
0.0657327 0.0243164 0.000104753
0.071398 0.0277547 0.000126211
0.0671256 0.0271456 -9.2109e-06
0.0666616 0.0269421 -0.000193747
0.0662012 0.0274085 -7.35839e-05
0.0703583 0.0290638 -8.9558e-05
0.0680988 0.0198165 0.000234214
0.0667601 0.0264044 0.000124065
0.0647957 0.0278956 0.000197975
0.0691917 0.0258104 -0.000242146
0.0677836 0.0273457 -0.000178727
0.0700371 0.0262349 9.62417e-06
0.0711102 0.0213073 0.000279037
0.066988 0.0271789 1.62999e-05
0.0702832 0.0268531 0.000202743
0.0720105 0.0173328 0.000107853
0.0671237 0.0221338 0.000105945
0.0718405 0.0215682 0.000269739
0.0650239 0.0261579 0.000125734
0.0702937 0.0276167 0.000171034
0.0664415 0.0234531 -0.000249775
0.0708294 0.0263528 0.000199882
0.0656071 0.0216677 -0.000228556
0.0671692 0.0194693 -0.000125321
0.066643 0.0222614 8.66334e-05
0.0676017 0.0249883 9.09249e-05
0.0669246 0.0315325 0.000120012
0.0654967 0.0248509 0.00012931
0.0699029 0.021249 -2.0655e-05
0.0647681 0.0216092 0.000126926
0.0661511 0.0277292 0.000135748
0.0679734 0.0256237 0.000122158
0.068233 0.0288492 0.000201551
0.0697248 0.0249709 6.4222e-05
0.067795 0.0277239 0.00019273
0.0649357 0.0265777 6.77983e-05
0.0656669 0.0241247 -0.000255736
0.0671711 0.026181 0.000138847
0.0648429 0.0237002 0.000245659
0.0691822 0.0295955 0.000102369
0.0665524 0.0258492 0.000118343
0.0661306 0.0249274 1.75635e-06
0.0674357 0.0259836 3.65655e-05
0.0691648 0.0242572 0.000135748
0.0656958 0.0248706 0.000104276
0.068578 0.019905 -2.73307e-05
0.0685761 0.0200301 0.000100223
0.0642817 0.029397 8.52029e-05
0.0651951 0.0239048 0.000109998
0.0644226 0.026922 0.000202028
0.0674608 0.0255609 3.13203e-05
0.0671034 0.0169627 0.000199644
0.0657425 0.0234971 9.52164e-05
0.0690603 0.027279 6.92288e-05
0.0691535 0.0253245 0.00019726
0.0701904 0.0273233 0.000105468
0.0690694 0.0247919 0.000163166
0.0657392 0.027271 7.80503e-05
0.0709844 0.0188934 0.000126926
0.0681856 0.0280966 1.89225e-05
0.0669665 0.0245961 0.000228016
0.0640717 0.0125479 -9.00348e-05
0.0667191 0.0257617 3.39429e-05
0.0676739 0.0243229 -2.94765e-05
0.0688612 0.0272918 0.000197975
0.0657167 0.0247545 0.000214426
0.072506 0.0182836 0.000157682
0.068856 0.0225559 0.000197021
0.0707573 0.0268383 0.00019726
0.0717406 0.0239363 9.92695e-05
0.0689561 0.0200356 0.000143139
0.0674686 0.0206439 2.71003e-06
0.067313 0.023238 0.000150768
0.06791 0.0245186 -4.44253e-06
0.075273 0.0210911 0.000498621
0.0772078 0.0104497 0.000659315
0.108951 0.0142768 -0.000156792
0.141296 0.00913763 -0.00132218
0.251364 0.0112629 0.00118527
0.311789 -0.0159216 -0.000790747
0.44113 -0.0185536 -0.000298413
0.515856 -0.0388848 0.000512926
0.631665 0.0177746 -0.000904711
0.678412 0.00125456 -0.000989588
0.85323 0.0205145 -0.000684412
0.924311 -0.0132482 0.00150594
1.06386 0.0466954 -0.000502976
1.12419 0.0415461 0.000951616
1.17966 0.0377233 -0.000681074
1.27044 0.015542 -0.00260654
1.3727 0.0177727 -0.000136765
1.4623 -0.0211463 -0.00185505
1.51089 -0.0258887 -0.00288597
1.60566 0.0474989 -0.00144687
1.66598 0.0147855 -0.00326529
1.69491 0.00214702 -0.00363842
1.63737 -0.0716696 0.000180332
1.58663 -0.0307235 -0.000333937
1.73527 0.0298038 0.000616638
1.74696 0.0118934 0.00189552
1.77732 -0.00790596 0.00151714
1.8204 -0.0212004 -0.00041786
1.80885 -0.00318956 0.00118384
1.75731 -0.00153947 0.00215897
1.83421 0.00954497 0.000407545
1.90276 -0.00159514 0.00317225
1.89505 0.0232899 0.00351295
1.94524 0.0336722 0.000334589
1.97274 -0.0465345 0.000159589
2.04268 -0.0137949 0.000573007
2.04712 0.027102 0.00108966
2.13654 0.000530481 0.00243935
2.12369 0.00432825 0.00260433
2.15204 0.00869057 0.00383314
2.18792 0.015259 -0.000636967
2.23483 -0.0320076 0.00186023
2.26574 -0.0230007 0.00498208
2.27007 0.0340092 0.00170716
2.28329 0.0109978 0.000160305
2.37786 -0.0123448 0.000389663
2.3668 -0.0280304 -0.00129071
2.404 -0.0065527 -0.000105055
2.41653 -0.0466051 0.000140278
2.43954 -0.0341177 -0.00133243
2.41173 -0.047411 -0.00172153
2.5013 -0.0392952 -0.00234452
2.47102 -0.0390892 -0.00454894
2.48119 -0.0117872 -0.00204483
2.55946 -0.0397673 -0.001331
2.55404 -0.032249 -0.000370892
2.5833 -0.0510705 -0.00171247
2.64114 0.0241668 2.65519e-05
2.49642 -0.0266647 0.00167975
2.60477 -0.00401998 0.00119409
2.51815 0.0418415 0.000383941
2.50821 -0.009799 0.00149235
2.52093 0.00546217 0.00105986
2.49313 0.0218697 0.000567285
2.55216 -0.0206733 0.000148145
2.56599 -0.0104194 0.000353901
2.51215 0.0230422 0.0012649
2.50866 0.0071969 0.00130042
2.51146 0.0200841 0.00197658
2.48721 0.0262585 0.00186094
2.46858 -0.0163875 0.00277385
2.4165 0.0209103 0.00454506
2.41889 -0.0114434 0.0072535
2.4126 0.0462915 0.00737247
2.37991 -0.0129644 0.0038794
2.34056 0.0423673 -0.00084153
2.41573 -0.0294995 -0.00213209
2.41669 -0.00970745 -0.00400821
2.4084 -0.000501633 -0.00338498
2.4637 -0.0091238 -0.00426164
2.43525 -0.0333261 -0.00514546
2.42816 -0.0565228 -0.00368372
2.43947 -0.0235496 -0.00451198
2.48167 -0.019563 -0.00346747
2.42734 0.0284882 9.52164e-05
2.41347 0.0064044 -0.000427874
2.52634 0.0328323 -0.000207814
2.50651 0.000269204 -0.00165096
2.5374 0.0167146 0.00339588
2.55127 0.00926232 0.00443563
2.56999 0.0278182 0.0037485
2.60181 0.0235405 0.00572642
2.63131 0.0509124 0.00447616
2.61849 -0.0231323 0.00350651
2.66556 -0.008883 0.00120196
2.69348 0.0269337 0.00217709
2.70612 0.00358772 0.0013667
2.73447 0.0206985 0.00160774
2.7014 -0.0123835 0.000525324
2.74862 -0.0156002 0.00293264
2.78625 -0.0262299 0.0042375
2.72219 0.0350132 0.00201162
2.75617 0.0233612 0.00451788
2.78263 -0.0408363 0.00224146
2.81489 -0.0020504 0.00344619
2.86148 -0.0565052 0.00168022
2.83873 -0.0578785 -0.000481757
2.86777 -0.0774136 -0.000114592
2.75691 -0.0116425 -0.00306836
2.78079 -0.0345974 0.000673858
2.80978 -0.0473156 -0.0022091
2.77395 -0.0651512 -0.00221434
2.75943 -0.0575676 -0.00364295
2.76103 -0.0812855 0.00165781
2.71429 -0.0759659 -0.00137487
2.62481 -0.0141735 -0.000628622
2.62687 -0.0467072 0.00146207
2.62143 -0.0230179 0.00116262
2.64981 -0.0119286 0.00146374
2.58898 -0.00107574 0.000785915
2.61383 0.00601292 0.00145754
2.56119 -0.023489 0.00273737
2.55027 0.00186157 0.00182351
2.45813 -0.00533297 0.00312194
2.43652 0.0421058 -0.00113598
2.38094 -0.00783157 -0.00266543
2.37019 -0.0407791 -0.00103393
2.31281 -0.018229 -0.00504223
2.25406 -0.00499916 -0.00502935
2.24378 -0.0302544 -0.00940195
2.21803 -0.10168 -0.0103456
2.15809 -0.0473098 -0.0103866
2.18636 -0.0248899 -0.011239
2.10073 -0.0277405 -0.0112371
2.06025 -0.0318241 -0.0138895
2.08453 -0.0238261 -0.0127062
2.05642 -0.058032 -0.0140928
2.04495 -0.0243998 -0.0174896
2.08485 -0.0414715 -0.0207664
2.10499 -0.0605392 -0.0281014
1.97494 -0.0330486 -0.0321788
2.05125 -0.0748806 -0.0315239
1.99874 -0.0798225 -0.0326087
2.1348 -0.0847454 -0.032344
2.06536 -0.0748672 -0.0353753
2.10734 -0.0693436 -0.0360483
2.10803 -0.0823193 -0.0373611
2.06602 -0.118151 -0.0420724
2.14408 -0.111933 -0.0426551
2.18038 -0.130896 -0.0423032
2.20148 -0.123884 -0.0424458
2.24091 -0.0870304 -0.0446552
2.16971 -0.137152 -0.0408324
2.15671 -0.0817184 -0.0355965
2.26707 -0.0738487 -0.0295142
2.2489 -0.0778141 -0.024131
2.31582 -0.0724773 -0.0160114
2.24611 -0.0683632 -0.0140766
2.27199 -0.0789557 -0.0146205
2.30768 -0.0616865 -0.0108265
2.20432 -0.0186806 -0.0123633
2.21151 -0.0313597 -0.0115198
2.30546 -0.0472707 -0.0115937
2.22904 -0.0581157 -0.0146102
2.19279 -0.051847 -0.01814
2.22968 -0.051476 -0.0197338
2.2061 -0.0730228 -0.0256955
2.18679 -0.101377 -0.026473
2.19302 -0.0326366 -0.0279044
2.1955 -0.0817928 -0.0256626
2.18041 -0.0393651 -0.0277957
2.15107 -0.0587358 -0.0273792
2.14947 -0.0353146 -0.0277835
2.19658 -0.055809 -0.0269727
2.19351 -0.0689745 -0.0266015
2.158 -0.074317 -0.0282194
2.20668 -0.0771703 -0.0236193
2.24971 -0.100443 -0.0220179
2.14449 -0.0984727 -0.0232972
2.21846 -0.115464 -0.0246526
2.22968 -0.096303 -0.0207261
2.20433 -0.0489893 -0.0189005
2.18841 -0.00618076 -0.0153236
2.25126 -0.0199518 -0.0168127
2.22156 -0.0330257 -0.0156828
2.27263 -0.0294189 -0.0164837
2.24621 -0.0296135 -0.0145144
2.231 -0.0276394 -0.0135004
2.29044 -0.030817 -0.0137135
2.28568 -0.0205116 -0.0143406
2.29893 -0.00915718 -0.0148596
2.37227 0.00483131 -0.0149347
2.30779 -0.0220776 -0.0140144
2.33554 -0.0154343 -0.0139331
2.35104 -0.0269547 -0.0147153
2.38235 0.0349827 -0.0163731
2.32322 -0.0487213 -0.0164877
2.46603 -0.0123997 -0.020301
2.46246 -0.0205536 -0.0202486
2.43573 -0.0265446 -0.0195746
2.43122 -0.0689774 -0.0216085
2.5257 -0.0304661 -0.0216095
2.43473 0.0121593 -0.0204715
2.4433 -0.0888672 -0.0134718
2.45914 -0.0535107 -0.0162705
2.42085 -0.0826511 -0.015705
2.40345 -0.0480561 -0.0163635
2.41901 -0.0930181 -0.0199222
2.424 -0.0417627 -0.0221933
2.43927 -0.0968695 -0.0208673
2.44463 -0.0757107 -0.0249471
2.49636 -0.0718222 -0.024634
2.48304 -0.069564 -0.0257594
2.54298 -0.019892 -0.0271122
2.57208 -0.0939002 -0.0261356
2.60113 -0.019903 -0.0301143
2.65224 -0.0726145 -0.0264653
2.64046 -0.0728896 -0.0263526
2.67115 -0.0673599 -0.027799
2.61989 -0.0901346 -0.0266565
2.54913 -0.0288258 -0.0304104
2.6766 -0.0947282 -0.0274505
2.59475 -0.0852718 -0.0283655
2.59018 -0.118023 -0.0264973
2.55928 -0.0873032 -0.0258242
2.57625 -0.0666122 -0.0216221
2.50002 -0.090065 -0.0222539
2.48714 -0.0620289 -0.0203239
2.44167 -0.0955577 -0.0189673
2.49194 -0.053524 -0.0157327
2.49019 -0.0253887 -0.0141899
2.47957 -0.0440598 -0.0124876
2.44176 -0.00664616 -0.0106114
2.4196 -0.0281239 -0.00498381
2.37099 -0.0293689 0.00157389
2.45413 0.0619497 -0.000656756
2.33826 0.0412302 0.000885097
2.37063 0.0750394 0.0125121
2.39804 0.0147119 0.0224262
2.34364 0.104232 0.025576
2.42882 0.0733014 0.0306536
2.41733 0.0742539 0.0325049
2.44571 0.124314 0.0360957
2.4584 0.182674 0.0403856
2.42959 0.131678 0.0430215
2.46759 0.138673 0.0435885
2.505 0.135412 0.0456077
2.49178 0.130104 0.0452221
2.62003 0.148645 0.0482112
2.58939 0.163509 0.0490774
2.57798 0.126531 0.0452813
2.56791 0.0993953 0.0359615
2.59762 0.125321 0.0316604
2.62645 0.0788069 0.03292
2.64976 0.0386333 0.0259496
2.73121 0.0260935 0.024962
2.6852 0.0697479 0.0225812
2.70983 0.0695968 0.0179006
2.70247 0.0339382 0.0143534
2.73056 0.0785864 0.0133599
2.73838 0.0665116 0.0100962
2.73397 0.0399077 0.00799903
2.7495 -0.0421653 0.00544008
2.70516 0.0233369 0.00360426
2.83728 0.0179906 0.0059863
2.77487 0.0344639 0.00477275
2.85518 0.0561571 0.00387391
2.87865 0.00914001 0.00567683
2.897 0.010893 0.00625261
2.89592 -0.00180888 0.00470313
2.92994 0.0625198 0.000770418
2.89181 -0.00488353 0.00278267
2.9394 0.0327475 0.000990478
2.92604 0.00455379 0.00158319
2.98606 0.040246 0.00525698
2.8372 0.0365047 0.00200996
2.82294 0.0362873 0.00398812
2.80664 0.0438594 0.00251159
2.76286 -0.00387883 0.00404796
2.82191 -0.0626093 0.00355324
2.80122 -0.0724535 0.00451073
2.8019 -0.00580883 0.00169977
2.64843 0.0119534 -0.00189987
2.73938 0.0491982 -0.00285879
2.62529 0.048295 -0.00375286
2.67867 -0.00474358 -0.00308696
2.63842 0.0122099 -0.00171009
2.68693 0.0187559 0.00304588
2.63827 -0.0280142 0.000680772
2.5843 -0.0234103 0.000632373
2.60674 -0.00299454 0.00194391
2.48452 0.00694418 0.000924436
2.43468 0.0164824 0.00231728
2.36827 -0.0188141 0.00297627
2.32246 -0.014904 0.00343999
2.28811 0.0142317 -0.00152865
2.23769 -0.0125628 -0.00237957
2.18217 0.0153904 -0.00186792
2.17631 -0.0200405 -0.000578316
2.07167 0.00562668 0.000968305
2.06111 -0.0109606 0.00105342
2.01696 -0.0129728 0.000130741
1.94076 0.0212841 0.00143823
1.89851 -0.0024662 0.00271567
1.7906 -0.00163269 0.00232443
1.8349 -0.0222673 0.0011929
1.7731 0.0228043 0.00012025
1.69742 0.00375271 0.00204739
1.61108 -0.00799942 -0.00147334
1.54832 -0.0371227 -0.000177296
1.52437 -0.0148134 -0.00765529
1.46632 -0.0426531 -0.0210914
1.42678 -0.0855751 -0.0377559
1.38223 -0.103886 -0.0488481
1.36866 -0.142434 -0.0599662
1.33204 -0.121407 -0.0647227
1.31028 -0.12574 -0.0685968
1.29081 -0.181649 -0.0817808
1.26165 -0.189632 -0.0866937
1.27558 -0.178906 -0.0917877
1.34052 -0.180866 -0.0945615
1.29804 -0.217776 -0.0945393
1.3086 -0.197298 -0.0932344
1.37579 -0.219333 -0.0936157
1.42733 -0.181603 -0.0916313
1.41625 -0.203387 -0.0920192
1.44884 -0.201246 -0.0875107
1.51202 -0.262645 -0.0740546
1.59843 -0.174738 -0.0585801
1.62392 -0.175009 -0.0427736
1.7491 -0.110356 -0.0269398
1.7858 -0.0606346 -0.0258295
1.77089 -0.0796089 -0.0248236
1.83582 -0.0559301 -0.0265984
1.96044 -0.0327454 -0.0295312
2.005 -0.0684423 -0.0255114
2.06269 -0.0390477 -0.0186581
2.02465 -0.0475769 -0.0112762
2.19189 -0.0227742 -0.00800148
2.25584 -0.0167465 -0.00344005
2.34943 -0.0114827 -0.0027155
2.39061 -0.00244045 -0.00197664
2.43543 0.0144653 -0.00395861
2.48353 0.00481987 -0.00344578
2.50697 -0.00382137 -0.0022308
2.55061 -0.0361328 -0.00222579
2.62314 -0.0477018 -0.00324717
2.60975 -0.00773859 -0.000396403
2.70375 -9.15527e-05 -0.0017747
2.698 0.0525227 -0.000255974
2.82347 0.0217791 0.000917999
2.87949 0.0403643 0.00377378
2.87534 0.0200329 0.000598518
2.74738 -0.0161114 -0.00122467
2.93459 0.0451069 0.00278172
2.89882 -0.0071888 0.00096306
2.79706 0.0316601 0.00382432
2.86739 -0.00798988 0.00151571
2.81307 -0.0158367 0.00182256
2.80188 0.00100327 0.000434248
2.82955 -0.00160694 -0.00240484
2.76018 0.00398827 -0.00530759
2.80468 -0.0738935 -0.00754968
2.73903 -0.0403762 -0.00441209
2.82755 -0.106452 -0.00967041
2.67277 -0.0137053 -0.00899878
2.84036 -0.00531197 -0.00852743
2.84142 -0.0221872 -0.0141887
2.75487 -0.0402451 -0.0136363
2.74938 0.0126266 -0.0127467
2.86581 -0.00675964 -0.00956884
2.82305 -0.00502205 -0.0125228
2.83327 -0.0547628 -0.00891796
2.82253 0.000195503 -0.0103318
2.83517 -0.0863533 -0.0141622
2.86216 -0.0292025 -0.0159444
2.99056 -0.0284081 -0.0166372
2.88474 -0.0234795 -0.0152084
2.90886 -0.00722218 -0.0151719
2.86756 -0.0225019 -0.0179912
2.8816 0.0644636 -0.0136091
2.92702 -0.0200481 -0.0150253
2.94666 -0.0169601 -0.0137512
2.94246 -0.0092392 -0.0120021
2.92233 -0.0332527 -0.011779
2.86464 0.0392542 -0.0102035
2.87078 0.00831223 -0.0106155
2.84685 0.0125046 -0.0111448
2.83821 -0.0475779 -0.00503507
2.78549 -0.0474539 -0.00670853
2.82223 5.29289e-05 -0.00616399
2.88913 0.0164585 -0.00399962
2.8969 -0.0216732 -0.00918356
2.87734 -0.0206451 -0.00363961
2.87624 -0.0122881 -0.00875583
2.85941 -0.0386686 -0.00375191
2.88668 0.0593331 -0.000484618
2.92247 -0.0380721 0.00143394
2.86975 0.0205081 0.00239906
2.87781 0.0145578 0.00222549
2.8066 0.00334036 0.00198421
2.90245 -0.021171 0.00130901
2.81248 -0.0243516 -0.00147286
2.74931 -0.00480944 -0.00349274
2.78167 -0.0932443 -7.71602e-05
2.7588 -0.0471664 -0.00163546
2.80472 -0.0444323 -6.59545e-05
2.79108 -0.0800875 -0.00286213
2.77978 -0.0501879 0.000935165
2.67349 -0.0464633 -0.000896128
2.69954 -0.0213626 0.0018762
2.70305 -0.0063574 -0.000181111
2.66757 0.0271343 0.0020915
2.6642 -0.0398929 0.000931827
2.5659 0.030659 0.00282988
2.44569 -0.0610144 0.00152525
2.47445 0.0416088 -6.57161e-05
2.39661 0.00823808 0.000936119
2.31234 0.00731874 0.000492899
2.26364 0.00869989 0.00136313
2.2334 0.0560126 -0.000523003
2.09641 0.044776 -0.00562778
2.11499 -0.0203018 -0.0154878
1.94483 -0.0538836 -0.0216571
1.80933 -0.0518923 -0.0373682
1.72829 -0.123521 -0.0531844
1.67807 -0.133067 -0.0591022
1.64958 -0.165875 -0.0680927
1.61046 -0.170495 -0.0718917
1.63505 -0.202956 -0.0769159
1.61957 -0.181099 -0.075818
1.55593 -0.153179 -0.068606
1.60801 -0.179634 -0.0671414
1.64962 -0.147029 -0.0651545
1.71657 -0.161529 -0.0518231
1.65129 -0.106895 -0.049693
1.73861 -0.111737 -0.0430562
1.8218 -0.0909635 -0.0370475
1.83252 -0.0744824 -0.0342609
1.84678 -0.0115223 -0.0228893
1.91614 -0.0444036 -0.0180482
1.93627 -0.0791235 -0.0182919
2.00816 -0.0742111 -0.0166196
1.99149 -0.0135145 -0.0147666
2.04858 -0.0188618 -0.0117182
2.06581 -0.0327682 -0.00790134
2.09545 -0.00771141 -0.00696126
2.12735 -0.0601339 -0.00558391
2.15812 -0.0259933 -0.00276032
2.17797 -0.0334444 -0.00336591
2.26429 0.0122194 -0.00144425
2.22853 0.0124884 -0.00231353
2.2532 -0.0431614 -0.00396052
2.28167 -0.0417652 -0.00276008
2.3085 0.0191135 -0.00170127
2.3296 -0.0071907 -0.000374468
2.31131 -0.0130634 -0.00208584
2.31349 -0.0101089 0.00369844
2.25988 -0.0141449 0.00121102
2.21776 -0.0285044 -0.00157991
2.12695 -0.0457878 0.00124916
2.01116 0.000257492 0.00485286
1.87747 -0.0508556 0.000373689
1.78367 -0.0184298 0.00298151
1.64988 0.021575 0.00165638
1.49984 -0.0488849 -0.00125185
1.40122 0.0344906 -0.00261656
1.43483 -0.0252714 0.0022808
1.38047 0.0242896 0.00131783
1.2121 -0.0155847 -0.000219258
1.30423 0.0315394 -0.00283852
1.35274 -0.0429096 -0.00148431
1.23123 -0.0114062 0.00230822
1.18843 -0.0552759 4.61022e-05
1.12456 0.0286713 -0.000712784
1.01161 -0.0614214 -0.000550898
0.913486 0.0106554 0.000421135
0.836823 -0.0354824 0.000202266
0.646796 0.0207267 0.000754682
0.538148 0.0200319 -0.0010697
0.533885 -0.0206432 -0.000385197
0.473637 0.00523663 0.000790922
0.365266 0.00424623 0.000694839
0.305202 0.0069561 -0.00118175
0.179716 0.00559807 0.000859825
0.115646 -0.00481796 0.000563709
0.0821905 0.0223308 0.000147192
0.064187 0.021729 0.000180809
0.0671864 0.0294065 0.000129072
0.0623207 0.028275 0.000667898
0.0604391 0.0485706 0.000363437
0.0428591 0.0541086 0.000757543
0.044281 0.0541034 0.000647632
0.0461111 0.0535583 0.000606386
0.0404797 0.0548306 0.000698177
0.0504084 0.0536861 0.000719396
0.0497217 0.0511532 0.000691501
0.0423965 0.0540628 0.000639049
0.0376034 0.0506315 0.000734417
0.0255117 0.0615873 0.00037202
0.00397873 -0.0245304 0.00227102
0.00991249 -0.0245466 0.00215277
0.0112648 -0.028285 0.00215992
0.00228977 0.0171661 0.00197682
0.00869465 -0.0282469 0.00224528
0.0105019 -0.0206308 0.00204643
0.00350761 0.0282717 0.00179681
0.00217247 -0.00231361 0.00201401
-0.00100327 0.00540543 0.00214299
-0.0168447 0.0289841 0.00166616
-0.0159998 0.0275879 0.0016981
-0.00597668 0.0259886 0.00175699
-0.016551 0.025115 0.00158652
-0.0132971 0.0262833 0.00171479
-0.0185299 0.0192451 0.00178012
-0.00440502 0.0279908 0.00164494
-0.00836754 0.0289626 0.00180849
-0.0111713 0.0354185 0.00170359
-0.0159321 0.0268507 0.00177058
-0.0122185 0.0161233 0.00195679
-0.0135269 0.0266495 0.00172934
-0.0139341 0.0148048 0.00176129
0.00321007 0.0199633 0.00189552
-0.00317764 0.0231848 0.00190791
0.00315285 0.0229416 0.00196251
-0.00161743 0.0250978 0.00189456
0.00564289 -0.00710487 0.00231609
0.000642776 0.00587845 0.00211558
0.0483494 0.0524454 0.000581829
0.0516996 0.0550728 0.000694601
0.0461416 0.0355034 0.000773994
0.0522623 0.0469618 0.000974981
0.0594397 0.023344 0.00111875
0.0468817 0.0442467 0.000919429
0.0503626 0.0548944 0.00072178
0.0481138 0.054513 0.000733701
0.0427942 0.0566392 0.0008274
0.041214 0.0493999 0.000864355
0.0372419 0.0514436 0.000975219
0.0400076 0.0475945 0.000961868
0.0499096 0.0418067 0.00103888
0.0706797 0.022388 -0.000459345
0.0712481 0.0284576 9.90311e-05
0.0668964 0.0253344 0.000112383
0.0575352 0.0228214 -0.000311049
0.0713243 0.0154409 7.59045e-05
0.0681381 0.0276356 -0.000201853
0.0689335 0.0197134 0.000149576
0.0674963 0.025948 3.60886e-05
0.0737305 0.0179491 3.58502e-05
0.0661659 0.0257678 3.3466e-05
0.0707102 0.00865793 0.000166027
0.0684862 0.0231833 0.000313608
0.0673237 0.029737 0.000158159
0.0626354 0.0150514 -0.000400456
0.0660944 0.0159206 -8.07365e-05
0.0686417 -0.0108914 7.23283e-05
0.0643206 -0.00914717 0.00010976
0.0700521 -0.0168662 0.000273792
0.0623255 -0.0261893 -0.000414522
0.0669708 -0.0304251 -0.000415715
0.0700111 -0.0293107 -0.000245961
0.0651703 -0.0267973 -0.000204953
0.0661945 -0.030149 -0.000334891
0.0620289 -0.0215225 -0.000363262
0.058753 -0.0221272 -0.000423821
0.0583935 -0.0226412 -0.000414761
0.0625467 -0.0273199 -0.000395687
-0.0240574 0.0319304 -0.0022935
-0.0129766 0.0249887 -0.00219766
-0.00840759 0.02075 -0.00219813
-0.00698757 0.02316 -0.00222197
-0.00933552 0.0272536 -0.00226155
-0.00679398 0.0293732 -0.00233594
-0.00807476 0.0236921 -0.0022749
-0.00531006 0.0293884 -0.0023121
0.000191689 0.0235052 -0.00224152
-0.0066452 0.0270596 -0.002314
-0.0102978 0.0269661 -0.00218192
-0.00333977 0.0203934 -0.00223556
-0.0186806 0.0204105 -0.00215641
-0.0166388 0.0277596 -0.00219909
0.0339766 -0.0680189 -6.52393e-05
0.0260754 -0.0595074 -0.000189455
0.0250072 -0.0592003 -0.00034252
0.0383234 -0.0603552 -0.000344427
0.0336466 -0.0603561 -0.000302943
0.0363579 -0.0538988 -0.000486286
0.0357885 -0.0529604 -0.000544699
-0.00562286 0.0244513 -0.00227848
-0.00658989 0.0263271 -0.00225035
-0.00999451 0.0096283 -0.00206652
-0.00993156 0.0170813 -0.00212136
-0.011404 0.0160627 -0.00215832
-0.0234251 0.0286913 -0.00230447
-0.0098362 0.0249338 -0.00211349
-0.00508881 -0.00804996 -0.0017232
-0.0172672 0.00571537 -0.00211945
-0.00804901 0.0227566 -0.00206271
-0.0150175 0.0256853 -0.00216475
-0.0195971 0.027627 -0.00229636
-0.0133343 0.0146704 -0.0021731
-0.0176544 0.0250473 -0.00232139
-0.0182657 0.0287809 -0.0022327
-0.0186195 0.0250454 -0.00222364
-0.0161352 0.0302067 -0.00226346
-0.0126066 0.0306282 -0.00229994
5.05447e-05 -0.009655 -0.00186506
-0.0121784 0.0235443 -0.00204769
-0.0134792 0.0250263 -0.00211802
-0.0103378 0.0145516 -0.00214783
-0.00585556 0.0181584 -0.00204411
-0.010973 0.0251951 -0.00221458
-0.0157461 0.019186 -0.00212398
-0.016634 0.0309777 -0.00214568
-0.0220261 0.0237904 -0.00229731
0.00103664 0.017662 -0.00215069
-0.000514984 0.0198879 -0.00211302
-0.0152225 0.0299845 -0.0024468
-0.00640678 0.0258265 -0.00220552
-0.00593662 0.0269976 -0.00229302
-0.00159073 0.023304 -0.00214711
-0.0115404 0.0323544 -0.00232163
-0.0101614 0.0263205 -0.00238934
-0.00982761 0.023118 -0.00214759
-0.00571918 0.0278168 -0.00203553
-0.00980186 0.0325766 -0.00237194
-0.00538158 0.0269966 -0.00223533
0.00172234 0.0240383 -0.00202146
-0.0116844 0.0358973 -0.0018901
0.016326 0.00616837 -0.0020372
0.00434303 0.0214748 -0.00201455
0.0101166 0.0188093 -0.00199238
0.00815105 0.0228539 -0.00180069
-0.00377178 0.0200882 -0.00215236
-0.00693703 0.0290718 -0.00218168
0.00318909 0.0274353 -0.00221744
0.000992775 0.0318518 -0.00205556
0.00212193 0.0257769 -0.0020918
-0.00774097 0.023613 -0.00206557
-0.00733471 0.0282564 -0.0021309
-0.0101042 0.0220947 -0.00218478
-0.00248051 0.0263071 -0.00202671
-0.00653076 0.0219021 -0.00215283
-0.0108423 0.0269184 -0.00219599
-0.010766 0.0345039 -0.00237599
-0.0140038 0.0211515 -0.0021731
-0.00424099 0.0270987 -0.00222674
-0.00244331 0.0281963 -0.00220743
-0.00445557 0.0284157 -0.00218073
-0.00889111 0.0264444 -0.00221101
-0.00955772 0.0205145 -0.00207511
-0.00904083 0.0263424 -0.0022122
-0.00966072 0.0284891 -0.00236502
-0.0047884 0.0262508 -0.00215498
-0.00835037 0.0252495 -0.00219432
-0.0061121 0.0264864 -0.0021607
-0.0034914 0.0246973 -0.00211135
-0.0152102 0.0268631 -0.00232378
-0.011116 0.0269403 -0.00218955
0.0184526 -0.0298948 -0.00158015
-0.00912571 0.0253105 -0.00223294
-0.00963402 0.027318 -0.00224844
0.0018301 0.0265827 -0.00219384
-0.00491619 0.0286036 -0.00228754
-0.00276089 0.0325422 -0.00235883
-0.00380993 0.029686 -0.00221268
-0.0104904 0.026597 -0.00236383
-0.00377655 0.031086 -0.00213161
0.00281525 0.0255003 -0.0021607
-0.00156689 0.0290661 -0.00224129
-0.00445747 0.0207329 -0.00222889
-0.0143232 0.0309076 -0.00209537
-0.0013876 0.0304785 -0.00210563
-0.0101013 0.0250883 -0.00227919
-0.00192642 0.0210457 -0.00204316
-0.00521374 0.0218267 -0.00208989
-0.00154305 0.0313635 -0.0022234
-0.00662231 0.0257149 -0.00218645
-0.00418949 0.0277643 -0.00214449
-0.00574398 0.0284233 -0.00215546
-0.00751114 0.0257607 -0.00216499
-0.0113602 0.0238609 -0.00223795
-0.0143261 0.0302563 -0.00227276
-0.0103703 0.031888 -0.00228611
-0.00416088 0.0193281 -0.00223127
-0.00376701 0.0162868 -0.00225988
0.00164318 0.0177441 -0.00208917
-0.00819016 0.0268106 -0.0021886
0.00685215 0.0229807 -0.00190011
0.0088377 0.0262423 -0.00204507
0.00473976 -0.0230904 -0.00144211
-0.00528145 0.0348244 -0.00220695
-0.00539303 0.0268507 -0.00217858
-0.0112839 0.0373802 -0.0021669
-0.00536346 0.0255051 -0.0020701
0.00338364 0.0119009 -0.00207344
-0.00184822 0.0201559 -0.0020546
0.0192451 -0.0258493 -0.00154272
-0.00884819 0.0304413 -0.00217071
-0.00318909 0.0286202 -0.00212136
0.00276184 -0.0234957 -0.00191871
-0.00339985 -0.0144577 -0.00168935
0.000937462 -0.00727367 -0.00193969
-0.0021944 -0.0116568 -0.00186077
-0.0080843 0.0275869 -0.00229183
6.19888e-05 0.0255041 -0.00220505
-0.00984859 0.0265961 -0.0022811
-0.00587845 -0.0090847 -0.00188509
-0.0168028 0.0284543 -0.00226918
-0.00418949 0.0317583 -0.00223127
-0.00484943 0.0215721 -0.00213757
-0.00825024 0.0243244 -0.0021781
-0.00466061 0.0246983 -0.00219122
-0.0107679 0.0150023 -0.00211278
-0.00776958 0.0131044 -0.00198594
-0.00481987 0.0257616 -0.0021781
-0.0208111 0.0254116 -0.00211111
-0.0100555 0.0249796 -0.00215689
0.00132561 0.0176096 -0.00207749
0.00191212 -0.0228081 -0.00168005
-0.00677299 0.0298223 -0.00221148
-0.00794983 0.0273752 -0.00221363
-0.000388145 0.0196381 -0.00200454
0.00186157 0.0168552 -0.0021545
-0.00820351 0.0297794 -0.00214544
-0.0161953 0.026453 -0.00229827
-0.00570869 0.0278625 -0.00211802
-0.00817966 0.0290623 -0.00228873
-0.0058012 0.0288019 -0.00221172
-0.00214291 0.0242815 -0.00216738
0.0037365 0.0119619 -0.00205007
0.00291348 0.0153208 -0.00209871
-0.000912666 0.0180397 -0.00211182
-0.00310802 0.0139694 -0.00218216
-0.00399303 -0.00723028 -0.00188008
-0.00580692 0.00170803 -0.0019795
-0.00718117 0.0234785 -0.00232497
0.0197401 -0.0359354 -0.0015277
0.00762749 -0.0152617 -0.00165168
-0.00971508 0.0308428 -0.00229731
-0.0110435 0.0247545 -0.00209561
0.0177221 -0.0391474 -0.00142709
-0.0049963 0.0290499 -0.00219527
-0.00393963 0.0212011 -0.00224582
0.0441618 -0.0657701 -0.000203522
0.0419302 -0.0577602 -0.000423821
-0.00378799 0.0269279 -0.00219622
-0.00167561 0.0171623 -0.00202957
-0.00675869 0.0260372 -0.00230304
0.0026083 -0.0179958 -0.00177446
0.00647068 0.0258656 -0.00218693
0.0832853 -0.0132828 -0.000554236
0.105156 -0.0162001 -0.000211628
0.158053 0.0237274 0.000552503
0.273904 -0.00892925 0.00179037
0.37363 0.0323849 0.00133356
0.448091 0.00380135 0.000618545
0.572294 -0.00194645 0.000454036
0.683537 0.0331526 5.82616e-05
0.776691 -0.00549889 -0.00256863
0.868378 0.00175381 -0.00191561
0.973499 0.00353718 -0.00118199
1.05826 -0.00220108 -0.00189963
1.16749 0.0170126 -0.00110761
1.21042 -0.0215044 0.000641433
1.31692 0.0300312 -0.000597151
1.36625 0.0116358 0.000280229
1.44681 -0.00976658 0.00108012
1.51554 0.0136967 -0.00259009
1.59191 -0.0338678 -0.000807913
1.66818 -0.0126152 0.000755159
1.72506 -0.0411701 -0.000181826
1.77426 0.0146637 -0.00247517
1.85669 0.00341797 -0.00058976
1.92259 -0.0233054 -0.00197283
1.97275 -0.0230608 0.000270693
2.02794 -0.0366631 0.00059065
2.10495 0.00806808 0.00143298
2.10795 0.00612354 0.000396578
2.2051 -0.0339108 2.96513e-05
2.34964 -0.0429659 0.000794021
2.32883 -0.0735521 -0.000675829
2.35801 -0.0290709 -0.00219551
2.4361 -0.00608873 -0.000402125
2.4936 0.000603676 -0.0017058
2.48235 -0.0341921 -0.000863465
2.5252 -0.0528526 0.00150403
2.59071 0.0117102 -0.00022641
2.64024 -0.0559587 0.00358638
2.56629 -0.0448647 0.000472633
2.55981 -0.0231428 -0.000436219
2.56525 -0.0448389 -0.00147644
2.57767 -0.0290394 -0.000179203
2.54667 -0.0366497 -0.00132123
2.55148 -0.0349355 0.00039467
2.5641 0.000837803 0.00101551
2.54576 0.0230255 -0.000224503
2.57255 -0.0320468 0.00153765
2.54325 -0.0227327 -0.000876578
2.58214 0.0123453 0.00540814
2.56994 -0.00171089 0.0043877
2.6015 -0.0194778 0.00108871
2.55582 -0.0244904 0.00322374
2.59925 0.0236683 0.0026997
2.57207 -0.0275569 0.000446884
2.58418 -0.00931358 0.00053343
2.56476 -0.0229397 -0.00137249
2.5621 0.00955105 -0.000179442
2.54501 -0.00547409 -0.000670346
2.61336 -0.0892324 -0.000709685
2.45647 0.0197926 -0.000853451
2.52763 -0.00310135 -0.00175062
2.44514 -0.0673056 0.000302879
2.60386 -0.00830746 0.00261196
2.50006 -0.0131359 0.00127825
2.56016 -0.028801 0.00265488
2.45752 0.0546112 6.85136e-05
2.56354 0.00335836 7.00156e-06
2.49728 -0.0406981 -0.00213209
2.47603 -0.0406561 -0.00214187
2.44281 -0.0357229 -0.0022935
2.42953 -0.00210607 0.000140993
2.40521 0.0117602 -0.000346096
2.39376 0.0203214 0.000106899
2.39365 -0.0307698 0.00107845
2.38403 -0.00359821 0.00263485
2.34953 0.0295839 0.00197395
2.28984 0.0307283 0.00263342
2.33528 -0.0160971 0.00139293
2.33477 -0.01511 0.00440749
2.24434 -0.0318489 0.00241789
2.23361 -0.00440979 0.00215539
2.22614 -0.00140953 0.000717012
2.16859 0.0226154 0.000237314
2.11387 -0.0146666 -0.00165668
2.05212 -0.000379562 -7.90675e-05
1.95362 -0.030201 0.000483839
1.90455 -0.00818634 -0.000231417
1.91186 -0.0291176 0.00179919
1.82094 -0.0242176 0.000399439
1.74164 -5.53131e-05 -0.00181189
1.63459 -0.0221214 -0.00177065
1.63078 0.00831318 -0.00251475
1.53483 0.0190258 -0.000495823
1.44217 -0.0120869 -0.00435367
1.28964 -0.00828171 -0.000987919
1.19038 -0.0131912 -0.00050679
1.05854 -0.0221424 0.000285713
1.00747 -0.00699234 -0.00190082
0.914403 0.012888 -0.0013279
0.80054 -0.0160923 -0.000579508
0.687427 -0.0367069 -0.0011634
0.677758 0.00535107 -0.000718506
0.638964 0.0135994 -0.00101701
0.55821 0.0150509 -0.00161067
0.542319 -0.0263863 -0.00158587
0.467288 0.0135412 -0.00311581
0.419992 0.00831985 0.000530092
0.3205 0.0040226 0.000220863
0.2102 -0.0241795 0.000763027
0.153542 -0.00694752 0.000528661
0.131327 -0.020112 8.54413e-05
0.104568 0.0481491 -0.000847252
0.0752993 0.0274458 -0.000390204
0.00875247 -0.0120068 -0.00209633
0.0107719 -0.00169945 -0.00190059
0.0110104 0.00638962 -0.00209442
0.0125759 0.0093832 -0.0018982
0.0120263 -0.000524521 -0.00193158
0.0162473 -0.00187969 -0.00196591
0.0051477 0.00881386 -0.00208274
0.0186768 0.0135098 -0.00171843
0.012296 0.00510216 -0.00184289
0.0112004 0.000778198 -0.00196806
0.00651169 -0.00216103 -0.00194064
0.00852251 -0.00212669 -0.00194445
0.00425172 -0.00274181 -0.00206152
0.00535464 -0.00362587 -0.00200334
0.0065608 -0.00154018 -0.00201693
0.00850701 -0.00322342 -0.00201884
0.00801611 0.000460625 -0.00206056
0.00828969 -0.00480366 -0.00190798
0.00547147 -0.00116348 -0.00198046
0.00933194 -0.00595474 -0.00207368
0.0161769 -0.00299644 -0.0018231
0.0157831 -0.00242138 -0.00192967
0.00461268 -0.004076 -0.00198475
0.00673103 0.00589561 -0.00201956
0.00355506 0.00155067 -0.00196591
0.00838804 0.00070858 -0.00203148
0.00192428 0.00365734 -0.00207034
0.0037024 0.00696087 -0.00199357
0.0140264 0.00148869 -0.00195542
0.00311327 0.00331306 -0.00205699
0.0101509 0.00310326 -0.00202003
0.00547695 0.0103912 -0.00204411
0.012334 0.00454044 -0.00199905
0.00212646 0.00367737 -0.00202385
0.010573 -0.00102615 -0.00191751
0.0438603 -0.00239754 -0.00126639
0.0623174 0.0039444 -0.00121179
0.110736 -0.00795746 -0.0013279
0.145962 -0.0327463 -0.000443133
0.275007 0.017252 -0.00276605
0.301546 -0.0141382 -0.00181046
0.383535 0.000658035 -0.000358017
0.422946 -0.00711727 0.000455705
0.576525 0.0194645 -0.00133792
0.610285 0.0116444 -0.00212565
0.710509 0.0266628 -0.00100246
0.79192 0.0131254 0.000699608
0.858641 0.00857067 0.00462827
0.912281 0.00413227 0.0130125
0.979288 0.0543365 0.0159326
1.05764 -0.0144014 0.0181285
1.10163 0.0535486 0.0237504
1.1357 0.0598555 0.0298701
1.22015 0.0422235 0.034119
1.22759 0.0929134 0.037192
1.20171 0.0910709 0.0476569
1.30207 0.112505 0.0534376
1.27985 0.131532 0.0594276
1.31199 0.139809 0.0634612
1.34838 0.165321 0.0659247
1.32527 0.156855 0.0692721
1.31387 0.184088 0.0710023
1.38751 0.161901 0.0734361
1.36637 0.183232 0.0736729
1.4023 0.15387 0.0727292
1.3907 0.146643 0.0724691
1.42193 0.155692 0.0627461
1.41812 0.135025 0.0605241
1.43669 0.133555 0.0592221
1.44049 0.106642 0.0566469
1.46041 0.114744 0.0503658
1.48875 0.142504 0.0504397
1.49811 0.0862668 0.0529216
1.55083 0.0489581 0.0456651
1.57066 0.11091 0.0427814
1.60938 0.0281684 0.0403748
1.62718 0.11179 0.0346847
1.60422 0.0704964 0.0334271
1.66173 0.0320331 0.0265253
1.69312 0.128075 0.0136398
1.67424 0.00507593 0.0115815
1.80714 -0.0227823 0.0125884
1.77314 -0.0152237 0.00795588
1.79913 -0.0195322 0.00735101
1.84167 0.0191468 0.0049003
1.81008 0.00227427 0.00302371
1.88282 0.00396705 0.00615462
1.88888 0.00647098 0.00315103
1.95441 0.0604515 0.00145039
1.99091 -0.0263972 0.00394758
2.00646 -0.0414324 0.000484554
2.01524 -0.0470438 0.000550834
1.98926 -0.00645351 -0.000973614
1.97401 0.0126104 -0.00246015
1.99561 0.0362855 0.000666944
1.94276 -0.0207263 -0.00230137
2.0232 0.0349158 -0.00184933
1.96061 -0.027956 -0.00292555
1.96514 -0.0172095 -0.00260917
1.97719 -0.00452566 -0.00237957
1.98818 -0.020221 -0.00420872
1.97642 -0.00718307 -0.00387135
1.94116 0.010025 -0.00315634
1.95478 -0.0596347 -0.0037345
1.95803 0.02355 -0.00285235
2.0102 -0.0205526 -0.00398389
1.9545 -0.027812 -0.000410469
1.98908 -0.013217 0.00129089
1.99619 -0.0116882 0.00305375
1.97273 -0.0110846 0.00239453
2.03565 -0.0287399 0.00181827
1.99208 -0.0105839 0.00193342
2.0449 -0.0288963 0.00259217
1.99032 -0.0132031 0.00132975
2.01602 -0.0398021 -0.00276247
1.96137 -0.00858688 -0.00264397
1.95818 -0.0881639 -0.00257006
2.02156 -0.0237069 -0.00182787
1.95218 0.00591928 -0.00134173
2.00007 -0.0149841 -0.00342956
1.95958 0.0530901 0.000147192
1.94296 -0.0620973 0.00377902
1.96146 0.00861013 0.00452003
1.97326 0.00244981 0.00309953
1.93401 0.016296 0.00385794
1.85986 -0.00549793 0.00204095
1.81692 -0.0211263 0.00383457
1.74805 0.0200872 0.00185022
1.66645 0.0116877 -0.000443371
1.714 -0.0416857 0.00111851
1.67564 0.00234032 0.0040234
1.48455 0.0389872 0.00822195
1.55216 0.0431457 0.00354728
1.59375 0.0210848 0.00342855
1.61627 0.0308666 0.00254306
1.65332 -0.00268173 0.00318512
1.65703 -0.00621486 0.00572285
1.65176 -0.0340347 -5.18878e-05
1.69681 -0.0535812 -0.000899704
1.65941 0.0164506 -0.00290075
1.7296 -0.0236509 -0.00347105
1.75327 -0.0278444 -0.0035471
1.77288 -0.053936 4.13338e-05
1.80317 -0.00158024 -0.00304881
1.81763 -0.0297548 -0.00197259
1.8247 -0.0209101 -0.0041515
1.87537 0.00503421 -0.00266829
1.85875 -0.0224006 -0.001712
1.89248 0.0519466 -7.83523e-05
1.88775 -0.0337243 0.00488886
1.92252 0.00709158 0.0011259
1.94175 0.00591338 0.00490889
1.92004 0.00501585 0.00325236
1.989 0.0321541 0.00476989
1.96857 -0.0144272 0.00204238
1.93993 0.0133123 0.0016447
1.99692 0.0180354 0.00338468
1.97784 -0.0251727 0.00224694
1.90319 7.29561e-05 0.00352582
1.88864 0.0452051 0.000307647
1.86214 0.0142763 0.0011898
1.86487 -0.0258956 -0.000897082
1.84644 -0.0293121 0.00197896
1.77204 -0.0125058 -0.000988158
1.80694 -0.0295453 0.00244316
1.79096 0.0136023 0.00234899
1.73884 0.0118766 0.000804512
1.65141 0.034646 0.00126633
1.58853 0.0305176 -0.000121983
1.59276 -0.00372505 -0.00212446
1.56637 -0.0103731 -0.000410231
1.51762 0.00874329 0.00206837
1.5395 0.00832367 0.00184712
1.53288 -0.00122213 0.00318631
1.45577 0.00469828 0.00287589
1.46021 0.0162964 0.00351843
1.47908 0.0279026 0.00181898
1.45035 -0.0210428 -0.00552955
1.44687 -0.026947 -0.00964561
1.5107 -0.0224667 -0.0130266
1.41256 -0.060216 -0.0169179
1.45923 -0.0285277 -0.017578
1.39274 -0.0256705 -0.0164732
1.39823 -0.0166445 -0.0131954
1.39096 -0.0352955 -0.0127694
1.4129 -0.0570683 -0.0125016
1.39336 -0.0317583 -0.0103127
1.39358 -0.0388079 -0.00172749
1.41 0.0240393 0.0157581
1.458 0.0368891 0.0178064
1.44028 0.00563288 0.0243653
1.46554 0.0640287 0.0213486
1.49585 -0.00809193 0.0149611
1.45049 0.0113821 0.0102752
1.51151 0.0052309 0.00861129
1.48917 0.0311279 0.00936183
1.47282 -0.00773907 0.00620875
1.4436 -0.00119972 0.00941166
1.42462 -0.0186539 0.00730714
1.48183 0.00966692 0.00648746
1.40404 -0.00430298 0.00324568
1.29541 -0.0682812 0.00113329
1.26215 -0.00782585 0.00495371
1.23911 0.0464029 0.00425157
1.1742 0.0158653 0.00586948
1.12258 0.00488377 0.00452909
1.03129 0.029561 0.00746831
1.01049 0.0203042 0.00408658
0.930561 0.010585 0.00490078
0.866124 0.0145483 0.0059708
0.832556 0.0298051 0.0116204
0.803473 0.031291 0.0160387
0.800733 0.0508189 0.0224374
0.77578 0.0533247 0.0338517
0.791246 0.119138 0.0436562
0.803329 0.11285 0.0546411
0.810619 0.138693 0.0621131
0.849824 0.112982 0.0630909
0.832932 0.109928 0.0647727
0.829205 0.168211 0.0683485
0.880917 0.113089 0.0683349
0.889588 0.100891 0.0701545
0.915374 0.136828 0.0720285
0.957069 0.139653 0.0726961
0.970368 0.150334 0.0729066
1.04474 0.128138 0.072616
1.06646 0.12788 0.0716673
1.0691 0.0886078 0.0700019
1.19067 0.143663 0.0640512
1.21323 0.134035 0.0568968
1.25302 0.0604572 0.0454129
1.31387 0.0873699 0.0457414
1.30896 0.0760765 0.0398193
1.40143 0.127137 0.0408259
1.36552 0.0459681 0.0378455
1.46385 0.110303 0.0295733
1.5002 0.0718937 0.0224346
1.54393 0.00492668 0.0169807
1.51627 0.0157051 0.0101655
1.53378 0.0288839 0.00750336
1.55336 0.0463238 0.00848684
1.60658 0.0393138 0.00797829
1.67999 0.0152512 0.00396642
1.7343 -0.0247974 0.00050935
1.70141 0.0396967 0.00330338
1.71628 -0.00590611 0.00382718
1.76419 -0.00217628 0.00450501
1.75235 0.00469589 0.00332674
1.78991 -0.0322075 0.00307116
1.8032 -0.0535049 0.00409207
1.7989 0.00147247 0.0038248
1.79392 0.018054 0.00330815
1.83872 0.000238419 0.00510248
1.82418 -0.000224113 0.00462445
1.81248 0.0489388 0.00409946
1.80051 -0.010726 0.00247177
1.73749 0.0299997 0.00647148
1.71714 -0.0136414 0.00540075
1.73077 0.0207863 0.0053235
1.62265 0.0450935 0.00600084
1.63057 0.0252886 0.00856241
1.60426 0.037302 0.00996217
1.5668 -0.0391455 0.0134929
1.56049 0.00537872 0.0137335
1.59388 0.0326357 0.0150102
1.51351 0.0264554 0.0123187
1.52389 0.036356 0.0129269
1.46062 0.0627098 0.012297
1.52623 -0.0350418 0.0136372
1.38438 0.017561 0.00921187
1.29505 0.0367765 0.00648054
1.38012 0.046689 0.00516066
1.33568 -0.00225925 0.00509223
1.28509 -0.046567 0.00568351
1.26787 0.0147476 0.00651201
1.25698 -0.0157452 0.00692114
1.25395 0.00535011 0.00637945
1.22048 -0.0560584 0.00603279
1.10405 0.0213928 -0.00311104
1.13091 -0.00431061 -0.00556746
1.11082 -0.041934 -0.0121981
1.04434 -0.0600557 -0.0126406
1.13826 -0.0448017 -0.0174209
1.04499 -0.0421028 -0.0251791
1.11104 -0.0843704 -0.033013
1.07101 -0.021487 -0.0448419
1.07607 -0.125627 -0.0450846
1.04329 -0.0397642 -0.0499913
1.09301 -0.0759818 -0.0477041
1.15055 -0.142382 -0.0453509
1.13957 -0.0813496 -0.0476483
1.19335 -0.12921 -0.0443062
1.18648 -0.0776141 -0.0381106
1.23725 -0.0758438 -0.0255
1.2495 -0.0823479 -0.0172869
1.2829 0.00116611 -0.00857178
1.30257 -0.00577879 -0.00544992
1.42832 -0.0188141 -0.000836047
1.39511 0.0248127 -0.000317963
1.40906 0.00354052 0.00560841
1.41155 -0.028924 0.0106212
1.49196 0.048679 0.0179342
1.54449 0.098481 0.0200303
1.52721 0.0537235 0.0197569
1.55745 0.0504001 0.0204352
1.59213 0.0633683 0.0220028
1.56623 0.0628295 0.0300516
1.6428 0.0419836 0.0310582
1.62942 0.0928221 0.0334805
1.66379 0.109549 0.0310956
1.68086 0.0810394 0.0261844
1.63105 0.0855446 0.0203346
1.63441 0.00931358 0.0150443
1.60209 -0.00114441 0.0101248
1.60959 0.0394039 0.0113123
1.54856 0.0115414 0.00784954
1.47002 0.0304317 0.00824198
1.45897 -0.00926781 0.00207862
1.37404 -0.0320797 0.00249085
1.26535 0.00430489 0.00134429
1.24312 -0.0173626 0.000805227
1.15312 -0.00715065 0.0044299
1.17258 -0.0222073 -0.000517042
1.15507 -0.0537043 -0.000650318
1.07463 -0.0045023 -0.000638398
1.01589 -0.0125513 -0.00200954
0.989317 0.0282698 -0.000936898
0.955002 -0.0110531 -0.00125542
0.881242 -0.000826836 -0.00207082
0.836151 -0.0156183 -0.00192109
0.754904 -0.0178986 -0.00190178
0.711874 -0.00969887 0.000435201
0.659579 -0.0292664 -0.00350705
0.580416 0.00982761 -0.000451716
0.536127 0.00381851 -0.00208345
0.494961 -0.016118 -0.00291124
0.467474 0.039463 -0.000636252
0.475531 0.0306654 -0.00146476
0.472759 0.00768852 -0.00213209
0.489725 0.00854206 -0.00117246
0.469797 -0.0220404 -0.00278869
0.469343 0.0206394 -0.000167044
0.482353 -0.035924 0.00143751
0.415615 0.0655212 0.00328001
0.432484 -0.0141106 0.00188646
0.382372 0.0028286 0.00109967
0.43713 0.025301 0.00318202
0.470661 0.0607471 0.00928291
0.511232 0.0265255 0.0159324
0.507099 0.0575552 0.0241948
0.591299 0.0618076 0.0283419
0.663475 0.0902162 0.0342081
0.673514 0.0797052 0.0352338
0.761283 0.0756745 0.0414227
0.769937 0.0801601 0.0436257
0.889267 0.107563 0.0449475
0.937085 0.11851 0.0501912
1.00796 0.116958 0.0542169
1.09054 0.118066 0.0551918
1.10607 0.159081 0.0591086
1.21927 0.087244 0.0632363
1.23681 0.116933 0.0617715
1.30842 0.127858 0.0613514
1.39517 0.0904245 0.0627669
1.45714 0.128752 0.0634728
1.53627 0.0743408 0.0602466
1.58758 0.0994797 0.0603615
1.66921 0.0643158 0.0538505
1.73938 0.0395813 0.0399893
1.78322 0.0427208 0.0357257
1.81498 0.105909 0.0256561
1.89665 0.0140676 0.0215119
1.90946 0.0225401 0.0207458
1.94136 -0.0262852 0.0121277
2.03708 0.0116262 0.0113612
2.09557 0.0117331 0.00792035
2.11538 0.0473032 0.00678333
2.13653 -0.0751514 0.00211558
2.23739 -0.0350361 0.000228254
2.30932 0.022296 -0.00465074
2.28175 -0.0409842 -0.00348988
2.36938 0.00523472 -0.00489727
2.40525 -0.0230408 -0.00429169
2.40432 -0.0255842 -0.000544699
2.3579 -0.0331764 -0.00321332
2.48674 0.0324917 -0.00199166
2.46592 -0.0685568 -0.00351873
2.43269 -0.0387516 -0.000540169
2.55799 -0.00430679 -0.00120273
2.48938 -0.0677214 -0.00417081
2.49004 -0.049161 -0.00372187
2.4998 0.00168324 -0.001156
2.4321 -0.0581102 -0.00387565
2.46176 -0.0396767 -0.0033404
2.39492 -0.0580511 -0.00435963
2.43702 -0.0296497 -0.00347939
2.28819 -0.0857534 -0.00459138
2.40859 -0.0847731 -0.00139991
2.37066 -0.0630312 -0.000799092
2.33008 0.00945091 -0.00320259
2.25499 -0.0871553 -0.00160685
2.30495 -0.0496483 -0.00335112
2.29213 -0.0602398 -0.00256482
2.26709 -0.0708561 -0.00196281
2.34652 -0.0127363 -0.00364891
2.29024 -0.0429993 -0.00239769
2.29745 -0.0422831 -0.00234881
2.32696 -0.0297174 -0.00128809
2.28011 -0.0356293 -0.00360099
2.42562 -0.0249958 0.00176081
2.38569 -0.0482578 0.000494806
2.34299 -0.0394821 0.000654546
2.43842 -0.062396 0.000290958
2.41161 0.0267372 0.00160917
2.40992 0.000524521 0.000728218
2.44325 0.00437355 0.00106105
2.4413 0.00645828 -0.00183121
2.48091 -0.0379276 -0.00340739
2.48683 -0.056262 -0.00450269
2.50615 -0.0711451 -0.00371304
2.49632 -0.0871849 -0.00468293
2.51371 -0.00463676 -0.00261894
2.52302 -0.0384369 -0.00406996
2.52071 -0.05797 -0.000883969
2.57313 -0.0711422 0.00147089
2.5654 0.000879288 0.0018743
2.57139 -0.112979 0.000252811
2.62185 -0.0436411 0.00227245
2.46398 0.00187683 0.00205168
2.6271 -0.0151329 0.00254068
2.57493 -0.0870667 0.00246891
2.56107 -0.0243635 0.00375923
2.58747 -0.0487576 -0.00276748
2.5266 -0.00223541 0.00427612
2.62374 -0.0411205 0.00141153
2.62408 0.00996399 0.00469956
2.5939 -0.0261078 -5.02189e-05
2.56944 -0.00412369 -0.00231758
2.62101 0.0227451 -0.000837
2.60364 -0.0406876 0.00075206
2.62474 -0.0163994 -0.00185219
2.68616 -0.062727 0.0011886
2.57349 -0.105444 -0.00622097
2.62149 -0.0763721 -0.00172129
2.70393 -0.0852489 -0.00196591
2.57161 -0.0188484 -0.00179401
2.63323 -0.120581 -0.0024387
2.53838 -0.0514832 -0.0033156
2.58617 0.0145702 -0.00111976
2.59025 0.0356064 -0.00716892
2.60615 -0.0593328 -0.00585643
2.65243 0.0306101 -0.00197664
2.59758 -0.0123816 -0.0108253
2.62951 0.0100012 -0.00703326
2.62263 -0.0820856 -0.0119721
2.52331 -0.103483 -0.00996176
2.56638 -0.0267429 -0.0116653
2.59029 -0.0736771 -0.0130483
2.58879 -0.0745945 -0.0144347
2.56648 -0.092308 -0.0145282
2.57126 -0.0924206 -0.0147599
2.53861 -0.0707569 -0.0127067
2.54517 -0.0728493 -0.0109555
2.53124 -0.0870838 -0.0128571
2.55574 -0.0676994 -0.0123502
2.51083 -0.094574 -0.0130307
2.5549 -0.0449123 -0.00731912
2.53668 -0.032156 -0.00386396
2.57335 -0.0273685 -0.00145975
2.56316 -0.0237293 -0.00372854
2.54993 -0.0613556 -0.00121537
2.56465 -0.0186806 -0.000152024
2.56944 -0.0284386 0.00349077
2.63579 -0.0071888 0.00768027
2.55349 0.0245419 0.0090352
2.66177 -0.00357246 0.00942263
2.54225 0.0298519 0.00740775
2.6185 -0.0361843 0.00970682
2.64456 0.0134354 0.00912913
2.64325 0.0165386 0.0122217
2.62174 -0.0023098 0.0118199
2.67394 -0.0117569 0.0111833
2.61876 0.0280704 0.0119871
2.64422 -0.0146179 0.010119
2.62988 -0.0153694 0.0123743
2.6126 0.0232697 0.0124522
2.57008 0.00372314 0.00997171
2.66695 0.00706291 0.00999293
2.62561 -0.0495071 0.00855407
2.65427 -0.0645723 0.0109809
2.73897 -0.0502052 0.007099
2.67073 -0.00315285 0.00660571
2.78294 0.0187988 0.00544533
2.76663 -0.0693102 0.00285038
2.76905 -0.0715008 0.00279102
2.78953 -0.0576191 0.00280079
2.78139 -0.00314713 -6.88155e-05
2.77699 -0.104967 0.00415358
2.80359 -0.0499067 0.00340494
2.84377 0.0336742 0.0017713
2.80085 0.0428333 0.00410422
2.87334 0.0120335 -0.00347701
2.91279 -0.157168 -0.000298174
2.90658 0.0129585 0.00247082
2.93527 -0.00990105 0.00289091
2.91419 -0.05441 0.00124153
2.95073 -0.0421453 0.00297126
2.95544 -0.0583982 6.8752e-05
2.95299 -0.0657997 -0.000613364
2.97502 -0.0541239 0.000879375
2.94222 -0.0494394 0.00167474
2.9408 -0.0381932 5.6426e-07
2.9041 -0.0877066 0.000441639
2.89405 0.00868893 0.000944225
2.90789 -0.00344849 0.00159916
2.83799 -0.0204368 0.00029215
2.84509 -0.0200267 0.000420419
2.83388 -0.0141082 0.00517854
2.87807 0.00714779 0.00536141
2.84622 -0.00703287 0.0104762
2.76074 -0.0268984 0.00903758
2.81372 -0.0289307 0.00474056
2.80472 -0.0696793 0.000523416
2.62426 -0.0239182 0.0018526
2.80266 -0.0131903 0.00665483
2.71798 -0.0413828 0.0100001
2.92132 -0.0533533 0.0193857
2.77041 0.00516319 0.0165921
2.78656 -0.0197926 0.0128153
2.86723 0.0151138 0.0142353
2.79711 0.0273323 0.0156804
2.82032 0.049654 0.0176087
2.84477 -0.000646591 0.0171107
2.85561 0.0572739 0.0185789
2.826 0.0205135 0.0136658
2.84021 -0.00436401 0.0129786
2.94832 -0.0357914 0.0120507
2.87084 0.0122738 0.0121878
2.88981 -0.0232792 0.01573
2.97402 0.0089817 0.0145276
2.90116 0.00629616 0.0151688
2.98029 -0.000910759 0.0149291
2.95493 0.0220566 0.0113786
2.90038 -0.0227032 0.00561437
2.9856 -0.0272141 0.00641212
2.9198 0.0440769 0.00637707
2.92919 -0.0568562 0.0142218
2.98953 0.0102892 0.0113457
2.93375 0.0386801 0.01347
2.97271 0.0219011 0.0118113
2.94636 0.0629578 0.0149535
2.97228 0.0334339 0.0121141
3.02759 0.0610962 0.00998792
2.89841 -0.038826 0.00775584
2.91552 0.00615311 9.33091e-05
3.03393 -0.0435028 0.00187143
3.12643 -0.0355358 0.00406584
2.97056 -0.0545292 0.00279221
3.09927 -0.0462551 -5.83251e-05
3.03021 -0.0416164 6.46989e-05
2.8828 -0.0865097 5.61158e-05
2.93581 0.0031147 -0.00381938
2.91345 -0.00980186 0.00223025
2.93898 -0.0545845 0.00234279
2.87633 -0.0270214 0.00375303
2.84978 -0.00810528 0.00289354
2.88823 -0.0377226 0.00454959
2.75997 0.00181961 0.0027276
2.67011 -0.0425825 1.77304e-05
2.54226 -0.0147858 0.00334152
2.47783 -0.0264273 0.00140461
2.3251 -0.0622702 0.000749914
2.35368 0.00432968 0.00217923
2.06866 -0.0500021 -0.000439318
2.04723 -0.0446157 6.52472e-06
1.93345 -0.00295162 -0.00385252
1.9112 -0.0682087 0.000949709
1.69184 -0.0390549 0.00229606
1.57718 -0.0767212 0.000957338
1.37839 -0.0353661 2.08298e-05
1.32364 -0.0447292 -0.00130788
1.25616 -0.0317211 -0.000761183
1.07812 -0.0351658 -0.00298372
0.992342 -0.0143452 -0.0024983
0.851463 -0.0118332 -0.000238093
0.782553 -0.000732422 -0.000871571
0.721122 -0.00906372 -0.00307337
0.742589 0.0350132 -0.00200692
0.714706 -0.0257225 -0.00203219
0.671336 0.00553513 -0.000185402
0.6845 0.000921249 0.00282082
0.654578 0.0190868 0.00692424
0.695719 -0.0232143 0.0140601
0.750824 0.0330877 0.0206183
0.717608 0.0303001 0.0285152
0.73919 0.0539341 0.0365549
0.77128 0.100382 0.0392118
0.832666 0.0741959 0.0430284
0.863014 0.0654402 0.04327
0.892957 0.0658941 0.0450419
0.917537 0.11948 0.0493775
0.91641 0.108105 0.0551704
0.984093 0.121413 0.0583464
0.985769 0.0951929 0.0611983
1.03982 0.12763 0.0620154
1.07652 0.181563 0.0644239
1.11073 0.111469 0.0703441
1.17675 0.187796 0.0680431
1.19882 0.148497 0.0735982
1.25716 0.159307 0.0733186
1.39026 0.126866 0.0726682
1.39543 0.123973 0.0714813
1.42955 0.140215 0.0683163
1.47236 0.123277 0.0597051
1.50659 0.13268 0.0564156
1.60306 0.118951 0.0569354
1.67124 0.0867095 0.0476769
1.66914 0.0678329 0.0369543
1.75004 0.0692511 0.0302607
1.76221 0.0662603 0.0262221
1.81456 0.0553761 0.0255001
1.89614 0.0377874 0.0287648
1.88338 0.0488553 0.0282834
1.97085 0.0714378 0.0288416
2.01649 0.0416574 0.0279659
2.04557 0.0303872 0.0171982
2.08355 0.027602 0.00980934
2.1517 -0.0271411 0.00793013
2.16877 0.0170212 0.00532016
2.24866 -0.0156755 0.00277385
2.27804 -0.0203433 0.00379571
2.21324 -0.0105398 0.000595895
2.30137 -0.0175133 -0.00118295
2.36407 -0.0393357 -0.00225273
2.36192 -0.0215638 -0.00160089
2.30034 -0.00591612 0.00167402
2.36738 -0.0185408 0.00276646
2.37618 0.00283682 0.00260553
2.41406 -0.0339236 7.18514e-05
2.41368 -0.0272595 0.00126585
2.44888 -0.0349579 -0.00231925
2.49126 -0.0729363 -0.000182303
2.42878 -0.0538673 -0.00140539
2.49037 -0.0275536 -0.00224105
2.45075 -0.0570326 -0.00270048
2.45412 -0.0694678 -0.00253621
2.45786 -0.0345913 -0.00112477
2.46789 -0.0750322 0.000178425
2.48989 -0.00779057 0.00138816
2.52339 0.00614643 0.00194916
2.49217 -0.00541592 0.0016602
2.48882 0.0177965 0.00226626
2.45522 0.00400829 0.00153288
2.43814 -0.00810909 0.00266847
2.40515 -0.0195417 0.000656215
2.42692 -0.0777264 0.0010961
2.38648 -0.0024786 0.00127372
2.44763 -0.0542955 -0.000282915
2.44573 -0.0383825 0.000762788
2.44324 -0.00460052 0.0005258
2.4552 0.023325 0.000964252
2.43223 -0.088439 0.000605194
2.39489 -0.00410271 -8.16902e-05
2.44885 -0.0184135 -0.00040427
2.45481 -0.0262938 -0.0017952
2.41369 0.00762224 -0.0028669
2.45175 -0.0268488 -0.00334302
2.40267 -0.0120611 -0.00442091
2.27945 0.0287933 -0.00211325
2.34952 -0.028851 -0.00804416
2.34679 -0.0280943 -0.0160028
2.31684 -0.124315 -0.0168618
2.28696 -0.0607843 -0.0216209
2.21948 -0.0895596 -0.0229706
2.24109 -0.0800323 -0.0248977
2.21734 -0.0545845 -0.0255188
2.13209 -0.0790462 -0.0267948
2.1051 -0.0432205 -0.0229212
2.08388 -0.0941792 -0.0262677
2.10612 -0.100058 -0.0262422
2.11583 -0.0649147 -0.0241999
2.05559 -0.0901566 -0.0252148
2.03593 -0.0777378 -0.0236818
2.07953 -0.079504 -0.0254916
2.07945 -0.101334 -0.0207151
2.07419 -0.0716162 -0.0252415
2.07418 -0.129189 -0.0229482
2.08245 -0.054759 -0.0233783
2.08727 -0.0460415 -0.0202319
2.09221 -0.0720186 -0.0226559
2.11675 -0.0487719 -0.0226583
2.15733 -0.0728569 -0.0245339
2.16622 -0.0902085 -0.022329
2.18764 -0.0749717 -0.0203294
2.25388 -0.0970945 -0.0175819
2.27758 -0.0677395 -0.0147771
2.29299 -0.0718575 -0.0151037
2.30333 -0.0984645 -0.010626
2.30968 -0.0806351 -0.00407496
2.28125 -0.0557804 0.00027856
2.3213 -0.0264983 0.00264534
2.41056 -0.0743444 0.00406012
2.41766 0.00671911 0.00165948
2.39457 -0.0464429 0.00519404
2.40128 -0.038301 0.00529799
2.44251 -0.00507367 0.00889119
2.40489 0.0100517 0.0108365
2.45344 0.0304575 0.00929937
2.44293 0.0240372 0.00786266
2.40334 -0.0242705 0.00717625
2.39925 0.00459736 0.00632891
2.42042 0.0117234 0.00398263
2.49285 0.0210645 0.00483951
2.41699 -0.0312791 0.00606331
2.41127 -0.0177753 0.0108286
2.39829 0.012935 0.0122195
2.37709 -0.0057717 0.0131472
2.29415 0.0250067 0.0189773
2.31863 0.0457928 0.0231198
2.31758 0.000101611 0.0248218
2.28553 0.0252407 0.023471
2.30433 0.0427588 0.0217498
2.25525 0.0159097 0.0202204
2.25908 0.050041 0.0193919
2.25546 0.0311904 0.0200294
2.21376 0.0396996 0.0193482
2.18649 0.0497527 0.0171669
2.2262 0.0421977 0.0162571
2.16725 -0.0264177 0.019616
2.15686 0.0324888 0.0182482
2.16538 0.0137014 0.0183946
2.20312 -0.0125856 0.020074
2.20556 0.0367174 0.0174459
2.21605 0.0461321 0.0167948
2.18606 0.0247803 0.0165447
2.19735 0.00932693 0.0165931
2.18315 0.010313 0.0154041
2.18926 0.0250111 0.0190447
2.21696 0.0138912 0.0177558
2.24141 -0.0523319 0.0178045
2.21407 0.020668 0.0156034
2.14324 0.0139523 0.0116504
2.24202 0.0181847 0.0143915
2.23836 0.0361271 0.0159927
2.25066 0.0501575 0.0157751
2.16852 0.0151329 0.0179292
2.20914 0.0768089 0.0184494
2.2874 0.0161209 0.0207845
2.27214 0.0208111 0.0224629
2.33179 0.0399475 0.0224934
2.35741 0.0295067 0.0206626
2.32359 0.0285187 0.0177842
2.35871 0.00581741 0.0191487
2.35043 0.0352287 0.0192443
2.27549 0.0282135 0.0186103
2.3257 -0.0203514 0.0186652
2.27785 0.053997 0.0147124
2.21919 -0.0143661 0.0133651
2.27283 0.0310392 0.011864
2.23213 0.0486422 0.0120631
2.12793 -0.0358787 0.0158213
2.13196 0.0127172 0.0131482
2.20822 -0.0244307 0.0185667
2.14993 0.0545987 0.0167995
2.16365 0.00697899 0.020073
2.2335 0.0705984 0.0194775
2.2804 0.0797348 0.0221167
2.21766 0.08039 0.0215109
2.31858 0.0407419 0.0270778
2.31225 0.0152006 0.0284258
2.28204 0.0331817 0.0282062
2.24372 0.0348787 0.0283547
2.36508 0.0637069 0.0253213
2.33446 0.0766926 0.0227233
2.36053 0.0524724 0.0204302
2.34743 0.0545291 0.023352
2.35895 0.0181444 0.0229672
2.33641 0.0382931 0.0220052
2.40413 0.0464218 0.0182274
2.38998 0.0666828 0.0182246
2.35211 0.0535479 0.0129209
2.33584 -0.01826 0.0100189
2.2512 0.0640316 0.00617179
2.242 -0.0122681 0.00307283
2.2842 -0.0073967 0.00431213
2.15699 -0.0223789 0.00207743
2.17996 -0.00755692 -0.00157491
2.184 -0.0775928 0.000681249
2.24287 -0.0718594 -0.00335852
2.07248 -0.0555763 -0.00598231
2.08132 -0.0722694 -0.00979105
2.00232 -0.0854073 -0.0126421
1.92093 -0.0304794 -0.0174679
1.95448 -0.0823917 -0.0191163
1.92591 -0.0636883 -0.0239281
1.8623 -0.106205 -0.0265261
1.85782 -0.0560341 -0.0267202
1.828 -0.103567 -0.023209
1.89187 -0.0995579 -0.0227386
1.81404 -0.0448589 -0.0221156
1.80958 -0.0576439 -0.0215482
1.79155 -0.0888042 -0.0162751
1.72594 -0.043047 -0.0178565
1.77054 -0.0290222 -0.019009
1.68273 -0.0408983 -0.0167307
1.72958 -0.0226641 -0.0200266
1.6625 -0.0598307 -0.0192749
1.66274 -0.0568371 -0.0174994
1.68734 -0.0233717 -0.0181207
1.62749 -0.0470405 -0.0175053
1.63874 -0.0650268 -0.0163685
1.57809 -0.026515 -0.0125898
1.60547 -0.0363045 -0.00974789
1.59781 -0.000751495 -0.0100512
1.74314 -0.0128517 -0.00710264
1.62055 -0.0361729 -0.00821367
1.61479 -0.0299015 -0.00838986
1.59516 -0.0154572 -0.010044
1.59074 -0.0457039 -0.00958005
1.58697 -0.024229 -0.0154635
1.58843 -0.0132475 -0.0185329
1.5951 -0.0558929 -0.0205025
1.54677 -0.0273866 -0.0195965
1.4997 -0.0131681 -0.0185541
1.4618 -0.0368972 -0.0110118
1.48748 -0.032582 -0.0111965
1.52739 -0.0497723 -0.00744429
1.47731 -0.00765705 -0.00593129
1.38518 -0.0251369 -0.000553044
1.4177 -0.0186377 -0.000874194
1.3494 -0.0202732 -0.00506345
1.3527 0.00768471 -0.00598303
1.32918 -0.0393572 -0.00702134
1.16911 0.00459194 -0.00664249
1.27364 -0.0218039 -0.00275031
1.20112 0.0209503 0.00117144
1.21864 0.0184011 0.00669369
1.20107 -0.00700188 0.00386128
1.15424 0.0443802 0.00354871
1.17519 -0.00622177 0.00694498
1.1634 0.0366077 0.0041798
1.17769 0.0171204 0.00602087
1.28705 -0.017643 0.00228175
1.25801 0.00643921 0.0031906
1.26658 0.00161743 0.00283989
1.28176 0.0109768 0.00152835
1.34316 -0.0263023 0.000670997
1.36778 0.0082798 0.0022293
1.37576 -0.016367 0.000620214
1.46614 0.00528717 -0.00116864
1.40584 -0.0363998 -0.00368729
1.48486 0.00240803 -0.00466553
1.45623 -0.0508003 -0.00595823
1.48769 -0.0292797 -0.00577656
1.50953 -0.0425348 -0.00751367
1.51082 -0.0363636 -0.00761619
1.52222 -0.010838 -0.00729481
1.43138 -0.046833 -0.00631705
1.41086 -0.0142908 -0.00630441
1.41186 0.0217257 -0.00661174
1.35158 -0.0265837 -0.00520316
1.40564 -0.00612211 -0.00129143
1.33377 0.0252476 -0.000245484
1.19859 0.00874901 0.00261792
1.13802 0.00725269 0.00319513
1.12125 0.0449009 0.00590452
1.06007 0.035614 0.00596413
1.00063 0.0147038 0.00476679
0.900221 0.0669842 0.00351438
0.686512 0.095686 0.00607189
0.624543 0.0059433 -0.00153581
0.624392 0.0168514 0.00781926
0.533974 0.0285091 0.00141558
0.518553 0.017992 0.00411853
0.462934 0.0426331 0.00324854
0.451796 0.0301514 0.00186285
0.402843 0.0169926 0.00509986
0.364012 0.0170002 -0.00160733
0.360511 0.0394344 0.000698415
0.401967 -0.00549889 0.00132736
0.310056 0.0172806 0.000662414
0.315722 0.0412807 -5.97556e-05
0.23374 -2.28882e-05 -0.0060741
0.238939 -0.00925064 -0.0124947
0.289616 -0.0575829 -0.0216998
0.299948 -0.0735111 -0.0262052
0.258641 -0.0535145 -0.0360247
0.308571 -0.0631886 -0.033183
0.304229 -0.0541077 -0.0269229
0.344525 -0.03514 -0.0168361
0.263993 -0.000640392 -0.00773898
0.251439 0.0092988 0.00665912
0.384515 -0.0119286 0.00862917
0.336134 0.00302267 0.018174
0.381893 0.0764017 0.0218116
0.390762 0.066268 0.0278452
0.378897 0.07693 0.0289083
0.386426 0.0423326 0.0284797
0.407129 0.0558109 0.0243097
0.389412 0.112217 0.0186194
0.286389 0.00930786 0.00767955
0.259798 -0.00576019 0.00398072
0.145083 -0.0288448 2.58366e-05
0.116876 0.0209618 0.0013555
0.0577351 -0.00523567 0.000573007
-0.0173001 -0.00423241 0.000572769
0.0170078 0.00404739 0.00179443
0.0179417 0.00124168 0.00171169
0.00869942 -0.0034771 0.00193438
0.0259084 0.00224876 0.00227055
0.0157752 0.0114594 0.00255784
0.0113306 0.0178509 0.00232944
-0.0310879 -0.0147781 0.000710813
-0.0284007 0.000221252 0.00103053
-0.0205488 -0.00547409 0.000322429
0.00199383 -7.43866e-05 0.0016838
-0.0278087 -0.00374031 0.00120362
0.0233159 0.00560379 0.00245556
0.00514746 0.0127697 0.00219521
0.0456319 0.0181541 0.00145325
-0.0382388 -0.0488825 -0.000108155
0.00689101 0.0175648 0.00189528
