0 0 8.74228e-08
-0.00611258 -0.0074892 0.000542967
-0.0199903 -0.00604525 0.000797121
-0.0230496 -0.0205049 0.00102553
-0.0299281 -0.0259191 0.0015777
-0.0366892 -0.0280247 0.00209459
-0.0437998 -0.0373744 0.00220832
-0.0500401 -0.0423883 0.00257477
-0.0301065 -0.0389901 0.00278124
-0.0198856 -0.0378845 0.00286302
-0.00810791 -0.0316504 0.00292429
0.0112368 -0.0319 0.00307902
0.0149525 -0.0299635 0.00277743
0.020528 -0.0185335 0.00261029
0.0273453 -0.0115955 0.00235876
0.0449056 -0.0179199 0.00230631
0.0590586 -0.0247337 0.00223645
0.0742916 -0.0296123 0.00207051
0.0867528 -0.0302538 0.00177559
0.0911501 -0.0277765 0.00153574
0.0989771 -0.0346987 0.00128326
0.0914718 -0.0392755 0.000811903
0.085053 -0.0451541 0.000663845
0.0858578 -0.0514359 0.000760643
0.0842673 -0.0617679 0.000975935
0.0812569 -0.0693993 0.00121888
0.0799575 -0.0792395 0.00144538
0.0694787 -0.0836551 0.00104603
0.0610785 -0.0839541 0.00407371
0.0416726 -0.0760229 0.00671562
0.0157118 -0.0591045 0.00890311
-0.00191736 -0.0474099 0.0114358
-0.0199491 -0.0384573 0.0140184
-0.0377179 -0.0261457 0.0167805
-0.0562523 -0.00546287 0.0191639
-0.0762283 0.0184969 0.02152
-0.0725326 0.0432133 0.024164
-0.0693711 0.0606537 0.0265304
0.025989 0.0183135 0.0266863
0.12594 -0.00641568 0.0267447
0.236169 -0.0250121 0.0280479
0.370353 -0.00433734 0.0293046
0.565353 0.000936481 0.0320698
0.783696 0.0166331 0.036393
1.08808 0.065619 0.0416225
1.46451 0.0810572 0.0483638
1.8921 0.117315 0.0562666
2.36053 0.172462 0.0661469
2.88301 0.206322 0.0790795
3.50784 0.267566 0.0927573
4.18385 0.362067 0.109463
4.91087 0.489038 0.127868
5.68033 0.604173 0.151713
6.47505 0.760158 0.177497
7.28333 0.953995 0.205991
8.1446 1.2091 0.236442
8.99702 1.46647 0.265708
9.91807 1.79105 0.294158
10.8946 2.13034 0.319911
11.9119 2.48761 0.339626
12.9703 2.88767 0.351221
14.0487 3.27404 0.35696
15.1841 3.69789 0.359341
16.3396 4.14132 0.359873
17.5242 4.58043 0.357424
18.7498 5.03193 0.35493
20.0159 5.51092 0.354323
21.3155 5.99338 0.355179
22.6126 6.47456 0.358156
23.9265 6.99527 0.364026
25.2806 7.53208 0.36868
26.6606 8.11222 0.375545
28.0582 8.71849 0.385524
29.515 9.30897 0.398484
30.9499 9.99448 0.411752
32.4422 10.7023 0.430734
33.9242 11.457 0.452582
35.453 12.2807 0.480232
37.0176 13.1609 0.509348
38.5444 14.1212 0.538728
40.0849 15.1403 0.568988
41.6323 16.2419 0.598321
43.1717 17.3832 0.627983
44.7444 18.5379 0.655846
46.3128 19.7715 0.675755
47.8283 21.047 0.690876
49.3968 22.3687 0.703492
50.9378 23.7198 0.714682
52.5059 25.0703 0.724971
54.0672 26.4367 0.73062
55.6201 27.7948 0.733032
57.158 29.1643 0.730882
58.6867 30.5049 0.729446
60.2244 31.8637 0.724928
61.7035 33.1329 0.720105
63.2535 34.4303 0.713048
64.8093 35.7276 0.70288
66.3795 36.9865 0.693091
67.9934 38.2645 0.679923
69.5552 39.4767 0.665331
71.1864 40.698 0.653329
72.858 41.9062 0.636793
74.5365 43.0733 0.618375
76.232 44.2259 0.598919
77.9723 45.3475 0.577539
79.6752 46.4042 0.554938
81.4893 47.4471 0.531011
83.3174 48.4814 0.507331
85.1194 49.4229 0.484048
86.9743 50.3514 0.46046
88.8666 51.2117 0.43736
90.7824 52.0238 0.413822
92.7727 52.8485 0.390145
94.7205 53.6211 0.363455
96.6975 54.344 0.342435
98.7073 55.0373 0.323539
100.704 55.6433 0.304172
102.735 56.2639 0.28717
104.743 56.7959 0.27084
106.866 57.3711 0.25121
108.95 57.874 0.232811
111.098 58.3176 0.210969
113.255 58.7351 0.192007
115.41 59.1237 0.172973
117.575 59.4524 0.153475
119.741 59.7804 0.135708
121.879 60.0505 0.11731
124.098 60.2556 0.0979324
126.338 60.4204 0.0781966
128.535 60.5672 0.0575169
130.763 60.6824 0.0385574
133.008 60.7417 0.0221728
135.272 60.7578 0.00488505
137.571 60.7325 -0.0112232
139.845 60.7312 -0.0269984
142.184 60.5977 -0.0444442
144.568 60.4619 -0.0627982
146.875 60.2951 -0.0821082
149.24 60.0433 -0.101818
151.641 59.7644 -0.122588
154.034 59.491 -0.140702
156.414 59.0908 -0.158438
158.903 58.6321 -0.177434
161.298 58.1365 -0.19481
163.715 57.6481 -0.214818
166.168 57.1013 -0.230811
168.533 56.494 -0.245305
170.943 55.8274 -0.26081
173.326 55.14 -0.271601
175.739 54.439 -0.28636
178.233 53.6789 -0.299709
180.63 52.895 -0.316219
183.051 52.0981 -0.337732
185.486 51.2274 -0.358368
187.862 50.2625 -0.379273
190.199 49.21 -0.400239
192.479 48.1405 -0.424551
194.761 47.0495 -0.454206
197.023 45.8829 -0.482131
199.246 44.6644 -0.510699
201.381 43.4029 -0.538543
203.491 42.0571 -0.566112
205.455 40.6639 -0.592544
207.462 39.1882 -0.621307
209.4 37.6539 -0.647997
211.29 36.1275 -0.677449
213.125 34.5209 -0.705265
214.933 32.8787 -0.733388
216.626 31.2327 -0.759906
218.277 29.5665 -0.78112
219.891 27.8783 -0.797237
221.499 26.1588 -0.809796
223.053 24.4503 -0.821437
224.619 22.7751 -0.833099
226.129 21.0556 -0.833626
227.64 19.4122 -0.830537
229.205 17.7993 -0.824583
230.77 16.1897 -0.816697
232.334 14.5507 -0.805334
233.958 12.9779 -0.790809
235.584 11.4947 -0.775004
237.148 9.94407 -0.752177
238.871 8.47025 -0.726556
240.646 7.02929 -0.698932
242.418 5.63048 -0.668871
244.25 4.36206 -0.634588
246.145 3.13035 -0.595099
248.101 1.96195 -0.551017
250.081 0.876375 -0.502542
252.131 -0.0997335 -0.452997
254.336 -1.00146 -0.404428
256.545 -1.73009 -0.354594
258.795 -2.42087 -0.308603
261.102 -3.04992 -0.263886
263.493 -3.57642 -0.231833
265.769 -4.04599 -0.204481
268.139 -4.41773 -0.184658
270.569 -4.85379 -0.165488
273.004 -5.1992 -0.150371
275.484 -5.50869 -0.141509
277.938 -5.86277 -0.130615
280.44 -6.13523 -0.121761
282.97 -6.35066 -0.11243
285.466 -6.57545 -0.103796
288.02 -6.80348 -0.0927412
290.554 -7.03561 -0.0831412
293.134 -7.2387 -0.0740623
295.771 -7.44039 -0.0661744
298.369 -7.57958 -0.0602407
300.969 -7.72082 -0.0555789
303.65 -7.81465 -0.0498256
306.304 -7.90112 -0.0468678
308.984 -8.02208 -0.0407487
311.747 -8.12446 -0.0356735
314.458 -8.21549 -0.0310716
317.097 -8.30982 -0.0254969
319.786 -8.33582 -0.0196096
322.466 -8.35947 -0.014363
325.095 -8.37751 -0.0102843
327.707 -8.32177 -0.00663701
330.291 -8.29164 -0.00186625
332.861 -8.30007 0.00497588
335.447 -8.28483 0.0113278
337.969 -8.30037 0.0171944
340.485 -8.22734 0.0187725
342.956 -8.13872 0.0199607
345.488 -8.04044 0.0201157
347.939 -7.96025 0.0160557
350.442 -7.89615 0.00802383
352.909 -7.91621 -0.0011603
355.33 -7.95451 -0.0123653
357.716 -7.96828 -0.0205075
360.186 -8.04774 -0.023131
362.621 -8.1231 -0.0235797
365.091 -8.19377 -0.0263793
367.566 -8.27606 -0.0256054
370.02 -8.32493 -0.020441
372.508 -8.37658 -0.0161819
374.982 -8.40493 -0.0129246
377.405 -8.44203 -0.0128891
379.768 -8.44483 -0.0140955
382.233 -8.50781 -0.0135664
384.605 -8.55752 -0.0157343
386.955 -8.59625 -0.0141741
389.222 -8.61226 -0.011568
391.438 -8.63923 -0.00838676
393.606 -8.65685 -0.007368
395.676 -8.67642 -0.00532165
397.669 -8.67032 -0.00330273
399.655 -8.67657 -0.00207964
401.556 -8.67049 0.00180182
403.428 -8.66316 0.00439557
405.236 -8.62363 0.0057331
406.918 -8.60165 0.00444731
408.519 -8.61524 -0.00396434
410.083 -8.67953 -0.0229677
411.601 -8.77016 -0.053198
412.988 -8.90143 -0.0970868
414.303 -9.14835 -0.148123
415.523 -9.41059 -0.206843
416.662 -9.77846 -0.275025
417.755 -10.2433 -0.35119
418.762 -10.7545 -0.428671
419.72 -11.3942 -0.513059
420.53 -12.0643 -0.602138
421.326 -12.823 -0.685246
422.081 -13.6382 -0.763502
422.742 -14.5314 -0.83997
423.364 -15.4294 -0.909261
423.99 -16.3853 -0.973272
424.541 -17.4343 -1.03368
425.025 -18.4966 -1.09033
425.537 -19.6392 -1.13547
425.958 -20.8323 -1.18098
426.391 -22.0777 -1.2267
426.741 -23.378 -1.27155
427.064 -24.7809 -1.32074
427.306 -26.2016 -1.37159
427.448 -27.6493 -1.41739
427.605 -29.2603 -1.45941
427.712 -30.8664 -1.49409
427.76 -32.5356 -1.52547
427.771 -34.2872 -1.55206
427.794 -36.077 -1.57175
427.739 -37.9534 -1.58832
427.681 -39.8137 -1.60006
427.595 -41.7332 -1.6006
427.536 -43.712 -1.60023
427.505 -45.7917 -1.59978
427.423 -47.9481 -1.59898
427.379 -50.106 -1.59723
427.321 -52.34 -1.59394
427.28 -54.6047 -1.59341
427.206 -56.9266 -1.59564
427.111 -59.2802 -1.59699
427.043 -61.7382 -1.60116
426.981 -64.1381 -1.60262
426.91 -66.5583 -1.601
426.824 -69.0636 -1.59917
426.839 -71.5694 -1.59487
426.768 -74.0709 -1.59352
426.728 -76.6014 -1.59074
426.734 -79.1616 -1.58801
426.727 -81.7383 -1.58639
426.71 -84.3738 -1.58625
426.734 -87.0256 -1.5868
426.767 -89.679 -1.58709
426.761 -92.4287 -1.59148
426.75 -95.2463 -1.59408
426.664 -98.0631 -1.59936
426.526 -100.987 -1.6073
426.347 -103.891 -1.61304
426.167 -106.808 -1.6207
425.957 -109.716 -1.63033
425.744 -112.656 -1.63756
425.489 -115.647 -1.65073
425.209 -118.649 -1.66258
424.884 -121.598 -1.67597
424.563 -124.639 -1.687
424.17 -127.632 -1.69911
423.731 -130.686 -1.71337
423.247 -133.745 -1.72963
422.688 -136.835 -1.7449
422.105 -139.878 -1.76288
421.493 -142.964 -1.78437
420.807 -146.034 -1.80455
420.06 -149.132 -1.82239
419.26 -152.234 -1.84007
418.345 -155.354 -1.85513
417.438 -158.478 -1.86633
416.486 -161.609 -1.87767
415.512 -164.705 -1.89003
414.506 -167.804 -1.90296
413.5 -170.883 -1.91492
412.398 -173.996 -1.92813
411.212 -177.134 -1.94018
409.983 -180.261 -1.95245
408.755 -183.414 -1.96248
407.437 -186.501 -1.97582
406.016 -189.513 -1.98866
404.67 -192.548 -1.99865
403.241 -195.587 -2.00371
401.904 -198.702 -2.00063
400.451 -201.762 -1.99648
399.127 -204.806 -1.99219
397.807 -207.797 -1.99006
396.484 -210.693 -1.99113
395.179 -213.635 -1.9881
393.903 -216.481 -1.98647
392.63 -219.372 -1.98464
391.393 -222.276 -1.98244
390.07 -225.159 -1.98338
388.706 -228.037 -1.98478
387.409 -230.889 -1.98642
386.096 -233.683 -1.9872
384.841 -236.509 -1.98991
383.541 -239.276 -1.99192
382.197 -242.118 -1.99656
380.901 -244.959 -1.99844
379.615 -247.784 -2.00288
378.309 -250.543 -2.00339
376.996 -253.368 -2.00726
375.772 -256.116 -2.01074
374.496 -258.959 -2.01372
373.202 -261.781 -2.01974
371.856 -264.61 -2.02626
370.513 -267.278 -2.0344
369.129 -269.998 -2.04357
367.638 -272.711 -2.05698
366.22 -275.356 -2.0664
364.701 -278.022 -2.07369
363.208 -280.653 -2.08254
361.719 -283.323 -2.09278
360.178 -285.965 -2.10193
358.631 -288.504 -2.1111
357.055 -291.134 -2.11752
355.529 -293.767 -2.12518
353.901 -296.274 -2.13121
352.288 -298.86 -2.13427
350.66 -301.471 -2.13751
349.018 -304.078 -2.14185
347.373 -306.643 -2.14558
345.72 -309.182 -2.14952
344.048 -311.707 -2.15234
342.408 -314.209 -2.15511
340.668 -316.719 -2.15744
339.021 -319.183 -2.15674
337.341 -321.822 -2.15042
335.642 -324.448 -2.1431
333.938 -327.075 -2.13396
332.322 -329.72 -2.12105
330.729 -332.458 -2.10614
329.163 -335.245 -2.09259
327.611 -338.055 -2.07859
326.142 -340.844 -2.06225
324.686 -343.638 -2.04497
323.232 -346.564 -2.03016
321.819 -349.558 -2.0176
320.414 -352.567 -2.00348
319.096 -355.474 -1.98991
317.807 -358.507 -1.97861
316.538 -361.448 -1.96939
315.3 -364.477 -1.9612
314.087 -367.558 -1.95814
312.842 -370.617 -1.96002
311.603 -373.724 -1.96135
310.331 -376.76 -1.96169
309.039 -379.834 -1.95929
307.804 -382.934 -1.95287
306.66 -386.045 -1.94709
305.467 -389.221 -1.94178
304.263 -392.433 -1.93571
303.089 -395.661 -1.93359
301.908 -398.943 -1.92795
300.779 -402.178 -1.92359
299.631 -405.429 -1.91954
298.522 -408.82 -1.91304
297.455 -412.038 -1.90758
296.31 -415.393 -1.90814
295.206 -418.691 -1.91087
294.105 -421.942 -1.90587
293.069 -425.157 -1.90394
292.008 -428.349 -1.8995
290.977 -431.554 -1.8977
289.821 -434.711 -1.89789
288.765 -437.957 -1.89771
287.676 -441.067 -1.89578
286.615 -444.232 -1.89392
285.583 -447.362 -1.89432
284.593 -450.523 -1.89516
283.534 -453.595 -1.89319
282.523 -456.668 -1.89371
281.516 -459.715 -1.89089
280.499 -462.899 -1.88691
279.548 -466.013 -1.88281
278.599 -469.132 -1.87855
277.604 -472.232 -1.87439
276.718 -475.399 -1.87104
275.748 -478.466 -1.86822
274.805 -481.583 -1.86706
273.884 -484.645 -1.86352
272.942 -487.71 -1.86018
272.018 -490.68 -1.85972
271.118 -493.673 -1.85701
270.212 -496.58 -1.85394
269.406 -499.477 -1.84769
268.62 -502.356 -1.84718
267.735 -505.27 -1.84617
266.922 -508.007 -1.84232
266.164 -510.728 -1.83896
265.385 -513.49 -1.83539
264.584 -516.245 -1.83213
263.931 -518.939 -1.83198
263.305 -521.611 -1.82954
262.666 -524.214 -1.82919
261.949 -526.821 -1.82953
261.29 -529.304 -1.83564
260.596 -531.877 -1.84408
259.891 -534.33 -1.84821
259.176 -536.761 -1.85568
258.512 -539.124 -1.86213
257.878 -541.42 -1.86799
257.224 -543.577 -1.87546
256.522 -545.68 -1.88624
255.912 -547.567 -1.90698
255.15 -549.442 -1.93399
254.376 -551.081 -1.97662
253.583 -552.685 -2.03059
252.739 -554.069 -2.09435
251.83 -555.3 -2.15989
250.85 -556.373 -2.22729
249.878 -557.334 -2.29743
248.935 -558.144 -2.36261
248.014 -558.851 -2.4337
247.009 -559.484 -2.50572
245.925 -560.045 -2.58314
244.888 -560.504 -2.66286
243.767 -560.89 -2.73831
242.703 -561.235 -2.80908
241.629 -561.512 -2.86459
240.499 -561.743 -2.89547
239.286 -562.032 -2.91435
238.042 -562.312 -2.92429
236.765 -562.592 -2.93301
235.4 -562.81 -2.93442
234.034 -563.095 -2.92706
232.62 -563.437 -2.92105
231.184 -563.743 -2.9175
229.643 -564.062 -2.91318
228.146 -564.396 -2.90771
226.589 -564.737 -2.9085
225.003 -565.029 -2.90974
223.408 -565.427 -2.91118
221.788 -565.758 -2.91194
220.124 -566.105 -2.91284
218.339 -566.474 -2.91278
216.585 -566.827 -2.91182
214.814 -567.209 -2.913
212.935 -567.592 -2.91085
211.065 -568.056 -2.9104
209.105 -568.43 -2.91355
207.1 -568.829 -2.91553
205.073 -569.279 -2.91775
203.087 -569.691 -2.91475
201.01 -570.22 -2.91192
198.929 -570.741 -2.91066
196.806 -571.253 -2.90753
194.674 -571.806 -2.90663
192.483 -572.366 -2.90747
190.275 -572.935 -2.90859
188.021 -573.46 -2.90849
185.738 -574.016 -2.90737
183.422 -574.592 -2.90476
181.062 -575.143 -2.90515
178.754 -575.734 -2.90578
176.406 -576.302 -2.90515
173.993 -576.928 -2.90447
171.636 -577.522 -2.9046
169.196 -578.122 -2.90237
166.744 -578.677 -2.90282
164.344 -579.299 -2.90064
161.903 -579.91 -2.90321
159.404 -580.56 -2.90307
157.024 -581.169 -2.90146
154.661 -581.711 -2.9012
152.304 -582.373 -2.89607
149.906 -583.024 -2.8964
147.578 -583.586 -2.89816
145.243 -584.161 -2.89996
142.947 -584.75 -2.89801
140.686 -585.297 -2.89817
138.446 -585.858 -2.89523
136.233 -586.423 -2.89162
134.02 -586.924 -2.89139
131.77 -587.545 -2.89123
129.623 -588.124 -2.88812
127.539 -588.706 -2.88794
125.32 -589.277 -2.88921
123.223 -589.847 -2.88741
121.113 -590.395 -2.88609
119.065 -590.937 -2.88776
117.107 -591.44 -2.88648
115.313 -591.89 -2.88507
113.444 -592.395 -2.88561
111.602 -592.875 -2.89301
109.812 -593.332 -2.90543
108.032 -593.727 -2.92558
106.292 -594.066 -2.95442
104.66 -594.318 -2.99491
103.081 -594.458 -3.04294
101.609 -594.442 -3.09762
100.182 -594.36 3.12578
98.8412 -594.23 3.06083
97.4532 -593.952 2.99484
96.164 -593.608 2.92214
94.8627 -593.117 2.84659
93.6781 -592.586 2.77116
92.519 -592.039 2.69745
91.4009 -591.381 2.62936
90.319 -590.615 2.56019
89.3587 -589.801 2.49777
88.4327 -588.955 2.43645
87.5206 -588.094 2.37437
86.7 -587.152 2.31443
85.8857 -586.139 2.25711
85.14 -585.084 2.20222
84.4216 -584.022 2.15348
83.7841 -582.837 2.11164
83.0994 -581.582 2.07217
82.3688 -580.275 2.041
81.7123 -578.963 2.00894
81.1177 -577.598 1.98154
80.5826 -576.102 1.96267
79.9917 -574.532 1.94397
79.3805 -572.988 1.92707
78.8424 -571.377 1.91287
78.2742 -569.709 1.90055
77.7291 -568.068 1.88788
77.1544 -566.323 1.88131
76.6154 -564.563 1.88211
76.0879 -562.735 1.8832
75.4262 -560.966 1.87914
74.6948 -559.323 1.86365
74.1006 -557.296 1.8665
73.5226 -555.294 1.86746
72.8016 -553.243 1.86889
72.1859 -551.326 1.86182
71.6204 -549.241 1.85823
70.9348 -547.05 1.85367
70.3213 -545.066 1.85191
69.6729 -542.907 1.84835
69.0669 -540.704 1.84726
68.46 -538.464 1.84793
67.7997 -536.216 1.84753
67.1832 -533.96 1.84996
66.491 -531.642 1.85425
65.8248 -529.343 1.85979
65.1385 -526.953 1.86321
64.4271 -524.618 1.86544
63.7145 -522.316 1.86827
62.9492 -519.968 1.87087
62.1952 -517.635 1.87336
61.4361 -515.315 1.87462
60.6747 -513.113 1.87526
60.0018 -510.853 1.87586
59.3139 -508.649 1.8741
58.6828 -506.462 1.87168
57.9828 -504.271 1.8693
57.3734 -502.157 1.86303
56.8013 -500.115 1.85874
56.1753 -498.018 1.85476
55.5987 -495.905 1.84918
55.0315 -493.834 1.8464
54.4679 -491.742 1.84194
53.9242 -489.687 1.84506
53.3154 -487.648 1.8501
52.7656 -485.683 1.85613
52.1522 -483.632 1.86213
51.4822 -481.627 1.86974
50.8506 -479.56 1.87505
50.1469 -477.523 1.87904
49.4584 -475.381 1.88245
48.7146 -473.269 1.88599
47.9234 -471.111 1.88721
47.1693 -469.018 1.88701
46.4035 -466.858 1.88652
45.673 -464.67 1.88932
44.931 -462.517 1.89048
44.2211 -460.323 1.89157
43.4657 -458.153 1.89257
42.6381 -455.901 1.89187
41.9134 -453.689 1.89039
41.1546 -451.452 1.8855
40.4739 -449.203 1.88127
39.7554 -446.966 1.87506
39.0394 -444.707 1.87204
38.309 -442.414 1.8674
37.5675 -440.055 1.86826
36.8645 -437.749 1.87012
36.0866 -435.353 1.8707
35.3417 -433.013 1.87171
34.6932 -430.578 1.87287
34.0004 -428.238 1.876
33.2606 -425.845 1.87758
32.5232 -423.458 1.88261
31.7785 -421.113 1.88678
31.0028 -418.702 1.89018
30.2448 -416.282 1.89322
29.4431 -413.875 1.893
28.6343 -411.435 1.89352
27.8625 -408.989 1.89305
27.0238 -406.546 1.89157
26.2339 -404.056 1.89263
25.3866 -401.527 1.89381
24.5536 -399.019 1.89602
23.6994 -396.492 1.89789
22.8664 -393.896 1.89977
21.9968 -391.331 1.90004
21.1245 -388.741 1.89702
20.2697 -386.036 1.89733
19.4191 -383.387 1.89833
18.4836 -380.749 1.89878
17.6101 -378.092 1.89827
16.6323 -375.406 1.89658
15.7712 -372.715 1.89609
14.8912 -369.993 1.89863
13.9565 -367.299 1.89942
13.0138 -364.582 1.89958
12.0808 -361.843 1.90186
11.1867 -359.147 1.90441
10.2447 -356.501 1.90574
9.32229 -353.79 1.90782
8.39477 -351.119 1.91055
7.42809 -348.508 1.91177
6.49525 -345.824 1.91467
5.56151 -343.15 1.91384
4.56885 -340.448 1.91398
3.63567 -337.776 1.91366
2.68716 -335.081 1.91339
1.71006 -332.376 1.91108
0.765637 -329.673 1.91124
-0.190105 -326.896 1.91522
-1.15217 -324.141 1.91925
-2.14571 -321.38 1.92123
-3.20062 -318.628 1.92326
-4.19854 -315.86 1.92146
-5.24781 -313.109 1.91746
-6.22256 -310.266 1.91637
-7.20995 -307.457 1.9169
-8.21234 -304.701 1.91925
-9.24893 -301.973 1.92028
-10.1801 -299.27 1.91947
-11.1918 -296.612 1.92067
-12.2047 -293.961 1.9215
-13.1566 -291.192 1.92172
-14.211 -288.453 1.92259
-15.1894 -285.745 1.92309
-16.2139 -283.11 1.92277
-17.2142 -280.444 1.92211
-18.2262 -277.736 1.92405
-19.2769 -275.002 1.92661
-20.3047 -272.238 1.92707
-21.3301 -269.476 1.92727
-22.374 -266.705 1.92806
-23.3995 -263.95 1.93031
-24.4458 -261.188 1.93165
-25.5668 -258.394 1.93551
-26.5841 -255.642 1.94106
-27.6909 -252.816 1.94318
-28.8658 -249.985 1.94503
-30.0606 -246.986 1.94965
-31.1709 -244.193 1.95203
-32.3184 -241.4 1.95386
-33.44 -238.539 1.9534
-34.5762 -235.692 1.95593
-35.7562 -232.889 1.9569
-36.9275 -230.077 1.95751
-38.0632 -227.302 1.95883
-39.2137 -224.427 1.96096
-40.4428 -221.585 1.96101
-41.6257 -218.809 1.95979
-42.8326 -216.015 1.96228
-44.021 -213.165 1.96341
-45.2404 -210.35 1.96358
-46.4211 -207.605 1.96365
-47.6025 -204.772 1.96246
-48.7235 -202.03 1.96042
-49.8373 -199.247 1.95754
-50.9954 -196.459 1.9566
-52.1264 -193.655 1.95578
-53.2854 -190.894 1.95693
-54.3818 -188.121 1.95697
-55.5178 -185.44 1.95861
-56.6732 -182.69 1.9609
-57.769 -179.952 1.96233
-58.8898 -177.177 1.96555
-60.0027 -174.418 1.96723
-61.1111 -171.629 1.96972
-62.2412 -168.882 1.97159
-63.3452 -166.178 1.97258
-64.434 -163.508 1.97724
-65.5556 -160.885 1.98147
-66.6699 -158.245 1.98202
-67.7903 -155.635 1.98129
-68.9226 -152.963 1.98268
-69.992 -150.433 1.9862
-71.1155 -147.826 1.98585
-72.2512 -145.198 1.98662
-73.3171 -142.695 1.98632
-74.3346 -140.211 1.98281
-75.4483 -137.66 1.98225
-76.5298 -135.141 1.97965
-77.6162 -132.616 1.9768
-78.6843 -130.156 1.97345
-79.6749 -127.792 1.96996
-80.7263 -125.422 1.96184
-81.6668 -123.041 1.95364
-82.6051 -120.656 1.94446
-83.4964 -118.292 1.93554
-84.3599 -115.982 1.9219
-85.165 -113.649 1.907
-85.9576 -111.348 1.88985
-86.6937 -109.029 1.86904
-87.3383 -106.713 1.84679
-87.9558 -104.38 1.82182
-88.4877 -102.068 1.79653
-88.9262 -99.7768 1.76922
-89.267 -97.4856 1.74206
-89.592 -95.1752 1.71443
-89.8762 -92.8775 1.68478
-90.0831 -90.6017 1.65672
-90.2413 -88.3034 1.6325
-90.3304 -86.0107 1.61114
-90.3611 -83.7118 1.59047
-90.3483 -81.4243 1.5696
-90.2646 -79.1252 1.54641
-90.1338 -76.8027 1.51993
-89.9408 -74.4541 1.49502
-89.673 -72.1563 1.46935
-89.3827 -69.8636 1.44256
-88.9897 -67.6099 1.41562
-88.5729 -65.3883 1.38801
-88.0952 -63.1694 1.35979
-87.5127 -60.8682 1.33022
-86.8924 -58.6978 1.30111
-86.2174 -56.5264 1.27067
-85.4829 -54.4387 1.24138
-84.6398 -52.2482 1.21148
-83.7865 -50.1511 1.18268
-82.787 -48.0209 1.15419
-81.7509 -45.8733 1.12067
-80.651 -43.8159 1.08658
-79.4472 -41.7625 1.0532
-78.2675 -39.7369 1.02145
-77.0244 -37.7984 0.995545
-75.7383 -35.8792 0.971577
-74.3681 -33.9858 0.945324
-72.9224 -32.1343 0.918573
-71.4403 -30.292 0.890374
-69.8667 -28.4612 0.861085
-68.3046 -26.7073 0.831732
-66.6587 -24.9958 0.801583
-64.988 -23.3445 0.772983
-63.248 -21.6625 0.748644
-61.5229 -20.0736 0.729487
-59.6684 -18.4646 0.712486
-57.817 -16.9079 0.696222
-55.9439 -15.4081 0.680477
-54.0396 -13.893 0.664913
-52.0898 -12.4132 0.650431
-50.1238 -10.9508 0.634369
-48.123 -9.52377 0.618214
-46.102 -8.12713 0.602465
-44.0204 -6.75289 0.587002
-41.9303 -5.40179 0.569935
-39.8178 -4.10257 0.553475
-37.6834 -2.81077 0.535191
-35.4471 -1.49441 0.515595
-33.1782 -0.236412 0.494104
-30.9074 0.94784 0.472095
-28.6003 2.09851 0.449608
-26.2838 3.16136 0.428008
-23.857 4.2445 0.403174
-21.392 5.23917 0.383382
-18.9074 6.24616 0.365656
-16.359 7.22598 0.347876
-13.773 8.11839 0.329951
-11.1565 8.98423 0.31017
-8.44815 9.81764 0.290896
-5.69933 10.6136 0.268533
-3.00833 11.2614 0.249151
-0.255608 11.9027 0.229905
2.48171 12.4845 0.208749
5.23082 12.998 0.186645
7.98678 13.4541 0.164278
10.7109 13.8524 0.139822
13.4543 14.1918 0.110772
16.2634 14.4575 0.0820378
19.0598 14.6314 0.0531557
21.8347 14.6544 0.0212906
24.5815 14.5933 -0.0111517
27.3674 14.4944 -0.0434069
30.0828 14.2928 -0.0755884
32.8227 13.9926 -0.105542
35.5522 13.5746 -0.134619
38.2806 13.0724 -0.161689
40.9962 12.5298 -0.187491
43.6884 11.9699 -0.214928
46.3458 11.2828 -0.237492
48.9604 10.621 -0.262519
51.4985 9.82306 -0.284224
54.0656 8.98853 -0.303404
56.5844 8.11874 -0.318976
59.1337 7.25118 -0.334223
61.6028 6.34607 -0.346041
64.0495 5.43592 -0.349572
66.3953 4.64455 -0.344453
68.8649 3.84613 -0.335848
71.2976 3.08104 -0.321561
73.7352 2.30051 -0.302741
76.1508 1.61481 -0.280321
78.5515 1.02002 -0.256634
80.96 0.459777 -0.228357
83.39 -0.0404667 -0.192277
85.8604 -0.405851 -0.156027
88.3815 -0.654962 -0.120436
90.9289 -0.831258 -0.0849043
93.4031 -0.929972 -0.048798
95.9012 -0.944849 -0.00925818
98.4136 -0.890318 0.0354367
100.947 -0.612789 0.0793761
103.524 -0.223487 0.126249
106.022 0.19907 0.172594
108.617 0.768191 0.215026
111.235 1.44194 0.246668
113.763 2.18884 0.271166
116.327 2.97534 0.291139
118.869 3.80977 0.30894
121.387 4.67991 0.323405
123.945 5.5799 0.341128
126.541 6.57072 0.355333
129.095 7.56724 0.368656
131.652 8.56194 0.378134
134.244 9.63609 0.390125
136.829 10.7001 0.399468
139.481 11.8661 0.409182
142.063 13.0203 0.41823
144.612 14.1535 0.424676
147.23 15.4069 0.427206
149.891 16.6815 0.430076
152.485 17.9116 0.433743
155.102 19.1529 0.437782
157.738 20.3987 0.441426
160.344 21.6632 0.444159
163.023 22.9468 0.446847
165.623 24.2023 0.448689
168.242 25.5116 0.451475
170.952 26.8372 0.457699
173.627 28.1254 0.463535
176.297 29.4934 0.467907
178.951 30.7976 0.471925
181.542 32.1025 0.475497
184.194 33.4417 0.47939
186.766 34.8057 0.480844
189.384 36.1971 0.484008
191.907 37.5397 0.482038
194.495 38.8819 0.477712
197.042 40.2117 0.474422
199.605 41.5297 0.473792
202.138 42.8503 0.477215
204.655 44.1616 0.479287
207.176 45.4866 0.480977
209.671 46.8063 0.482862
212.166 48.1167 0.484959
214.666 49.3877 0.486945
217.09 50.6693 0.489456
219.444 51.9353 0.488394
221.83 53.1877 0.488257
224.028 54.4095 0.491739
226.219 55.5136 0.490722
228.316 56.6006 0.489793
230.362 57.6823 0.489636
232.387 58.7312 0.489537
234.262 59.7084 0.489843
236.07 60.7013 0.490358
237.832 61.7019 0.489798
239.473 62.5458 0.479905
241.13 63.3164 0.456911
242.699 63.9942 0.421126
244.394 64.6536 0.375814
245.958 65.1664 0.327509
247.463 65.5682 0.273647
248.909 65.8437 0.215534
250.348 66.0154 0.148873
251.727 66.0955 0.0729817
253.094 65.9911 -0.0147068
254.376 65.7453 -0.103361
255.649 65.4103 -0.191511
256.903 64.927 -0.27814
258.142 64.3929 -0.363466
259.336 63.7549 -0.446675
260.492 63.0305 -0.525492
261.64 62.1684 -0.607692
262.655 61.2055 -0.684658
263.646 60.1393 -0.756547
264.577 58.9995 -0.818811
265.547 57.7532 -0.863756
266.535 56.4713 -0.901369
267.455 55.1422 -0.940013
268.383 53.6888 -0.97869
269.333 52.226 -1.01601
270.221 50.6329 -1.05296
271.081 49.0326 -1.08329
271.94 47.2807 -1.10612
272.808 45.4628 -1.12147
273.633 43.6198 -1.1329
274.492 41.743 -1.13038
275.439 39.8143 -1.12916
276.407 37.8445 -1.12806
277.407 35.7924 -1.1252
278.402 33.69 -1.12423
279.43 31.5759 -1.12227
280.454 29.4113 -1.12095
281.524 27.2328 -1.12022
282.629 24.903 -1.12075
283.748 22.5412 -1.125
284.887 20.1454 -1.12604
286.044 17.721 -1.12335
287.268 15.2458 -1.12277
288.473 12.6493 -1.1211
289.715 10.1084 -1.1199
290.916 7.60469 -1.11883
292.275 4.94245 -1.1197
293.582 2.357 -1.11827
294.916 -0.291224 -1.11858
296.265 -3.02599 -1.12203
297.568 -5.78962 -1.12672
298.877 -8.59928 -1.12567
300.153 -11.4644 -1.13012
301.491 -14.258 -1.13232
302.76 -17.0219 -1.13423
304.101 -19.838 -1.14435
305.336 -22.6777 -1.15765
306.606 -25.5283 -1.16955
307.791 -28.439 -1.18426
308.947 -31.3178 -1.20038
310.077 -34.3433 -1.21256
311.115 -37.3459 -1.22127
312.087 -40.3304 -1.22921
313.145 -43.3748 -1.23949
314.2 -46.4925 -1.25186
315.184 -49.5878 -1.26863
316.128 -52.7627 -1.28521
317.014 -55.9577 -1.30305
317.921 -59.1999 -1.32119
318.793 -62.4108 -1.33818
319.538 -65.6615 -1.35366
320.27 -69.0157 -1.36751
320.954 -72.4052 -1.37851
321.589 -75.838 -1.39463
322.218 -79.3137 -1.40998
322.793 -82.7999 -1.42633
323.237 -86.312 -1.44624
323.571 -89.7581 -1.46277
323.948 -93.2977 -1.47686
324.269 -96.8348 -1.49171
324.531 -100.331 -1.49993
324.697 -103.944 -1.50327
324.909 -107.563 -1.50605
325.219 -111.189 -1.503
325.443 -114.835 -1.50169
325.729 -118.382 -1.49775
326.003 -121.925 -1.49446
326.254 -125.413 -1.49282
326.588 -128.89 -1.49246
326.795 -132.316 -1.49625
327.024 -135.808 -1.49854
327.19 -139.319 -1.49857
327.371 -142.792 -1.49669
327.603 -146.261 -1.49653
327.852 -149.712 -1.49951
328.058 -153.18 -1.50373
328.258 -156.509 -1.50703
328.435 -159.828 -1.51262
328.559 -162.993 -1.51887
328.708 -166.182 -1.5267
328.829 -169.143 -1.53657
328.951 -172.361 -1.54735
329.044 -175.195 -1.55821
329.049 -177.902 -1.57387
329.019 -180.466 -1.59058
328.986 -182.798 -1.59909
328.917 -185.029 -1.60239
328.844 -187.29 -1.60488
328.762 -189.562 -1.60556
328.659 -191.798 -1.6017
328.663 -194.125 -1.5996
328.6 -196.463 -1.59924
328.536 -198.774 -1.59748
328.429 -201.168 -1.59851
328.321 -203.511 -1.60036
328.318 -205.885 -1.59939
328.251 -208.219 -1.6003
328.104 -210.586 -1.59986
328.066 -213.063 -1.60263
327.912 -215.495 -1.60538
327.856 -217.942 -1.60757
327.749 -220.355 -1.60436
327.645 -222.78 -1.60282
327.567 -225.198 -1.60086
327.523 -227.704 -1.59937
327.521 -230.268 -1.59819
327.465 -232.874 -1.59897
327.38 -235.475 -1.60376
327.275 -238.008 -1.60841
327.203 -240.572 -1.61228
327.05 -243.166 -1.61613
326.933 -245.832 -1.62035
326.775 -248.483 -1.62393
326.667 -251.195 -1.62256
326.568 -253.988 -1.62341
326.475 -256.724 -1.62261
326.382 -259.502 -1.61688
326.351 -262.302 -1.60966
326.355 -265.113 -1.60167
326.309 -267.982 -1.59143
326.312 -270.869 -1.58202
326.313 -273.825 -1.5686
326.389 -276.779 -1.55763
326.47 -279.742 -1.54434
326.578 -282.691 -1.53213
326.669 -285.784 -1.52026
326.867 -288.733 -1.51009
327.177 -291.843 -1.49788
327.41 -294.827 -1.48851
327.706 -297.844 -1.47724
328.059 -300.873 -1.46897
328.405 -303.958 -1.46457
328.782 -307.003 -1.46275
329.106 -310.096 -1.46259
329.406 -313.274 -1.45873
329.791 -316.405 -1.45204
330.2 -319.615 -1.44967
330.615 -322.86 -1.44788
331.117 -326.083 -1.4446
331.57 -329.318 -1.44105
331.99 -332.563 -1.43589
332.49 -335.793 -1.43263
333.037 -339.036 -1.43004
333.491 -342.38 -1.43204
334.039 -345.703 -1.42928
334.569 -349.054 -1.42843
335.068 -352.427 -1.42588
335.626 -355.81 -1.42769
336.162 -359.206 -1.42516
336.736 -362.631 -1.42204
337.294 -366.01 -1.41819
337.864 -369.413 -1.41798
338.436 -372.722 -1.41566
338.99 -376.166 -1.41431
339.474 -379.597 -1.41244
340.043 -382.983 -1.41301
340.62 -386.304 -1.41417
341.17 -389.572 -1.41146
341.728 -392.885 -1.40817
342.316 -396.05 -1.40828
342.901 -399.331 -1.40574
343.475 -402.615 -1.40261
344.024 -405.788 -1.40026
344.598 -408.954 -1.39516
345.214 -412.1 -1.39226
345.833 -415.311 -1.38735
346.455 -418.524 -1.38253
347.115 -421.694 -1.3773
347.763 -424.902 -1.3696
348.42 -428.032 -1.36139
349.031 -431.166 -1.3581
349.673 -434.24 -1.3524
350.307 -437.324 -1.34756
351.072 -440.308 -1.34256
351.748 -443.308 -1.34247
352.42 -446.267 -1.33995
353.107 -449.327 -1.33636
353.795 -452.248 -1.33166
354.502 -455.195 -1.32806
355.176 -458.163 -1.32884
355.956 -461.032 -1.32953
356.688 -463.903 -1.33345
357.332 -466.763 -1.34067
357.944 -469.567 -1.34776
358.554 -472.257 -1.35487
359.129 -474.976 -1.36056
359.654 -477.537 -1.36941
360.142 -480.119 -1.3741
360.659 -482.661 -1.3809
361.155 -485.029 -1.38791
361.595 -487.374 -1.39603
361.987 -489.598 -1.40967
362.304 -491.802 -1.4336
362.5 -493.846 -1.47611
362.61 -495.805 -1.53398
362.463 -497.617 -1.59911
362.234 -499.413 -1.67773
361.863 -501.144 -1.76774
361.319 -502.71 -1.86046
360.627 -504.241 -1.95545
359.788 -505.796 -2.04896
358.838 -507.196 -2.14032
357.717 -508.591 -2.22598
356.511 -509.842 -2.30198
355.269 -511.056 -2.36456
353.952 -512.233 -2.40652
352.482 -513.428 -2.41894
351.058 -514.667 -2.42128
349.569 -515.933 -2.4237
348.044 -517.223 -2.42779
346.545 -518.501 -2.42856
344.967 -519.836 -2.43122
343.415 -521.13 -2.43086
341.815 -522.479 -2.42192
340.224 -523.883 -2.42418
338.513 -525.357 -2.42007
336.879 -526.829 -2.41913
335.221 -528.271 -2.41713
333.481 -529.686 -2.41598
331.698 -531.212 -2.41562
329.967 -532.72 -2.41316
328.22 -534.244 -2.4088
326.427 -535.866 -2.40559
324.651 -537.439 -2.40362
322.845 -539.065 -2.40181
321.026 -540.72 -2.39946
319.23 -542.338 -2.40007
317.466 -544.002 -2.40174
315.671 -545.635 -2.39918
313.953 -547.259 -2.39555
312.214 -548.882 -2.39176
310.506 -550.512 -2.38938
308.836 -552.119 -2.38681
307.143 -553.73 -2.38306
305.411 -555.368 -2.38036
303.769 -557.051 -2.38011
302.084 -558.714 -2.3806
300.343 -560.302 -2.38502
298.62 -561.97 -2.38802
296.853 -563.624 -2.39089
295.076 -565.241 -2.39196
293.295 -566.877 -2.39541
291.359 -568.514 -2.39267
289.573 -570.164 -2.38898
287.83 -571.879 -2.3897
286.01 -573.604 -2.39216
284.171 -575.324 -2.39451
282.409 -576.962 -2.39318
280.652 -578.624 -2.3899
278.839 -580.343 -2.38247
277.086 -582.06 -2.3745
275.264 -583.735 -2.37162
273.538 -585.401 -2.36649
271.86 -587.085 -2.36268
270.219 -588.707 -2.35831
268.528 -590.425 -2.35616
266.927 -592.06 -2.35092
265.32 -593.701 -2.34869
263.805 -595.302 -2.34708
262.283 -596.798 -2.34658
260.818 -598.234 -2.34177
259.444 -599.65 -2.33752
258.117 -601.036 -2.34013
256.892 -602.318 -2.34491
255.637 -603.532 -2.35444
254.424 -604.678 -2.37837
253.263 -605.737 -2.41388
252.083 -606.668 -2.46263
250.882 -607.479 -2.52772
249.636 -608.173 -2.59689
248.364 -608.752 -2.66929
247.037 -609.254 -2.74209
245.675 -609.697 -2.81354
244.309 -610.001 -2.88217
242.939 -610.202 -2.9503
241.59 -610.292 -3.01749
240.245 -610.35 -3.08428
238.9 -610.329 3.13268
237.562 -610.191 3.06407
236.218 -609.934 2.99762
234.919 -609.564 2.93169
233.67 -609.149 2.86758
232.385 -608.652 2.80291
231.123 -608.038 2.73907
229.839 -607.385 2.67774
228.637 -606.61 2.61728
227.487 -605.79 2.56388
226.239 -604.92 2.51738
224.975 -603.99 2.47741
223.857 -602.963 2.45298
222.534 -601.931 2.43993
221.377 -600.897 2.42832
220.18 -599.854 2.42384
218.87 -598.722 2.42136
217.549 -597.59 2.41948
216.233 -596.477 2.41488
214.883 -595.318 2.41253
213.562 -594.095 2.40839
212.185 -592.867 2.40668
210.827 -591.603 2.40079
209.379 -590.33 2.39308
207.898 -589.121 2.38234
206.504 -587.741 2.37544
205.172 -586.307 2.36455
203.77 -584.834 2.35617
202.36 -583.473 2.34102
200.854 -581.941 2.33333
199.385 -580.412 2.33515
197.922 -578.903 2.34219
196.386 -577.365 2.35805
194.818 -575.825 2.3781
193.142 -574.328 2.3966
191.463 -572.835 2.41414
189.672 -571.243 2.42625
187.894 -569.773 2.42866
186.103 -568.23 2.43038
184.308 -566.632 2.42956
182.481 -564.998 2.42945
180.627 -563.437 2.43071
178.76 -561.844 2.4308
176.801 -560.184 2.42798
174.904 -558.543 2.42534
172.994 -556.908 2.42202
171.134 -555.262 2.41727
169.234 -553.537 2.41302
167.377 -551.805 2.40935
165.479 -550.051 2.40505
163.557 -548.142 2.40209
161.676 -546.37 2.39917
159.732 -544.631 2.39744
157.881 -542.857 2.39565
155.912 -541.065 2.39238
154.08 -539.297 2.39216
152.116 -537.513 2.39566
150.183 -535.816 2.40429
148.271 -534.145 2.4125
146.331 -532.442 2.41834
144.376 -530.768 2.42383
142.425 -529.11 2.42941
140.456 -527.443 2.43123
138.458 -525.773 2.43362
136.463 -524.046 2.43149
134.446 -522.374 2.43204
132.439 -520.738 2.43228
130.495 -519.066 2.43411
128.51 -517.404 2.43561
126.45 -515.714 2.43338
124.496 -513.956 2.42946
122.603 -512.269 2.4256
120.682 -510.504 2.42078
118.681 -508.788 2.41343
116.695 -506.949 2.40937
114.727 -505.166 2.40722
112.746 -503.396 2.40484
110.761 -501.587 2.40344
108.802 -499.754 2.40503
106.867 -497.947 2.4032
104.942 -496.155 2.40598
103.004 -494.386 2.40857
100.976 -492.586 2.40843
99.0673 -490.811 2.40859
97.1844 -489.086 2.4122
95.2437 -487.349 2.4161
93.3301 -485.658 2.41784
91.4726 -483.991 2.41475
89.6513 -482.318 2.40833
87.8828 -480.646 2.40285
86.1756 -479.031 2.39606
84.5564 -477.446 2.38634
82.9939 -475.942 2.37585
81.4613 -474.429 2.36705
80.0351 -472.971 2.35867
78.6348 -471.472 2.34788
77.3068 -470.067 2.34159
75.9199 -468.638 2.33664
74.6627 -467.345 2.33518
73.4892 -466.081 2.34099
72.3259 -464.861 2.34914
71.242 -463.746 2.35758
70.2391 -462.693 2.36539
69.2379 -461.748 2.3786
68.3076 -460.849 2.38599
67.4421 -460.033 2.39615
66.6463 -459.302 2.40417
65.883 -458.637 2.41534
65.1517 -458.023 2.42456
64.5269 -457.462 2.43351
63.8961 -456.955 2.43755
63.2397 -456.411 2.43897
62.6148 -455.894 2.43936
61.999 -455.354 2.43545
61.4066 -454.796 2.4261
60.8186 -454.233 2.41
60.2206 -453.621 2.38956
59.5918 -453.014 2.36412
58.9745 -452.386 2.33539
58.4192 -451.721 2.30297
57.8882 -451.003 2.26584
57.3596 -450.216 2.21405
56.8785 -449.41 2.15705
56.4412 -448.552 2.09728
56.0739 -447.652 2.02778
55.7817 -446.698 1.95548
55.5885 -445.693 1.87958
55.4627 -444.621 1.7976
55.3472 -443.533 1.71467
55.3879 -442.367 1.62814
55.4921 -441.215 1.54161
55.7013 -440.034 1.45161
56.057 -438.851 1.36532
56.5011 -437.614 1.28434
57.0279 -436.367 1.21187
57.6925 -435.08 1.14947
58.4034 -433.756 1.09416
59.1996 -432.401 1.05516
60.0438 -430.997 1.03217
60.982 -429.509 1.01287
61.9494 -428.012 0.994928
62.9961 -426.481 0.982125
64.0893 -424.935 0.971002
65.2343 -423.329 0.963173
66.4297 -421.701 0.954865
67.6715 -419.978 0.946935
68.9843 -418.245 0.939345
70.2903 -416.467 0.935513
71.6906 -414.628 0.932213
73.1327 -412.681 0.928262
74.6095 -410.768 0.92789
76.1476 -408.733 0.93246
77.6768 -406.6 0.931978
79.2526 -404.537 0.932038
80.8128 -402.399 0.930809
82.4441 -400.216 0.930292
84.0547 -398.045 0.929686
85.6747 -395.824 0.929015
87.3136 -393.62 0.928063
89.0568 -391.35 0.929007
90.6694 -389.172 0.925025
92.3875 -386.875 0.924706
94.1857 -384.576 0.92401
96.0552 -382.256 0.926124
97.9038 -379.901 0.926439
99.7199 -377.499 0.929666
101.591 -375.123 0.929894
103.382 -372.651 0.931508
105.229 -370.155 0.934141
107.109 -367.599 0.935132
109.004 -365.056 0.937145
110.825 -362.493 0.93897
112.744 -359.847 0.941032
114.704 -357.198 0.943456
116.638 -354.474 0.943077
118.663 -351.754 0.942935
120.662 -349.045 0.941846
122.635 -346.36 0.940357
124.729 -343.664 0.941784
126.7 -340.915 0.942962
128.693 -338.204 0.946547
130.641 -335.528 0.948353
132.62 -332.764 0.947711
134.545 -330.1 0.949306
136.493 -327.414 0.951203
138.367 -324.769 0.95034
140.281 -322.134 0.949959
142.134 -319.521 0.951688
143.993 -316.942 0.952803
145.775 -314.344 0.953217
147.63 -311.796 0.953664
149.423 -309.243 0.954593
151.24 -306.614 0.956587
153.036 -304.047 0.962755
154.764 -301.51 0.968525
156.505 -298.896 0.974775
158.229 -296.362 0.978034
159.969 -293.796 0.979722
161.725 -291.204 0.981674
163.425 -288.672 0.979122
165.146 -286.112 0.97669
166.865 -283.632 0.978965
168.557 -281.209 0.978596
170.295 -278.674 0.975618
171.994 -276.223 0.971989
173.647 -273.757 0.972129
175.317 -271.266 0.973653
177.003 -268.87 0.976827
178.718 -266.365 0.978537
180.383 -263.954 0.979849
182 -261.578 0.98187
183.484 -259.287 0.985032
185.043 -257.032 0.98856
186.425 -254.936 0.989821
187.734 -252.899 0.990581
188.94 -250.987 0.991052
190.118 -249.124 0.989629
191.239 -247.353 0.989508
192.467 -245.547 0.988562
193.635 -243.713 0.989531
194.644 -242.142 0.993595
195.834 -240.205 0.996986
197.063 -238.351 0.995589
198.282 -236.507 0.997112
199.433 -234.622 0.998078
200.655 -232.735 0.999185
201.805 -230.81 1.00025
203.068 -228.912 1.00197
204.334 -226.944 0.998711
205.624 -224.881 1.00125
206.907 -222.922 1.00053
208.275 -220.953 0.998723
209.571 -218.891 0.994781
210.932 -216.885 0.992801
212.272 -214.952 0.98874
213.548 -212.928 0.988303
214.794 -211.046 0.987168
216.04 -209.018 0.990213
217.305 -207.112 0.996945
218.507 -205.154 1.00358
219.675 -203.19 1.0144
220.74 -201.272 1.02924
221.843 -199.342 1.04591
222.849 -197.425 1.07089
223.783 -195.445 1.1018
224.74 -193.431 1.13486
225.468 -191.469 1.17427
226.204 -189.402 1.22383
226.809 -187.346 1.27391
227.284 -185.244 1.32971
227.666 -183.034 1.3878
227.956 -180.921 1.44475
228.058 -178.725 1.51373
227.986 -176.537 1.58703
227.8 -174.353 1.66256
227.455 -172.129 1.73261
226.961 -169.847 1.79888
226.32 -167.604 1.86517
225.466 -165.372 1.92664
224.666 -163.17 1.96791
223.609 -160.944 2.00501
222.552 -158.628 2.035
221.319 -156.393 2.05374
220.104 -154.123 2.07037
218.864 -151.792 2.08356
217.588 -149.488 2.09658
216.184 -147.139 2.10682
214.717 -144.916 2.11788
213.373 -142.672 2.12507
211.856 -140.325 2.13717
210.295 -138.061 2.14662
208.639 -135.73 2.15686
207.053 -133.398 2.16644
205.469 -131.019 2.16716
203.793 -128.585 2.16828
202.243 -126.139 2.16671
200.627 -123.668 2.16413
199.018 -121.17 2.16102
197.372 -118.633 2.15699
195.782 -116.127 2.15226
194.197 -113.579 2.14555
192.546 -110.981 2.13887
190.95 -108.383 2.12998
189.323 -105.704 2.121
187.741 -103.022 2.11296
186.196 -100.391 2.10795
184.699 -97.7436 2.10418
183.164 -95.1027 2.10693
181.607 -92.5116 2.11067
180.072 -89.8408 2.11772
178.551 -87.2431 2.1248
177.048 -84.6871 2.13105
175.484 -82.1212 2.13588
173.815 -79.5113 2.13733
172.253 -77.0068 2.14207
170.644 -74.4133 2.15571
168.987 -71.951 2.17518
167.242 -69.4614 2.19813
165.355 -67.0038 2.21999
163.39 -64.5091 2.24007
161.426 -62.0993 2.25607
159.426 -59.7443 2.26891
157.457 -57.3492 2.27898
155.402 -54.9783 2.28802
153.33 -52.6138 2.29783
151.21 -50.3148 2.30822
149.032 -47.9803 2.32607
146.826 -45.6647 2.34398
144.496 -43.3765 2.36482
142.133 -41.134 2.38692
139.751 -38.9654 2.40641
137.354 -36.821 2.42675
134.828 -34.6991 2.44599
132.357 -32.6458 2.45867
129.819 -30.5639 2.47128
127.289 -28.5416 2.48033
124.716 -26.5879 2.48876
122.217 -24.6799 2.49819
119.741 -22.833 2.51037
117.188 -20.955 2.52199
114.589 -19.1922 2.52896
112.095 -17.3957 2.53402
109.524 -15.4973 2.53947
106.938 -13.6371 2.53953
104.4 -11.8288 2.53731
101.911 -10.0812 2.53271
99.5148 -8.33618 2.53245
97.0324 -6.61 2.53219
94.5949 -4.90603 2.53194
92.1624 -3.19805 2.53226
89.7495 -1.48668 2.53251
87.3307 0.203702 2.53501
84.9244 1.93336 2.54083
82.588 3.5778 2.5447
80.1796 5.21016 2.54956
77.8831 6.77089 2.55219
75.596 8.2955 2.55445
73.3897 9.8131 2.55626
71.2096 11.3004 2.55833
69.1199 12.6938 2.56058
67.2025 13.9838 2.56313
65.3563 15.2098 2.55977
63.5584 16.3974 2.55767
61.7977 17.6504 2.55586
60.1569 18.8186 2.55579
58.5494 19.9234 2.55637
57.1108 20.9311 2.55603
55.5739 21.9262 2.55871
54.1304 22.874 2.56728
52.7406 23.7348 2.58443
51.4041 24.5215 2.61441
50.0242 25.2059 2.65548
48.545 25.8202 2.70168
47.0844 26.3523 2.75004
45.644 26.8239 2.80379
44.1286 27.1882 2.86075
42.6474 27.4765 2.91883
41.1013 27.6851 2.98026
39.5448 27.7887 3.04277
37.9868 27.7885 3.11024
36.4671 27.667 -3.09464
34.9139 27.4197 -3.00564
33.4229 26.9878 -2.91195
31.9492 26.3619 -2.80679
30.498 25.6204 -2.69819
29.156 24.735 -2.58854
27.764 23.6755 -2.4846
26.449 22.3981 -2.39829
25.2489 21.0934 -2.32436
24.0974 19.7381 -2.25877
23.0123 18.2574 -2.20377
21.8942 16.7015 -2.16507
20.8535 15.0715 -2.14115
19.8548 13.3884 -2.12714
18.8027 11.7025 -2.11474
17.7453 9.94808 -2.10892
16.6238 8.15599 -2.10308
15.5652 6.28063 -2.09881
14.4485 4.37176 -2.09405
13.3428 2.42891 -2.09164
12.171 0.38767 -2.09026
10.9936 -1.64352 -2.08947
9.80704 -3.72522 -2.08916
8.65548 -5.76909 -2.08901
7.48542 -7.83633 -2.09015
6.22778 -10.0293 -2.08906
4.95756 -12.3131 -2.08919
3.63857 -14.5813 -2.08877
2.33725 -16.87 -2.08819
0.962107 -19.2748 -2.08925
-0.406393 -21.6404 -2.08943
-1.76675 -24.0387 -2.09042
-3.11857 -26.3766 -2.09211
-4.43471 -28.5987 -2.09272
-5.77549 -30.8203 -2.09287
-7.12053 -33.0604 -2.094
-8.43793 -35.2891 -2.09643
-9.8041 -37.4941 -2.0988
-11.1629 -39.7241 -2.1016
-12.5199 -41.9415 -2.10225
-13.8616 -44.1731 -2.10087
-15.1909 -46.4258 -2.10013
-16.4575 -48.6064 -2.09895
-17.7406 -50.7965 -2.10065
-19.08 -53.0251 -2.10104
-20.4201 -55.2804 -2.10265
-21.7225 -57.5287 -2.10297
-23.0896 -59.7907 -2.10308
-24.4343 -62.0621 -2.10316
-25.8411 -64.3407 -2.10338
-27.1827 -66.6509 -2.10406
-28.5911 -68.923 -2.10442
-29.9949 -71.2354 -2.10671
-31.3792 -73.5826 -2.10844
-32.7724 -75.9086 -2.11109
-34.1706 -78.1978 -2.11507
-35.553 -80.4633 -2.11745
-36.8854 -82.7263 -2.12075
-38.2609 -84.9578 -2.12396
-39.6726 -87.1982 -2.12773
-41.117 -89.4455 -2.1313
-42.6139 -91.5928 -2.14077
-44.0122 -93.7086 -2.15267
-45.3649 -95.7972 -2.16984
-46.6942 -97.6091 -2.18812
-48.0396 -99.3576 -2.2069
-49.3184 -100.99 -2.22491
-50.5424 -102.502 -2.23861
-51.7098 -104.015 -2.24735
-52.8273 -105.394 -2.25429
-53.8954 -106.703 -2.25244
-55.011 -108.071 -2.244
-56.0329 -109.384 -2.23107
-56.9665 -110.751 -2.21302
-57.9221 -112.056 -2.18899
-58.7835 -113.402 -2.15839
-59.5554 -114.704 -2.12399
-60.2925 -116.036 -2.08479
-60.9595 -117.373 -2.03761
-61.5557 -118.769 -1.98482
-62.0582 -120.14 -1.92807
-62.4204 -121.511 -1.86268
-62.6491 -122.906 -1.78602
-62.7756 -124.343 -1.70243
-62.8008 -125.832 -1.61555
-62.7208 -127.33 -1.53014
-62.4707 -128.84 -1.44868
-62.0971 -130.282 -1.37248
-61.6593 -131.807 -1.29544
-61.009 -133.261 -1.21796
-60.2554 -134.7 -1.13955
-59.4011 -136.067 -1.05886
-58.3837 -137.468 -0.977464
-57.2086 -138.724 -0.898461
-56.0576 -140.095 -0.82665
-54.6945 -141.325 -0.760583
-53.2594 -142.547 -0.710555
-51.7289 -143.738 -0.672767
-50.145 -144.891 -0.642949
-48.5847 -146.015 -0.615422
-46.9526 -147.126 -0.584873
-45.2083 -148.189 -0.557873
-43.4621 -149.263 -0.542449
-41.6904 -150.333 -0.530559
-39.8446 -151.435 -0.525768
-37.9527 -152.478 -0.522282
-36.0786 -153.607 -0.523858
-34.1157 -154.705 -0.52611
-32.1931 -155.867 -0.525781
-30.2168 -157.031 -0.528347
-28.2366 -158.179 -0.529611
-26.236 -159.378 -0.53065
-24.1555 -160.669 -0.534342
-22.0875 -161.972 -0.538144
-19.9821 -163.277 -0.5382
-17.8398 -164.585 -0.53737
-15.6878 -165.943 -0.53572
-13.4776 -167.326 -0.535721
-11.2767 -168.686 -0.536547
-9.02033 -170.083 -0.536516
-6.80552 -171.476 -0.536213
-4.5293 -172.885 -0.53522
-2.24107 -174.256 -0.533776
0.0682008 -175.672 -0.532973
2.38518 -177.084 -0.533256
4.71318 -178.452 -0.53393
7.01853 -179.875 -0.533022
9.33227 -181.304 -0.530669
11.6152 -182.688 -0.528993
13.8513 -183.982 -0.532837
15.9982 -185.326 -0.531586
18.2333 -186.621 -0.530442
20.4009 -187.889 -0.528316
22.5509 -189.189 -0.525389
24.6965 -190.463 -0.523393
26.7756 -191.686 -0.520184
28.7687 -192.856 -0.521103
30.6591 -193.995 -0.52209
32.5345 -195.136 -0.521054
34.4329 -196.222 -0.51772
36.2293 -197.323 -0.518838
38.0416 -198.415 -0.520653
39.8289 -199.461 -0.525647
41.5844 -200.522 -0.530118
43.2854 -201.526 -0.53497
44.9548 -202.58 -0.534081
46.6604 -203.58 -0.533558
48.3192 -204.605 -0.534503
50.0548 -205.592 -0.532366
51.7264 -206.597 -0.532597
53.4422 -207.628 -0.531298
55.1315 -208.646 -0.532811
56.828 -209.639 -0.532107
58.5159 -210.679 -0.533943
60.1968 -211.695 -0.537408
61.8455 -212.739 -0.541608
63.5535 -213.79 -0.545787
65.2707 -214.89 -0.548123
66.962 -215.918 -0.554398
68.688 -216.966 -0.558127
70.3781 -218.106 -0.559773
72.044 -219.207 -0.560053
73.8059 -220.306 -0.556724
75.5378 -221.439 -0.553255
77.2692 -222.495 -0.552324
79.0547 -223.574 -0.557481
80.8298 -224.748 -0.55841
82.5998 -225.86 -0.561046
84.4337 -227.029 -0.558895
86.16 -228.136 -0.555121
87.988 -229.262 -0.548353
89.7976 -230.385 -0.541325
91.5822 -231.466 -0.532021
93.4135 -232.575 -0.525301
95.3124 -233.678 -0.522592
97.1809 -234.75 -0.520426
99.035 -235.824 -0.520482
100.822 -236.848 -0.522381
102.642 -237.939 -0.522542
104.482 -239.02 -0.522678
106.356 -240.073 -0.522722
108.132 -241.102 -0.525204
109.889 -242.153 -0.527542
111.673 -243.207 -0.532474
113.431 -244.243 -0.535029
115.21 -245.32 -0.536224
116.928 -246.331 -0.534342
118.695 -247.32 -0.531213
120.373 -248.313 -0.528428
122.108 -249.32 -0.526831
123.77 -250.253 -0.525221
125.493 -251.252 -0.526332
127.148 -252.229 -0.526033
128.753 -253.203 -0.528069
130.436 -254.136 -0.525326
132.044 -255.106 -0.526396
133.583 -256.055 -0.528554
135.2 -257.02 -0.528418
136.805 -257.979 -0.52716
138.382 -258.89 -0.525534
139.989 -259.835 -0.524943
141.623 -260.759 -0.524529
143.254 -261.677 -0.524065
144.872 -262.582 -0.523551
146.511 -263.56 -0.524622
148.128 -264.516 -0.524497
149.764 -265.466 -0.519287
151.409 -266.365 -0.508153
153.1 -267.233 -0.489531
154.796 -268.057 -0.456692
156.513 -268.738 -0.412899
158.281 -269.302 -0.361798
159.995 -269.733 -0.30025
161.75 -270.092 -0.232544
163.559 -270.287 -0.159796
165.373 -270.453 -0.0771681
167.145 -270.367 0.0055457
169.014 -270.133 0.0867022
170.829 -269.707 0.166873
172.638 -269.153 0.247287
174.461 -268.445 0.329775
176.215 -267.632 0.416494
177.857 -266.588 0.499093
179.458 -265.422 0.58646
180.982 -264.135 0.675833
182.384 -262.672 0.762013
183.722 -261.039 0.851684
184.94 -259.311 0.92217
186.074 -257.513 0.970845
187.189 -255.694 1.00451
188.252 -253.866 1.03236
189.344 -251.966 1.0544
190.4 -250.069 1.06473
191.402 -248.193 1.06833
192.41 -246.397 1.0708
193.373 -244.625 1.07449
194.283 -242.94 1.07832
195.16 -241.246 1.08154
196.096 -239.551 1.0862
197.032 -237.738 1.08906
197.943 -236.131 1.09309
198.929 -234.246 1.09209
199.804 -232.524 1.09477
200.759 -230.729 1.09307
201.707 -228.865 1.08907
202.648 -227.036 1.08613
203.63 -225.236 1.08301
204.587 -223.393 1.08009
205.625 -221.498 1.07645
206.631 -219.616 1.07375
207.679 -217.768 1.06987
208.763 -215.849 1.06754
209.853 -213.929 1.06484
210.962 -211.944 1.06145
212.085 -210.019 1.05897
213.187 -208.063 1.05552
214.28 -206.052 1.05546
215.356 -204.064 1.05628
216.436 -202.155 1.05862
217.48 -200.204 1.06566
218.494 -198.239 1.073
219.496 -196.322 1.08066
220.524 -194.445 1.08588
221.484 -192.548 1.0937
222.437 -190.649 1.10058
223.316 -188.809 1.10942
224.16 -186.943 1.1286
224.979 -185.065 1.15903
225.739 -183.109 1.20571
226.313 -181.053 1.26598
226.777 -179.012 1.3289
227.102 -176.908 1.39787
227.296 -174.729 1.46724
227.376 -172.614 1.54076
227.231 -170.448 1.61797
226.938 -168.242 1.6929
226.487 -166.06 1.77288
225.769 -163.892 1.85343
225.007 -161.723 1.9255
224.057 -159.587 1.9945
222.941 -157.404 2.05887
221.685 -155.314 2.10796
220.416 -153.209 2.13454
219.022 -151.086 2.15167
217.607 -149.019 2.16186
216.18 -146.895 2.17188
214.697 -144.757 2.17851
212.991 -142.506 2.1744
211.503 -140.33 2.17726
209.929 -138.089 2.17586
208.345 -135.852 2.17574
206.63 -133.494 2.17466
204.969 -131.169 2.1733
203.412 -128.754 2.17495
201.785 -126.398 2.17693
200.09 -124.037 2.1775
198.421 -121.572 2.17868
196.749 -119.156 2.17939
195.016 -116.673 2.17997
193.28 -114.147 2.18241
191.566 -111.618 2.18456
189.774 -109.031 2.18736
187.959 -106.469 2.18885
186.161 -103.857 2.18953
184.336 -101.236 2.18934
182.503 -98.6361 2.19106
180.674 -95.988 2.19117
178.856 -93.3432 2.19204
176.977 -90.6679 2.19187
175.093 -88.0992 2.19164
173.266 -85.4926 2.1959
171.46 -82.9286 2.20143
169.614 -80.3319 2.20684
167.828 -77.7543 2.20801
165.926 -75.2424 2.2214
164.16 -72.7974 2.23543
162.239 -70.3598 2.25331
160.315 -67.9466 2.27136
158.289 -65.6467 2.29182
156.239 -63.4444 2.31046
154.143 -61.2527 2.32979
152.008 -59.0252 2.3495
149.928 -56.929 2.35895
147.757 -54.7709 2.36924
145.573 -52.7247 2.3792
143.337 -50.6539 2.3896
141.092 -48.6106 2.40068
138.837 -46.628 2.41689
136.576 -44.6806 2.43402
134.149 -42.6514 2.45346
131.832 -40.7604 2.47025
129.361 -38.9225 2.48668
126.946 -37.1206 2.50218
124.428 -35.2352 2.51648
121.935 -33.4865 2.5287
119.399 -31.7064 2.54175
116.855 -29.9694 2.55467
114.511 -28.3871 2.56496
111.959 -26.8165 2.5739
109.331 -25.2333 2.58424
106.832 -23.7156 2.59617
104.353 -22.1826 2.60377
101.799 -20.6807 2.60987
99.335 -19.1778 2.61187
96.8207 -17.7124 2.61436
94.3462 -16.1789 2.61863
91.8135 -14.6925 2.62338
89.4615 -13.2917 2.62631
86.9598 -11.864 2.62578
84.4487 -10.4582 2.6247
82.0298 -9.02893 2.62346
79.6477 -7.5996 2.62156
77.2249 -6.18387 2.62449
74.8281 -4.75067 2.62708
72.354 -3.37996 2.62513
69.9353 -1.95817 2.62789
67.4166 -0.556555 2.63119
65.0396 0.799413 2.63166
62.5991 2.14233 2.63309
60.2217 3.53138 2.63614
57.8719 4.84599 2.63812
55.6563 6.06877 2.64071
53.5459 7.24241 2.64167
51.4669 8.38978 2.64482
49.4984 9.47647 2.64689
47.6183 10.5093 2.64681
45.8546 11.4532 2.64523
44.1239 12.4673 2.64644
42.4582 13.4304 2.64669
40.8039 14.3895 2.64463
39.1196 15.3012 2.64568
37.5094 16.1903 2.6437
35.9532 17.0255 2.64763
34.3562 17.8513 2.66085
32.861 18.6017 2.68323
31.3365 19.2912 2.71287
29.8126 19.8753 2.75374
28.3694 20.3257 2.80324
26.9175 20.6996 2.86498
25.3417 20.9485 2.93424
23.8589 21.1024 3.00604
22.3284 21.105 3.08296
20.776 21.0396 -3.12136
19.255 20.8136 -3.03937
17.8093 20.39 -2.95135
16.3324 19.9308 -2.85962
14.9172 19.2487 -2.76823
13.5271 18.4977 -2.67414
12.1621 17.5618 -2.58014
10.8959 16.5078 -2.48562
9.64872 15.3276 -2.39183
8.47387 13.9696 -2.3118
7.33061 12.5642 -2.23738
6.19624 11.0236 -2.17792
5.15572 9.39024 -2.13882
4.12909 7.70098 -2.10836
3.15329 5.93399 -2.08076
2.17553 4.10673 -2.05524
1.22627 2.22023 -2.04134
0.248433 0.250056 -2.03385
-0.738723 -1.74017 -2.02721
-1.71279 -3.78525 -2.02084
-2.72313 -5.90503 -2.01675
-3.73644 -8.02977 -2.01325
-4.84385 -10.2558 -2.01496
-5.93871 -12.4662 -2.01796
-7.06539 -14.7674 -2.0199
-8.13365 -17.0258 -2.02327
-9.21693 -19.2776 -2.0253
-10.425 -21.6667 -2.02786
-11.6111 -24.0587 -2.03047
-12.8231 -26.4994 -2.03254
-14.0851 -29.0308 -2.03433
-15.3723 -31.523 -2.03637
-16.6563 -34.0163 -2.03849
-17.9274 -36.502 -2.04083
-19.2656 -39.0329 -2.04224
-20.6123 -41.5612 -2.04712
-22.011 -44.1453 -2.05336
-23.4376 -46.6149 -2.06105
-24.8612 -49.1936 -2.06471
-26.2948 -51.7465 -2.06966
-27.7515 -54.3826 -2.07264
-29.2212 -56.9758 -2.07611
-30.6781 -59.5615 -2.07817
-32.1178 -62.1708 -2.07893
-33.5492 -64.7831 -2.08128
-34.98 -67.2821 -2.08286
-36.4092 -69.8128 -2.08239
-37.8563 -72.3113 -2.08413
-39.3049 -74.837 -2.08288
-40.7262 -77.3669 -2.0815
-42.1065 -79.8814 -2.07888
-43.5471 -82.3851 -2.07748
-44.9837 -84.9398 -2.07413
-46.3881 -87.4689 -2.07105
-47.7605 -89.9356 -2.06894
-49.123 -92.4781 -2.07002
-50.4885 -94.9548 -2.0716
-51.8187 -97.3823 -2.07262
-53.2074 -99.8324 -2.07797
-54.6131 -102.218 -2.08806
-56.1111 -104.612 -2.10825
-57.6506 -106.91 -2.13376
-59.1777 -109.156 -2.16225
-60.7659 -111.3 -2.19343
-62.3099 -113.338 -2.21703
-64.0041 -115.358 -2.24077
-65.6511 -117.361 -2.26348
-67.3581 -119.277 -2.28424
-69.1197 -121.228 -2.30536
-70.9442 -123.049 -2.32931
-72.7572 -124.876 -2.35129
-74.6692 -126.648 -2.36922
-76.5476 -128.368 -2.39089
-78.5461 -130.105 -2.40891
-80.4834 -131.743 -2.42761
-82.5438 -133.418 -2.44601
-84.5914 -135.078 -2.46752
-86.7273 -136.664 -2.49256
-88.9199 -138.18 -2.51946
-91.2119 -139.681 -2.547
-93.4901 -141.117 -2.57642
-95.8484 -142.465 -2.60561
-98.2621 -143.751 -2.63377
-100.673 -144.972 -2.66147
-103.163 -146.118 -2.68135
-105.669 -147.304 -2.69462
-108.212 -148.388 -2.70024
-110.725 -149.569 -2.70226
-113.286 -150.719 -2.70121
-115.838 -151.898 -2.69734
-118.416 -153.088 -2.6885
-120.942 -154.359 -2.67444
-123.509 -155.674 -2.65631
-126.033 -157.059 -2.63802
-128.508 -158.526 -2.61991
-131.024 -159.996 -2.60128
-133.586 -161.601 -2.58092
-136.045 -163.118 -2.55625
-138.429 -164.705 -2.53603
-140.713 -166.278 -2.51301
-142.96 -167.957 -2.48965
-145.167 -169.684 -2.46182
-147.339 -171.451 -2.43178
-149.369 -173.299 -2.40552
-151.379 -175.113 -2.37408
-153.296 -177.055 -2.34649
-155.131 -178.969 -2.32082
-156.955 -180.969 -2.29633
-158.649 -182.966 -2.27112
-160.339 -185.097 -2.24832
-161.941 -187.211 -2.22833
-163.582 -189.386 -2.2084
-165.192 -191.546 -2.18816
-166.753 -193.762 -2.17256
-168.257 -195.972 -2.15459
-169.783 -198.222 -2.13614
-171.224 -200.553 -2.1191
-172.65 -202.895 -2.09923
-174.099 -205.307 -2.07766
-175.442 -207.76 -2.05687
-176.72 -210.226 -2.03662
-177.986 -212.753 -2.01586
-179.146 -215.302 -1.99599
-180.313 -217.89 -1.97489
-181.445 -220.519 -1.95261
-182.467 -223.15 -1.93006
-183.46 -225.862 -1.90455
-184.397 -228.646 -1.87766
-185.266 -231.438 -1.85102
-186.075 -234.316 -1.82691
-186.812 -237.144 -1.80692
-187.496 -239.903 -1.79041
-188.121 -242.64 -1.78017
-188.704 -245.374 -1.76999
-189.255 -248.082 -1.76242
-189.808 -250.814 -1.75494
-190.352 -253.516 -1.74637
-190.795 -256.152 -1.73394
-191.136 -258.828 -1.71731
-191.504 -261.529 -1.6925
-191.802 -264.265 -1.6631
-192.026 -266.962 -1.63229
-192.13 -269.681 -1.60027
-192.147 -272.445 -1.56881
-192.122 -275.082 -1.53655
-191.951 -277.803 -1.50706
-191.727 -280.501 -1.47927
-191.425 -283.238 -1.45427
-191.059 -285.955 -1.43
-190.581 -288.69 -1.41005
-190.066 -291.312 -1.39297
-189.519 -293.935 -1.37968
-188.974 -296.525 -1.36831
-188.425 -299.158 -1.35642
-187.864 -301.741 -1.34633
-187.25 -304.268 -1.34215
-186.616 -306.812 -1.33672
-185.982 -309.332 -1.33206
-185.359 -311.794 -1.32617
-184.739 -314.256 -1.32019
-184.082 -316.633 -1.31531
-183.465 -319.05 -1.31673
-182.855 -321.453 -1.31882
-182.256 -323.788 -1.32573
-181.703 -326.132 -1.33349
-181.159 -328.446 -1.34444
-180.695 -330.764 -1.35626
-180.219 -333.107 -1.3705
-179.828 -335.414 -1.38851
-179.535 -337.721 -1.40838
-179.252 -340.088 -1.42822
-179.032 -342.319 -1.44774
-178.841 -344.646 -1.47325
-178.696 -346.905 -1.50376
-178.665 -349.113 -1.53577
-178.677 -351.362 -1.57159
-178.79 -353.604 -1.60573
-178.944 -355.787 -1.63283
-179.185 -358 -1.66029
-179.415 -360.161 -1.68532
-179.729 -362.353 -1.70471
-180.091 -364.515 -1.72083
-180.444 -366.602 -1.73844
-180.783 -368.568 -1.75203
-181.177 -370.57 -1.76417
-181.555 -372.402 -1.77666
-181.956 -374.22 -1.79024
-182.364 -375.951 -1.80395
-182.787 -377.604 -1.81862
-183.232 -379.188 -1.83299
-183.696 -380.651 -1.84489
-184.172 -382.131 -1.85819
-184.629 -383.577 -1.87214
-185.107 -384.966 -1.88485
-185.588 -386.335 -1.89814
-186.091 -387.685 -1.90514
-186.553 -389.029 -1.90618
-186.993 -390.289 -1.90352
-187.434 -391.539 -1.90224
-187.866 -392.735 -1.90121
-188.268 -393.889 -1.90103
-188.689 -395.003 -1.90473
-189.042 -396.08 -1.90683
-189.372 -397.118 -1.90645
-189.727 -398.045 -1.90663
-190.001 -398.916 -1.90544
-190.308 -399.762 -1.90395
-190.602 -400.597 -1.90223
-190.841 -401.302 -1.90152
-191.042 -401.989 -1.90169
-191.266 -402.617 -1.9
-191.451 -403.209 -1.89922
-191.634 -403.804 -1.89765
-191.781 -404.285 -1.89983
-191.921 -404.714 -1.89902
-192.037 -405.051 -1.89846
-192.128 -405.348 -1.89866
-192.192 -405.522 -1.89847
-192.237 -405.636 -1.89819
-192.244 -405.713 -1.89948
-192.273 -405.762 -1.90055
-192.279 -405.766 -1.9028
-192.288 -405.744 -1.90429
-192.299 -405.706 -1.90604
-192.304 -405.673 -1.90799
-192.298 -405.615 -1.90982
-192.321 -405.624 -1.91142
-192.338 -405.639 -1.9132
-192.356 -405.647 -1.91502
-192.368 -405.645 -1.91707
-192.385 -405.654 -1.91903
-192.397 -405.654 -1.92118
-192.411 -405.668 -1.92323
-192.339 -405.606 -1.92312
-192.279 -405.563 -1.92283
-192.218 -405.518 -1.9224
-192.148 -405.469 -1.92213
-192.084 -405.425 -1.92192
-192.039 -405.401 -1.92062
-192.035 -405.432 -1.91869
-192.018 -405.521 -1.91796
-191.961 -405.561 -1.91777
-191.942 -405.536 -1.91589
-191.926 -405.518 -1.91441
-191.916 -405.505 -1.91237
-191.906 -405.493 -1.91061
-191.886 -405.49 -1.90865
-191.87 -405.49 -1.9068
