-164.543 5.58244 0.0866896
-164.515 5.59422 0.0874301
-164.532 5.57692 0.0883823
-164.541 5.56634 0.0890335
-164.58 5.56784 0.0892054
-164.613 5.56695 0.0898443
-164.631 5.57738 0.0903169
-164.653 5.57141 0.0904993
-164.676 5.57936 0.0907286
-164.692 5.58667 0.0907443
-164.715 5.58847 0.0912984
-164.737 5.62489 0.0904673
-164.773 5.63195 0.0899785
-164.783 5.64148 0.0907956
-164.803 5.63426 0.0897997
-164.816 5.64345 0.0894543
-164.841 5.67267 0.0902892
-164.837 5.65338 0.0918892
-164.847 5.62496 0.0925759
-164.852 5.63169 0.0927719
-164.889 5.63605 0.0934897
-164.876 5.67507 0.0929709
-164.823 5.69456 0.0931061
-164.725 5.70491 0.0936392
-164.567 5.74066 0.0908843
-164.349 5.7359 0.0896607
-164.034 5.80968 0.0913385
-163.609 5.83043 0.0929187
-163.145 5.86714 0.0927001
-162.566 5.89286 0.0935894
-161.874 5.97358 0.0944839
-161.15 6.0385 0.090793
-160.335 6.10131 0.0920473
-159.431 6.15815 0.0904294
-158.447 6.23376 0.0854937
-157.367 6.34307 0.0864507
-156.311 6.44652 0.0861541
-155.147 6.61132 0.0838932
-153.869 6.74342 0.0820182
-152.561 6.82782 0.0796498
-151.238 6.91456 0.0747283
-149.835 6.9988 0.074843
-148.356 7.12686 0.0724376
-146.92 7.19613 0.0672339
-145.479 7.25573 0.0637906
-143.985 7.28598 0.0615674
-142.454 7.4022 0.0531982
-140.965 7.45922 0.0524846
-139.454 7.50465 0.0468527
-137.956 7.50732 0.0421208
-136.569 7.51777 0.0379749
-135.122 7.5668 0.0349177
-133.591 7.56209 0.0303403
-132.117 7.59664 0.0252758
-130.669 7.62429 0.020161
-129.263 7.59122 0.0133589
-127.792 7.59415 0.0113464
-126.331 7.61562 0.00807652
-124.906 7.56981 0.00220069
-123.473 7.57219 -0.00252763
-122.05 7.54805 -0.00675979
-120.572 7.47739 -0.0125405
-119.12 7.43121 -0.0178997
-117.693 7.41106 -0.0231294
-116.203 7.32742 -0.0275187
-114.73 7.26398 -0.0298435
-113.202 7.23461 -0.0313014
-111.61 7.20446 -0.036199
-110.077 7.17928 -0.0397331
-108.441 7.07183 -0.0423981
-106.873 7.05192 -0.043477
-105.198 6.98491 -0.0439335
-103.525 6.92977 -0.0407831
-101.839 6.87882 -0.0403208
-100.084 6.85154 -0.0412306
-98.355 6.80342 -0.0406396
-96.556 6.6994 -0.0393006
-94.7681 6.67892 -0.0395555
-92.8652 6.51899 -0.0391361
-91.0472 6.40354 -0.0405656
-89.1963 6.30718 -0.0415176
-87.3267 6.17663 -0.0408427
-85.4451 6.0862 -0.0368721
-83.5647 5.95331 -0.0358895
-81.6022 5.87353 -0.0344712
-79.7152 5.7447 -0.0346712
-77.7364 5.68807 -0.0335468
-75.8344 5.52364 -0.0291764
-73.8171 5.37714 -0.0279242
-72.0672 5.41764 -0.0285982
-70.2236 5.356 -0.0293459
-68.3055 5.25072 -0.0306882
-66.4849 5.21556 -0.031546
-64.708 5.15582 -0.0319652
-62.8918 5.13947 -0.0332789
-61.2179 4.9802 -0.0303854
-59.6353 4.59263 -0.0391003
-57.5957 4.81443 -0.0376481
-55.602 4.81169 -0.0407957
-54.1845 4.61987 -0.0375351
-52.4341 4.54823 -0.0335347
-50.5377 4.66762 -0.0283367
-48.7811 4.66479 -0.032097
-47.0137 4.40402 -0.0284659
-45.1906 4.3462 -0.0299474
-43.4823 4.09358 -0.0273949
-41.644 4.00416 -0.0277461
-39.7647 3.99533 -0.026466
-37.9099 3.89382 -0.026082
-36.037 3.86712 -0.0221185
-34.1957 3.81453 -0.0183004
-32.3514 3.79148 -0.0128287
-30.5083 3.75084 -0.0057694
-28.6975 3.74455 0.00404629
-26.8637 3.65569 0.0088869
-25.0121 3.69355 0.0131899
-23.1958 3.73084 0.0201376
-21.4736 3.70128 0.0163105
-19.707 3.71132 0.023609
-17.7101 3.67154 0.033985
-15.8035 4.02284 0.0324384
-13.913 4.02643 0.0337878
-12.004 4.02912 0.0324326
-10.1194 4.0672 0.0298603
-8.13711 4.16901 0.0285936
-6.16979 4.25082 0.030562
-4.1008 4.24056 0.0305587
-2.05363 4.27417 0.0230678
0.0136616 4.30688 0.0213021
1.92208 4.30822 0.0184544
3.97536 4.25696 0.0140236
6.08915 4.22368 0.00646886
8.11336 4.1762 0.000339119
10.2047 4.15316 -0.0083603
12.2817 4.03209 -0.0166504
14.3363 3.97209 -0.0245811
16.3213 3.91803 -0.0303794
18.3448 3.81884 -0.0297753
20.3573 3.70895 -0.0288457
22.1975 3.43942 -0.0277793
24.1134 3.48587 -0.0260836
26.2203 3.6964 -0.0055975
27.6356 3.32492 -0.013116
29.5711 3.26025 -0.00903192
31.7044 3.30487 -0.00609341
33.6668 3.24007 -0.00637666
35.6989 3.25509 -0.00654164
37.8094 3.2702 -0.00503388
39.9008 3.22842 -0.00399605
42.0136 3.20932 -0.00417176
44.07 3.13479 -0.00523034
46.1398 3.05274 -0.00228682
48.2048 3.12112 -0.00131336
50.3317 3.09135 -0.000661763
52.4515 3.07994 0.00380716
54.649 3.06056 0.00650391
56.6008 2.98176 0.0103374
58.5441 2.9603 0.0107973
60.4997 2.94897 0.0118099
62.4927 2.95673 0.0108148
64.4404 2.94898 0.0124837
66.3551 2.94278 0.0106424
68.2143 2.96405 0.00901303
70.0036 2.96957 0.0102893
71.7927 2.99044 0.0102998
73.6613 3.02634 0.00465783
75.621 2.87165 0.0175684
77.4804 2.73159 0.0266066
79.329 3.00098 0.0108212
81.2164 3.04528 0.0133475
83.2039 3.05778 0.015282
85.169 3.03048 0.0183721
87.1883 3.07836 0.0211588
89.1807 3.06991 0.0270196
91.1684 3.08721 0.0337768
93.3099 3.14187 0.0405472
95.4908 3.20129 0.0455039
97.6499 3.30148 0.0517791
99.8479 3.41302 0.0582765
102.024 3.55707 0.060475
104.232 3.72494 0.0620945
106.366 3.8355 0.0622052
108.595 3.9233 0.0597993
110.784 4.04715 0.0607067
112.963 4.16001 0.058416
115.114 4.21317 0.0556315
117.394 4.3444 0.0561763
119.593 4.42348 0.050959
121.726 4.54609 0.0504602
123.875 4.56274 0.0505134
126.018 4.58426 0.0480996
128.162 4.60842 0.0513655
130.222 4.74718 0.0481258
132.352 4.76761 0.0500465
135.083 4.96038 0.0549889
137.332 5.07488 0.0552939
139.576 5.20484 0.0618244
141.824 5.29705 0.0599483
144.001 5.34805 0.0614053
146.228 5.42793 0.0627607
148.472 5.51035 0.0639134
150.676 5.63835 0.0633586
152.905 5.75993 0.0609711
155.19 5.83242 0.063032
157.427 5.89859 0.066089
159.652 6.0054 0.0689102
161.829 6.13044 0.0711199
164.071 6.27642 0.0765985
166.261 6.38737 0.0804225
168.369 6.53354 0.0825008
170.447 6.70558 0.0800668
172.522 6.85108 0.0836976
174.567 7.12322 0.0829071
176.656 7.33267 0.084669
178.744 7.48184 0.0888625
180.807 7.58035 0.0926231
182.904 7.75497 0.0982011
184.994 7.94054 0.100362
187.117 8.19772 0.103102
189.159 8.44772 0.106469
191.212 8.65706 0.108829
193.237 8.85782 0.105378
195.19 9.0181 0.107836
197.163 9.18435 0.108312
199.092 9.46307 0.110907
200.98 9.64618 0.112891
202.95 9.89989 0.117442
204.883 10.1306 0.119542
206.733 10.2652 0.122065
208.948 10.5954 0.121507
210.922 10.806 0.129773
212.892 11.036 0.133274
214.952 11.2939 0.133387
216.947 11.5189 0.135134
219.023 11.7832 0.137934
221.155 12.0568 0.137525
223.245 12.3438 0.135413
225.366 12.6165 0.132199
227.439 12.8771 0.128051
229.482 13.1346 0.122527
231.583 13.3933 0.120349
233.518 13.6629 0.121152
235.464 13.9024 0.121011
237.5 14.2112 0.122746
239.495 14.4021 0.129401
241.23 14.7232 0.122704
243.132 15.0022 0.123495
245.339 15.2861 0.135849
247.456 15.5706 0.141167
249.549 15.7617 0.146329
251.676 16.0797 0.149146
253.81 16.3965 0.154694
255.957 16.6946 0.160839
258.017 17.1091 0.172092
260.202 17.5272 0.181723
262.327 17.9361 0.191857
264.468 18.412 0.203502
266.71 18.8643 0.210062
268.889 19.2532 0.216371
271.052 19.8073 0.224138
273.091 20.3068 0.239103
275.196 20.8303 0.248701
277.379 21.3101 0.254888
279.517 21.8809 0.262111
281.65 22.435 0.269106
283.705 22.9945 0.273376
285.686 23.534 0.275338
287.6 24.0795 0.279415
289.49 24.6048 0.283929
291.13 25.1509 0.28774
292.841 25.5863 0.295626
294.47 26.0765 0.29774
296.023 26.4529 0.299419
297.543 26.9856 0.306132
299.242 27.4796 0.310436
301.024 27.9477 0.316561
302.468 28.4398 0.31841
303.905 28.9408 0.321174
305.459 29.4714 0.325805
307.003 29.8773 0.327514
308.481 30.3285 0.331993
309.915 30.7803 0.329385
311.271 31.2212 0.328772
312.617 31.6335 0.328669
313.967 32.09 0.324256
315.33 32.4844 0.310584
316.648 32.8021 0.28462
317.911 33.0736 0.244792
319.199 33.174 0.188627
320.351 33.1753 0.114191
321.525 33.0087 0.0333534
322.639 32.7715 -0.0646762
323.6 32.4626 -0.166249
324.512 31.9732 -0.274623
325.358 31.5146 -0.380379
326.253 30.8608 -0.490807
327.077 30.1364 -0.611589
327.822 29.3096 -0.730645
328.478 28.3772 -0.853955
328.885 27.4419 -0.985118
329.229 26.4367 -1.11213
329.465 25.4104 -1.23234
329.655 24.3464 -1.32471
329.798 23.2194 -1.38039
329.964 22.0033 -1.4192
330.066 20.6552 -1.44723
330.176 19.2579 -1.46929
330.264 17.82 -1.49099
330.418 16.4026 -1.50487
330.474 14.8418 -1.51522
330.495 13.2646 -1.52518
330.595 11.756 -1.53002
330.6 10.0843 -1.53167
330.647 8.31574 -1.53095
330.702 6.58803 -1.52801
330.752 4.78502 -1.52514
330.826 2.98446 -1.52389
330.896 1.16818 -1.51735
330.979 -0.794056 -1.51731
330.974 -2.75286 -1.51773
331.085 -4.68337 -1.51967
331.166 -6.64033 -1.51431
331.244 -8.73633 -1.50634
331.337 -10.8354 -1.5024
331.485 -12.9506 -1.49825
331.596 -15.0135 -1.49925
331.773 -17.2068 -1.50221
331.958 -19.3908 -1.50504
332.089 -21.5767 -1.5087
332.223 -23.7352 -1.51191
332.419 -25.8127 -1.51293
332.512 -27.9844 -1.51653
332.582 -30.0497 -1.51387
332.691 -32.2472 -1.51225
332.83 -34.4063 -1.51239
332.885 -36.5312 -1.51427
332.973 -38.4254 -1.51208
333.134 -40.3391 -1.51465
333.187 -42.031 -1.51827
333.244 -43.5803 -1.52287
333.362 -45.3783 -1.5216
333.397 -46.9152 -1.52473
333.367 -48.5426 -1.52828
333.384 -50.0582 -1.5301
333.352 -51.5634 -1.53389
333.879 -53.6959 -1.51659
333.911 -55.1226 -1.51685
333.709 -56.4466 -1.51867
333.994 -58.3634 -1.51541
334.078 -60.042 -1.51385
334.125 -61.6917 -1.51251
334.245 -63.4097 -1.51213
334.321 -65.0314 -1.51338
334.412 -66.7021 -1.51559
334.434 -68.3283 -1.51828
334.497 -70.0164 -1.52139
334.55 -71.6253 -1.52395
334.608 -73.1996 -1.52469
334.695 -74.8416 -1.523
334.838 -76.4638 -1.521
334.824 -77.9878 -1.52111
334.816 -79.5223 -1.52331
334.766 -81.1072 -1.51618
335.026 -82.5177 -1.5072
334.956 -84.0782 -1.50953
335.156 -85.2052 -1.51378
335.266 -86.9407 -1.51517
335.272 -88.6338 -1.51488
335.309 -90.216 -1.51602
335.263 -91.8918 -1.51298
335.273 -93.4208 -1.5133
335.348 -94.9816 -1.51348
335.483 -96.6604 -1.51375
335.444 -98.3538 -1.51634
335.577 -99.8847 -1.51764
335.706 -101.574 -1.52144
335.507 -102.975 -1.5233
335.528 -104.712 -1.52691
335.457 -106.446 -1.52719
335.426 -108.163 -1.53315
335.424 -109.882 -1.53856
335.404 -111.531 -1.54855
335.486 -113.18 -1.56493
335.447 -114.879 -1.58984
335.265 -116.466 -1.62712
334.933 -117.958 -1.66855
334.711 -119.515 -1.71744
334.303 -120.969 -1.76813
334.007 -122.526 -1.82403
333.546 -123.987 -1.88309
332.955 -125.466 -1.93717
332.299 -126.921 -1.99413
331.444 -128.344 -2.05276
330.713 -129.725 -2.11392
329.717 -130.935 -2.17452
328.655 -132.124 -2.23692
327.566 -133.233 -2.29894
326.439 -134.332 -2.36405
325.227 -135.391 -2.42732
323.953 -136.298 -2.48827
322.572 -137.187 -2.54774
321.194 -138.063 -2.6084
319.663 -138.868 -2.6579
318.179 -139.631 -2.70519
316.674 -140.263 -2.74346
315.172 -140.989 -2.76972
313.545 -141.609 -2.78832
311.912 -142.278 -2.80043
310.343 -142.907 -2.8075
308.574 -143.476 -2.8094
306.893 -144.017 -2.80546
305.143 -144.603 -2.81227
303.344 -145.205 -2.8107
301.263 -145.889 -2.80763
299.403 -146.513 -2.80699
297.519 -147.157 -2.80514
295.466 -147.847 -2.80098
293.413 -148.553 -2.79609
291.338 -149.269 -2.79215
289.255 -149.975 -2.7884
287.074 -150.76 -2.78345
284.957 -151.535 -2.78164
282.717 -152.363 -2.78004
280.533 -153.171 -2.77696
278.364 -153.977 -2.77358
276.084 -154.823 -2.77304
273.75 -155.67 -2.7694
271.474 -156.55 -2.76687
269.167 -157.415 -2.76472
266.862 -158.295 -2.75962
264.601 -159.213 -2.75653
262.417 -160.13 -2.75329
260.089 -161.008 -2.74796
257.878 -161.887 -2.74142
255.632 -162.829 -2.73472
253.385 -163.804 -2.72603
251.215 -164.732 -2.71545
249.074 -165.706 -2.70523
246.951 -166.716 -2.6908
244.798 -167.701 -2.67698
242.807 -168.718 -2.66516
240.721 -169.845 -2.65807
238.913 -170.892 -2.64515
237.094 -171.927 -2.6364
235.302 -172.868 -2.62454
233.667 -173.842 -2.61643
232.098 -174.697 -2.60833
230.6 -175.595 -2.59725
229.097 -176.502 -2.58354
227.732 -177.338 -2.57213
226.359 -178.27 -2.55808
224.917 -179.17 -2.5478
223.576 -180.121 -2.53268
222.162 -181.09 -2.52041
220.758 -182.152 -2.50859
219.365 -183.218 -2.50011
217.944 -184.321 -2.49005
216.507 -185.333 -2.48315
215.103 -186.483 -2.47572
213.647 -187.62 -2.46926
212.219 -188.744 -2.46105
210.767 -189.842 -2.45331
209.312 -191.063 -2.44453
207.82 -192.338 -2.43449
206.337 -193.626 -2.42553
204.74 -195.014 -2.41722
203.253 -196.327 -2.40592
201.801 -197.684 -2.39589
200.31 -199.052 -2.38503
198.911 -200.465 -2.37386
197.465 -201.908 -2.36265
196.107 -203.326 -2.35386
194.714 -204.765 -2.34406
193.337 -206.261 -2.32976
191.998 -207.754 -2.32076
190.68 -209.182 -2.31214
189.366 -210.72 -2.30454
188.11 -212.271 -2.28844
186.882 -213.779 -2.27744
185.595 -215.298 -2.26822
184.451 -216.769 -2.2585
183.383 -218.165 -2.25202
182.324 -219.462 -2.24865
181.294 -220.734 -2.24213
180.316 -221.997 -2.2354
179.384 -223.259 -2.22386
178.453 -224.583 -2.21723
177.53 -225.756 -2.20439
176.621 -227.002 -2.19233
175.666 -228.346 -2.1822
174.882 -229.572 -2.1741
174.009 -230.792 -2.16496
173.025 -232.238 -2.15394
172.064 -233.638 -2.14337
171.149 -235.078 -2.13226
170.285 -236.533 -2.12173
169.391 -238.066 -2.11336
168.455 -239.612 -2.10545
167.532 -241.133 -2.09721
166.592 -242.718 -2.08918
165.621 -244.38 -2.0834
164.638 -246.078 -2.08053
163.673 -247.791 -2.08045
162.622 -249.484 -2.07937
161.593 -251.306 -2.07874
160.582 -253.15 -2.07506
159.565 -254.94 -2.07111
158.558 -256.838 -2.07136
157.48 -258.724 -2.06835
156.36 -260.695 -2.05878
155.34 -262.622 -2.05001
154.289 -264.67 -2.03805
153.279 -266.798 -2.02781
152.226 -269.046 -2.01333
151.254 -271.257 -2.0005
150.321 -273.522 -1.9876
149.336 -275.881 -1.97502
148.374 -278.231 -1.96018
147.483 -280.687 -1.94833
146.598 -283.126 -1.93739
145.737 -285.624 -1.92307
144.86 -288.126 -1.90922
143.985 -290.753 -1.88891
143.24 -293.282 -1.87329
142.492 -295.868 -1.85466
141.783 -298.482 -1.83873
141.132 -301.042 -1.82474
140.484 -303.628 -1.81218
139.912 -306.293 -1.79656
139.306 -308.858 -1.78165
138.855 -311.414 -1.7679
138.4 -314 -1.74926
137.941 -316.592 -1.73481
137.524 -319.172 -1.72054
137.187 -321.758 -1.70227
136.815 -324.31 -1.6837
136.502 -326.956 -1.66716
136.342 -329.597 -1.65103
136.113 -332.204 -1.6275
135.957 -334.812 -1.60556
135.94 -337.456 -1.58491
135.988 -340.179 -1.56793
136.052 -342.898 -1.54921
136.178 -345.631 -1.52725
136.405 -348.4 -1.50045
136.654 -351.28 -1.47747
136.899 -353.965 -1.45038
137.248 -356.636 -1.43996
137.579 -359.301 -1.43323
137.921 -362.005 -1.42311
138.32 -364.799 -1.41893
138.774 -367.353 -1.41187
139.166 -369.763 -1.41183
139.554 -372.249 -1.41598
139.916 -374.78 -1.41549
140.255 -377.259 -1.42374
140.566 -379.796 -1.43364
140.829 -382.322 -1.44941
141.076 -384.733 -1.46535
141.289 -387.199 -1.48367
141.412 -389.678 -1.50407
141.426 -392.165 -1.52837
141.427 -394.535 -1.55243
141.379 -396.984 -1.58221
141.318 -399.339 -1.61802
141.058 -401.636 -1.66194
140.751 -403.847 -1.70211
140.359 -405.887 -1.7388
139.928 -407.87 -1.78212
139.351 -409.818 -1.82104
138.844 -411.557 -1.8701
138.22 -413.258 -1.91694
137.529 -414.84 -1.96543
136.814 -416.267 -2.01741
136.096 -417.555 -2.06754
135.382 -418.711 -2.11823
134.629 -419.795 -2.16862
133.891 -420.836 -2.22413
133.126 -421.713 -2.27573
132.233 -422.582 -2.33311
131.271 -423.49 -2.38867
130.342 -424.373 -2.43036
129.422 -425.105 -2.48849
128.298 -425.747 -2.54197
127.132 -426.453 -2.59548
125.908 -427.114 -2.64475
124.592 -427.72 -2.69219
123.246 -428.284 -2.74027
121.866 -428.757 -2.78715
120.446 -429.242 -2.82274
118.962 -429.684 -2.84797
117.375 -430.143 -2.86313
115.808 -430.592 -2.8783
114.154 -431.027 -2.88991
112.493 -431.388 -2.89819
110.774 -431.774 -2.90066
109.103 -432.144 -2.90549
107.349 -432.515 -2.9055
105.575 -432.955 -2.90358
103.796 -433.446 -2.90362
102.035 -433.935 -2.90792
100.199 -434.376 -2.91041
98.3904 -434.79 -2.90976
96.5879 -435.132 -2.91387
94.7567 -435.435 -2.91242
92.9566 -435.818 -2.91985
91.0871 -436.23 -2.91939
89.2147 -436.723 -2.91738
87.3098 -437.206 -2.91615
85.382 -437.653 -2.91583
83.3951 -438.088 -2.91826
81.5005 -438.497 -2.9215
79.5048 -438.957 -2.92675
77.5185 -439.411 -2.92975
75.4602 -439.887 -2.93249
73.3773 -440.327 -2.93626
71.3268 -440.799 -2.93894
69.1561 -441.169 -2.94144
67.0035 -441.642 -2.93858
64.8981 -442.132 -2.93568
62.7909 -442.56 -2.93416
60.687 -443.11 -2.93602
58.7231 -443.567 -2.93223
56.7262 -444.085 -2.92611
54.6903 -444.499 -2.92259
52.6825 -444.948 -2.91983
50.7855 -445.422 -2.91907
48.8487 -445.927 -2.91365
46.9558 -446.378 -2.90911
44.9449 -446.849 -2.90963
42.8791 -447.331 -2.90819
40.717 -447.793 -2.91033
38.7603 -448.249 -2.91169
36.6268 -448.673 -2.91111
34.5241 -449.168 -2.91258
32.4899 -449.547 -2.90709
30.4227 -450.088 -2.90964
28.2928 -450.598 -2.90905
26.2272 -451.119 -2.90513
24.0948 -451.599 -2.90391
22.0716 -452.057 -2.90469
19.9485 -452.561 -2.9041
17.9873 -453.054 -2.9037
16.0179 -453.519 -2.90368
14.1467 -453.919 -2.90404
12.3456 -454.301 -2.89882
10.6065 -454.714 -2.89596
9.08762 -455.153 -2.90102
7.3787 -455.589 -2.8994
5.7396 -455.819 -2.90113
4.1789 -456.211 -2.89578
2.66186 -456.579 -2.88988
1.18468 -457.013 -2.89284
-0.483555 -457.406 -2.88648
-2.02405 -457.846 -2.88367
-3.59593 -458.32 -2.87996
-5.0594 -458.784 -2.8796
-6.56232 -459.217 -2.87582
-7.98492 -459.643 -2.87295
-9.35483 -460.052 -2.86186
-10.6765 -460.508 -2.84518
-11.9279 -461.055 -2.81913
-13.1446 -461.548 -2.77809
-14.3423 -462.195 -2.72096
-15.4701 -462.892 -2.65632
-16.5187 -463.611 -2.58585
-17.5549 -464.466 -2.50713
-18.4517 -465.433 -2.42552
-19.3594 -466.463 -2.33556
-20.1154 -467.621 -2.24138
-20.8114 -468.82 -2.1401
-21.4045 -470.113 -2.03556
-21.832 -471.554 -1.92911
-22.0295 -472.949 -1.8251
-22.2387 -474.365 -1.71972
-22.1579 -475.851 -1.62096
-21.9138 -477.278 -1.53433
-21.6165 -478.733 -1.46625
-21.2992 -480.198 -1.419
-20.962 -481.649 -1.38433
-20.539 -483.162 -1.35599
-20.0978 -484.671 -1.33128
-19.6508 -486.218 -1.31204
-19.2018 -487.721 -1.29631
-18.706 -489.217 -1.28457
-18.2589 -490.61 -1.27226
-17.8085 -492.124 -1.26411
-17.3647 -493.587 -1.25969
-16.9452 -494.944 -1.25724
-16.4952 -496.216 -1.25538
-16.0946 -497.487 -1.25767
-15.7017 -498.622 -1.25563
-15.3492 -499.751 -1.25577
-15.0072 -500.768 -1.25586
-14.728 -501.759 -1.25447
-14.4051 -502.676 -1.25168
-14.1491 -503.5 -1.25215
-13.941 -504.305 -1.2545
-13.6592 -505.021 -1.25097
-13.4922 -505.61 -1.2502
-13.3125 -506.228 -1.25117
-13.0756 -506.794 -1.24878
-12.8385 -507.439 -1.24674
-12.6577 -508.013 -1.24057
-12.374 -508.657 -1.23246
-12.1483 -509.24 -1.22378
-11.9707 -509.856 -1.21453
-11.6633 -510.487 -1.20186
-11.4183 -511.212 -1.19433
-11.1467 -511.932 -1.19233
-10.7878 -512.79 -1.19626
-10.4681 -513.678 -1.20104
-10.1172 -514.621 -1.20438
-9.75313 -515.594 -1.21174
-9.38408 -516.59 -1.21691
-9.02952 -517.6 -1.2303
-8.6751 -518.706 -1.24083
-8.29184 -519.916 -1.2539
-7.84035 -521.203 -1.26568
-7.42925 -522.504 -1.27244
-7.04017 -523.927 -1.28102
-6.66333 -525.346 -1.28761
-6.21276 -526.859 -1.29254
-5.71315 -528.4 -1.29581
-5.27577 -530.026 -1.29986
-4.86311 -531.719 -1.30545
-4.37958 -533.44 -1.30624
-3.87885 -535.217 -1.30514
-3.38092 -537.039 -1.30421
-2.90036 -538.889 -1.30504
-2.36282 -540.692 -1.30167
-1.95472 -542.605 -1.30127
-1.46086 -544.455 -1.30145
-0.881747 -546.283 -1.29701
-0.338848 -548.254 -1.2948
0.180677 -550.229 -1.29316
0.765126 -552.104 -1.2859
1.34861 -554.034 -1.28422
1.90762 -555.969 -1.27634
2.52282 -557.953 -1.27236
3.02999 -559.985 -1.27387
3.57624 -561.994 -1.27099
4.23385 -564.057 -1.26517
4.82885 -566.136 -1.26017
5.4651 -568.163 -1.25291
6.10352 -570.254 -1.25273
6.75206 -572.372 -1.25373
7.4114 -574.441 -1.26263
8.08777 -576.535 -1.26551
8.72692 -578.746 -1.26335
9.35572 -580.826 -1.26686
10.0263 -582.995 -1.26869
10.6627 -585.224 -1.27161
11.288 -587.388 -1.27116
11.9761 -589.55 -1.27089
12.6642 -591.777 -1.27271
13.3215 -593.987 -1.27347
14.0431 -596.199 -1.27414
14.6682 -598.402 -1.27417
15.2696 -600.49 -1.27628
15.86 -602.607 -1.27384
16.5199 -604.719 -1.27385
17.1821 -606.831 -1.27228
17.8248 -608.902 -1.27345
18.4004 -610.991 -1.27478
19.0349 -613.036 -1.27794
19.5355 -615.1 -1.27886
20.1539 -617.078 -1.27991
20.7994 -619.077 -1.27734
21.4563 -620.945 -1.27937
22.0801 -622.852 -1.27907
22.7496 -624.654 -1.28676
23.2985 -626.434 -1.29987
23.8455 -628.223 -1.31959
24.2242 -629.866 -1.3514
24.4709 -631.49 -1.40297
24.4755 -633.057 -1.4605
24.3613 -634.542 -1.53579
24.2411 -636.101 -1.62679
23.924 -637.529 -1.71875
23.4771 -638.86 -1.80879
22.9522 -640.149 -1.90661
22.2459 -641.37 -1.9925
21.4799 -642.612 -2.07551
20.7579 -643.778 -2.15396
19.7945 -644.901 -2.21454
18.9185 -646.008 -2.26642
17.9011 -647.106 -2.3072
16.8839 -648.261 -2.33907
15.6988 -649.36 -2.36932
14.563 -650.52 -2.3961
13.2932 -651.571 -2.42014
11.9658 -652.688 -2.44084
10.5973 -653.882 -2.45808
9.21791 -655.026 -2.47382
7.85308 -656.151 -2.48597
6.4157 -657.24 -2.49843
4.87608 -658.254 -2.5059
3.31913 -659.413 -2.51186
1.68817 -660.535 -2.51508
0.0120946 -661.768 -2.51524
-1.66433 -662.9 -2.51506
-3.31765 -664.072 -2.51178
-4.99322 -665.273 -2.50256
-6.74888 -666.591 -2.49352
-8.58654 -667.964 -2.49123
-10.3693 -669.27 -2.48363
-12.1118 -670.718 -2.48736
-13.9563 -672.043 -2.47992
-15.816 -673.382 -2.47623
-17.589 -674.929 -2.47417
-19.4644 -676.345 -2.46726
-21.3422 -677.879 -2.46171
-23.2234 -679.501 -2.46093
-25.1294 -681.117 -2.45745
-27.0713 -682.678 -2.45536
-29.0487 -684.29 -2.45538
-31.1067 -685.989 -2.45633
-33.1505 -687.663 -2.45793
-35.2611 -689.241 -2.45539
-37.3176 -690.876 -2.45552
-39.4599 -692.508 -2.456
-41.5491 -694.267 -2.45582
-43.6332 -695.892 -2.45261
-45.6887 -697.649 -2.44888
-47.8744 -699.315 -2.45577
-49.97 -700.959 -2.45705
-52.0151 -702.653 -2.46017
-54.11 -704.185 -2.46613
-56.143 -705.751 -2.47018
-58.1992 -707.35 -2.47397
-60.3198 -708.962 -2.47866
-62.3489 -710.391 -2.4877
-64.3221 -711.851 -2.5031
-66.3086 -713.264 -2.52066
-68.3886 -714.574 -2.54455
-70.4887 -715.896 -2.57022
-72.5752 -717.06 -2.6062
-74.7219 -718.188 -2.64019
-77.0093 -719.34 -2.6755
-79.2201 -720.285 -2.70123
-81.5584 -721.336 -2.72608
-83.8729 -722.302 -2.74741
-86.0888 -723.191 -2.76379
-88.3744 -724.102 -2.77537
-90.6837 -724.978 -2.78433
-92.907 -725.846 -2.78793
-94.9956 -726.548 -2.78637
-97.1955 -727.338 -2.78333
-99.4293 -728.212 -2.7755
-101.55 -729.095 -2.77108
-103.602 -729.976 -2.76833
-105.711 -730.795 -2.76623
-107.891 -731.591 -2.76661
-110.043 -732.45 -2.76949
-112.165 -733.321 -2.77394
-114.329 -734.15 -2.78497
-116.386 -734.898 -2.79505
-118.562 -735.622 -2.80619
-120.7 -736.392 -2.81671
-122.915 -737.071 -2.83526
-125.001 -737.663 -2.85574
-127.126 -738.184 -2.87804
-129.237 -738.696 -2.90481
-131.335 -739.155 -2.92932
-133.49 -739.519 -2.95284
-135.612 -739.805 -2.97803
-137.766 -740.067 -3.00466
-139.935 -740.273 -3.03133
-142.046 -740.383 -3.05975
-144.173 -740.457 -3.09223
-146.333 -740.402 -3.1226
-148.527 -740.279 3.13015
-150.623 -740.128 3.09335
-152.693 -739.877 3.05026
-154.836 -739.569 3.00615
-156.941 -739.121 2.96644
-159.101 -738.596 2.93442
-161.131 -737.94 2.90089
-163.228 -737.315 2.86676
-165.344 -736.666 2.83307
-167.366 -735.926 2.80164
-169.304 -735.093 2.77739
-171.227 -734.344 2.74785
-173.094 -733.424 2.71973
-174.928 -732.514 2.69577
-176.698 -731.612 2.66791
-178.491 -730.695 2.64235
-180.235 -729.642 2.61383
-181.931 -728.593 2.58268
-183.489 -727.522 2.55369
-184.967 -726.388 2.52246
-186.402 -725.145 2.48957
-187.866 -723.874 2.4585
-189.302 -722.626 2.42879
-190.719 -721.346 2.40707
-192.098 -720.044 2.37341
-193.444 -718.694 2.35107
-194.67 -717.34 2.33305
-195.856 -715.946 2.31638
-197.059 -714.546 2.29623
-198.237 -713.134 2.27895
-199.422 -711.785 2.26289
-200.58 -710.389 2.24787
-201.687 -709.013 2.22688
-202.749 -707.553 2.20764
-203.753 -706.166 2.18871
-204.672 -704.727 2.17146
-205.58 -703.297 2.14997
-206.481 -701.871 2.13415
-207.367 -700.434 2.11666
-208.201 -698.994 2.09679
-208.991 -697.492 2.07479
-209.807 -695.963 2.05338
-210.571 -694.42 2.03119
-211.299 -692.879 2.00526
-211.935 -691.366 1.97863
-212.573 -689.773 1.95244
-213.098 -688.157 1.92941
-213.626 -686.558 1.91126
-214.142 -684.965 1.89195
-214.693 -683.4 1.87827
-215.152 -681.837 1.86327
-215.577 -680.277 1.84471
-216.012 -678.703 1.82942
-216.421 -677.105 1.81598
-216.796 -675.556 1.80045
-217.136 -673.975 1.78955
-217.49 -672.482 1.77915
-217.778 -671.106 1.767
-218.126 -669.564 1.75737
-218.388 -668.006 1.74927
-218.651 -666.472 1.73828
-218.898 -664.915 1.73045
-219.092 -663.323 1.71509
-219.223 -661.759 1.69878
-219.325 -660.193 1.67021
-219.372 -658.626 1.64139
-219.363 -657.132 1.61408
-219.33 -655.511 1.58215
-219.198 -653.938 1.54321
-219.006 -652.393 1.50558
-218.877 -650.82 1.4639
-218.536 -649.203 1.42027
-218.297 -647.597 1.37357
-217.853 -646.01 1.32952
-217.348 -644.407 1.29185
-216.843 -642.672 1.26679
-216.364 -641.021 1.24411
-215.74 -639.389 1.22064
-215.12 -637.745 1.19924
-214.395 -636.087 1.17611
-213.659 -634.442 1.15428
-212.799 -632.861 1.1478
-211.96 -631.167 1.13336
-211.105 -629.505 1.11919
-210.305 -627.917 1.10993
-209.466 -626.331 1.10211
-208.577 -624.716 1.09312
-207.673 -623.183 1.08436
-206.828 -621.662 1.07313
-205.899 -620.086 1.06262
-205.007 -618.53 1.03979
-204.063 -617.037 1.02043
-203.098 -615.501 0.9963
-202.097 -614.079 0.971181
-201.1 -612.667 0.949258
-199.978 -611.294 0.92521
-198.936 -609.953 0.900071
-197.721 -608.637 0.865168
-196.598 -607.391 0.82331
-195.42 -606.175 0.77885
-194.042 -605.109 0.726911
-192.768 -603.883 0.677294
-191.406 -602.927 0.623251
-189.943 -601.982 0.571064
-188.439 -601.081 0.518955
-186.839 -600.37 0.473087
-185.237 -599.616 0.429664
-183.586 -598.948 0.392904
-181.844 -598.335 0.366871
-180.107 -597.741 0.343957
-178.332 -597.157 0.33023
-176.594 -596.541 0.321064
-174.771 -595.968 0.317418
-173.009 -595.355 0.315178
-171.271 -594.871 0.317347
-169.578 -594.264 0.321554
-167.885 -593.758 0.330619
-166.201 -593.232 0.339299
-164.539 -592.751 0.348512
-162.898 -592.136 0.356966
-161.341 -591.567 0.366835
-159.804 -590.999 0.377067
-158.339 -590.428 0.38656
-156.833 -589.82 0.402139
-155.519 -589.133 0.42791
-154.411 -588.399 0.465711
-153.21 -587.631 0.517701
-152.082 -586.873 0.581037
-151.043 -585.931 0.655641
-150.086 -584.926 0.741405
-149.274 -583.797 0.830048
-148.648 -582.716 0.922179
-147.958 -581.451 1.01611
-147.501 -580.215 1.11348
-147.028 -578.906 1.21325
-146.77 -577.556 1.31213
-146.564 -576.1 1.40968
-146.489 -574.625 1.49681
-146.523 -573.119 1.58019
-146.691 -571.562 1.64701
-146.934 -570.075 1.69779
-147.2 -568.596 1.73897
-147.487 -567.106 1.77761
-147.921 -565.575 1.81122
-148.329 -563.998 1.8449
-148.888 -562.438 1.87212
-149.56 -560.803 1.89785
-150.226 -559.166 1.91736
-150.905 -557.483 1.93041
-151.584 -555.802 1.93823
-152.292 -554.098 1.94371
-152.954 -552.364 1.94376
-153.649 -550.642 1.94494
-154.319 -548.949 1.94671
-154.999 -547.23 1.94891
-155.693 -545.538 1.94869
-156.35 -543.869 1.9512
-157.045 -542.173 1.95282
-157.716 -540.57 1.95429
-158.36 -538.984 1.95589
-158.999 -537.438 1.95749
-159.591 -536.091 1.96611
-160.197 -534.73 1.97662
-160.799 -533.418 1.98822
-161.371 -532.311 2.00777
-161.921 -531.279 2.02996
-162.483 -530.252 2.05706
-163.038 -529.4 2.09271
-163.599 -528.658 2.1353
-164.128 -527.943 2.17946
-164.642 -527.31 2.22741
-165.204 -526.755 2.27389
-165.688 -526.259 2.32187
-166.299 -525.775 2.37329
-166.935 -525.292 2.42684
-167.542 -524.932 2.48227
-168.242 -524.497 2.53789
-168.931 -524.108 2.59424
-169.745 -523.768 2.64649
-170.607 -523.467 2.70403
-171.458 -523.198 2.76136
-172.372 -522.942 2.81978
-173.36 -522.769 2.88022
-174.418 -522.621 2.94222
-175.454 -522.549 3.00444
-176.569 -522.554 3.06993
-177.74 -522.623 3.14012
-178.963 -522.76 -3.07393
-180.202 -523.038 -3.01328
-181.461 -523.307 -2.96313
-182.728 -523.655 -2.93896
-184.148 -523.907 -2.91306
-185.565 -524.303 -2.89082
-186.96 -524.713 -2.87261
-188.394 -525.235 -2.86451
-190.005 -525.758 -2.8577
-191.633 -526.267 -2.85796
-193.268 -526.809 -2.85782
-194.946 -527.211 -2.86453
-196.66 -527.709 -2.87553
-198.41 -528.185 -2.89326
-200.127 -528.551 -2.9207
-201.959 -528.892 -2.94134
-203.675 -529.216 -2.96451
-205.545 -529.522 -2.98396
-207.378 -529.797 -3.00816
-209.309 -529.974 -3.03127
-211.237 -530.093 -3.05299
-213.13 -530.245 -3.07986
-215.189 -530.297 -3.10164
-217.218 -530.207 -3.12975
-219.248 -530.162 3.12696
-221.464 -529.953 3.10425
-223.604 -529.749 3.07689
-225.768 -529.549 3.04961
-227.992 -529.144 3.02087
-230.325 -528.808 3.00017
-232.537 -528.406 2.9765
-234.735 -527.961 2.95455
-236.959 -527.378 2.92731
-239.078 -526.815 2.89749
-241.286 -526.172 2.87368
-243.558 -525.49 2.85419
-245.809 -524.737 2.82497
-248.096 -523.989 2.80365
-250.346 -523.153 2.78348
-252.476 -522.237 2.75376
-254.682 -521.175 2.73026
-256.965 -520.109 2.70932
-259.087 -518.987 2.68543
-261.155 -517.915 2.66271
-263.326 -516.672 2.64897
-265.403 -515.348 2.62308
-267.6 -514.084 2.59799
-269.666 -512.701 2.57495
-271.735 -511.172 2.53982
-273.717 -509.551 2.50507
-275.747 -507.876 2.47024
-277.646 -506.185 2.42206
-279.416 -504.334 2.37446
-281.197 -502.394 2.33558
-282.901 -500.458 2.30326
-284.62 -498.416 2.26992
-286.324 -496.326 2.24414
-288.003 -494.178 2.21359
-289.564 -492.038 2.18474
-291.11 -489.829 2.15651
-292.565 -487.5 2.13052
-293.997 -485.194 2.10593
-295.323 -482.816 2.07598
-296.674 -480.414 2.05259
-297.937 -477.815 2.03638
-299.156 -475.321 2.0199
-300.424 -472.674 2.01513
-301.659 -470.112 2.00714
-302.881 -467.562 2.00515
-304.131 -464.93 2.00551
-305.369 -462.341 2.00393
-306.579 -459.779 2.00455
-307.842 -457.124 2.00578
-308.997 -454.652 2.01119
-310.217 -452.054 2.00948
-311.423 -449.365 2.00785
-312.621 -446.689 2.01163
-313.75 -444.218 2.01523
-314.991 -441.521 2.01627
-316.266 -438.852 2.02237
-317.479 -436.205 2.02076
-318.677 -433.627 2.01959
-319.89 -431.069 2.0181
-321.099 -428.457 2.02097
-322.249 -425.903 2.02005
-323.482 -423.395 2.02274
-324.776 -420.856 2.01973
-326.06 -418.258 2.01832
-327.327 -415.726 2.01718
-328.644 -413.197 2.01592
-329.899 -410.638 2.01871
-331.137 -408.122 2.01752
-332.322 -405.5 2.02314
-333.552 -402.927 2.02108
-334.78 -400.324 2.02133
-335.952 -397.726 2.02228
-337.193 -395.032 2.02192
-338.36 -392.445 2.02034
-339.555 -389.84 2.02095
-340.744 -387.315 2.02334
-341.925 -384.866 2.02394
-343.161 -382.318 2.02637
-344.325 -379.971 2.02541
-345.516 -377.562 2.02697
-346.677 -375.306 2.02993
-347.756 -373.168 2.0323
-348.713 -371.101 2.03665
-349.655 -369.163 2.03788
-350.476 -367.452 2.03998
-351.243 -365.757 2.04218
-351.952 -364.219 2.03981
-352.678 -362.877 2.03714
-353.441 -361.395 2.03947
-354.283 -359.372 2.04348
-354.828 -357.844 2.02136
-355.68 -356.291 2.0225
-356.416 -354.513 2.02191
-357.038 -352.916 2.02015
-357.817 -351.276 2.02019
-358.54 -349.704 2.01918
-359.326 -348.025 2.01842
-360.072 -346.389 2.01887
-360.738 -344.653 2.0216
-361.474 -343.116 2.02368
-362.253 -341.398 2.02716
-363.02 -339.773 2.02973
-363.736 -338.078 2.03247
-364.519 -336.557 2.03316
-365.276 -335.087 2.03576
-365.999 -333.634 2.04045
-366.678 -332.419 2.04147
-367.351 -331.19 2.043
-368.016 -329.891 2.04331
-368.694 -328.586 2.04366
-369.278 -327.366 2.05335
-370.045 -325.877 2.05173
-370.944 -324.445 2.03147
-371.711 -323.17 2.03958
-372.494 -321.703 2.03808
-373.068 -320.303 2.03387
-373.787 -318.974 2.03534
-374.503 -317.504 2.03078
-375.223 -316.003 2.03026
-375.974 -314.541 2.03117
-376.701 -313.06 2.0302
-377.369 -311.603 2.02701
-378.222 -310.095 2.02921
-379.006 -308.443 2.03157
-379.701 -306.858 2.03082
-380.478 -305.194 2.03162
-381.183 -303.49 2.03267
-381.964 -301.862 2.0276
-382.688 -300.223 2.02549
-383.424 -298.659 2.02755
-384.137 -297.074 2.02624
-384.826 -295.541 2.02551
-385.535 -294.145 2.02523
-386.201 -292.761 2.02496
-386.847 -291.335 2.02486
-387.549 -289.983 2.02232
-388.154 -288.577 2.01769
-389.385 -286.347 2.05795
-389.888 -285.042 2.05334
-390.538 -283.806 2.0473
-391.597 -282.043 2.04742
-392.283 -280.698 2.04582
-393.071 -279.312 2.0435
-393.794 -277.837 2.04323
-394.471 -276.315 2.04127
-395.216 -274.854 2.0377
-395.914 -273.253 2.03712
-396.6 -271.64 2.03461
-397.315 -270.042 2.03365
-398.104 -268.346 2.03239
-398.888 -266.712 2.03042
-399.732 -265.043 2.0281
-400.601 -263.382 2.02273
-401.289 -261.778 2.01467
-401.976 -259.972 2.00223
-402.644 -258.149 1.98656
-403.379 -256.375 1.96048
-403.988 -254.505 1.92767
-404.561 -252.616 1.89368
-405.131 -250.635 1.85673
-405.589 -248.689 1.83305
-406.012 -246.711 1.80064
-406.344 -244.632 1.76355
-406.609 -242.557 1.72586
-406.875 -240.459 1.69221
-406.991 -238.582 1.66297
-407.098 -236.541 1.64081
-407.216 -234.482 1.61812
-407.233 -232.445 1.60257
-407.295 -230.299 1.58825
-407.236 -228.246 1.5749
-407.109 -226.077 1.56455
-407.076 -223.976 1.55611
-407.033 -221.757 1.55307
-406.965 -219.532 1.55026
-406.911 -217.278 1.55047
-406.902 -214.966 1.54924
-406.884 -212.795 1.55275
-406.854 -210.488 1.55899
-406.815 -208.252 1.56434
-406.799 -205.96 1.56896
-406.851 -203.765 1.57556
-406.888 -201.477 1.58637
-406.982 -199.2 1.59692
-407.057 -196.981 1.60333
-407.211 -194.708 1.61381
-407.258 -192.515 1.62469
-407.399 -190.377 1.63913
-407.54 -188.158 1.65274
-407.762 -186.026 1.66764
-407.969 -183.936 1.68436
-408.264 -181.85 1.71126
-408.546 -179.787 1.73516
-408.907 -177.829 1.75877
-409.253 -175.884 1.77886
-409.582 -174.076 1.79384
-410.079 -172.35 1.81661
-410.497 -170.725 1.83607
-410.932 -169.127 1.8598
-411.423 -167.656 1.88103
-411.854 -166.243 1.90149
-412.256 -164.841 1.91816
-412.843 -163.514 1.93512
-413.304 -162.275 1.9408
-413.786 -161.093 1.94648
-414.282 -159.899 1.94616
-414.665 -158.713 1.9432
-415.091 -157.581 1.94254
-415.541 -156.568 1.93946
-415.911 -155.447 1.93539
-416.328 -154.521 1.92042
-416.652 -153.539 1.89753
-416.954 -152.512 1.86457
-417.178 -151.487 1.82304
-417.357 -150.457 1.77558
-417.442 -149.421 1.71918
-417.43 -148.428 1.65832
-417.408 -147.404 1.59439
-417.286 -146.356 1.52479
-417.052 -145.349 1.45141
-416.799 -144.292 1.37906
-416.4 -143.238 1.30383
-415.939 -142.179 1.21998
-415.345 -141.229 1.13271
-414.708 -140.292 1.04375
-413.909 -139.376 0.948688
-413.022 -138.541 0.85785
-412.056 -137.74 0.768265
-410.993 -136.968 0.68562
-409.861 -136.284 0.62889
-408.673 -135.557 0.586385
-407.44 -134.863 0.553662
-406.089 -134.124 0.530814
-404.752 -133.342 0.521693
-403.354 -132.591 0.516464
-401.93 -131.784 0.517701
-400.443 -131.004 0.518845
-398.883 -130.114 0.516359
-397.347 -129.249 0.517795
-395.718 -128.287 0.516017
-394.127 -127.367 0.517387
-392.511 -126.382 0.519174
-390.813 -125.453 0.51986
-389.034 -124.533 0.516891
-387.317 -123.508 0.516104
-385.517 -122.442 0.510208
-383.659 -121.426 0.505184
-381.772 -120.396 0.500793
-379.84 -119.415 0.4949
-377.914 -118.384 0.492464
-375.996 -117.33 0.492363
-373.911 -116.295 0.489249
-371.809 -115.194 0.487686
-369.776 -114.227 0.487648
-367.738 -113.107 0.487894
-365.615 -112.072 0.490392
-363.643 -110.968 0.490148
-361.667 -109.941 0.491779
-359.75 -108.933 0.496655
-357.761 -107.86 0.501596
-355.782 -106.833 0.506836
-353.742 -105.734 0.51128
-351.688 -104.632 0.515551
-349.721 -103.492 0.514512
-347.702 -102.495 0.516202
-345.659 -101.419 0.513678
-343.665 -100.409 0.508502
-341.757 -99.2566 0.508116
-339.779 -98.2564 0.503734
-337.805 -97.1821 0.504449
-335.794 -96.1533 0.502165
-333.689 -95.1887 0.498525
-331.634 -94.1289 0.498112
-329.627 -93.1257 0.498827
-327.616 -92.0478 0.496284
-325.586 -91.0677 0.498028
-323.662 -90.0219 0.498524
-321.722 -88.9874 0.499427
-319.858 -87.9645 0.497352
-317.956 -86.9331 0.49809
-316.006 -85.9255 0.49673
-314.15 -84.9576 0.495122
-312.265 -83.9778 0.494415
-310.409 -82.8884 0.490719
-308.57 -81.8394 0.481046
-306.729 -80.918 0.477893
-304.82 -79.891 0.474223
-302.817 -78.9086 0.473371
-300.846 -77.9791 0.465849
-298.841 -77.0203 0.455153
-296.802 -76.1594 0.444482
-294.681 -75.208 0.430959
-292.619 -74.2944 0.423891
-290.461 -73.3201 0.412471
-288.335 -72.4411 0.403015
-286.138 -71.5591 0.397321
-283.889 -70.6773 0.388615
-281.679 -69.8649 0.380614
-279.492 -68.9666 0.378524
-277.189 -68.1505 0.376957
-274.923 -67.2394 0.377596
-272.643 -66.3183 0.374033
-270.38 -65.5367 0.374758
-268.015 -64.6197 0.370867
-265.753 -63.6785 0.369644
-263.447 -62.6889 0.369436
-261.096 -61.7852 0.366336
-258.826 -60.8102 0.363011
-256.573 -59.9054 0.360814
-254.267 -59.0248 0.359631
-251.967 -58.1608 0.358596
-249.771 -57.3277 0.359686
-247.43 -56.5116 0.358283
-245.168 -55.692 0.357465
-242.983 -54.9256 0.355795
-240.779 -54.0895 0.355512
-238.571 -53.3406 0.350028
-236.32 -52.5569 0.350251
-234.247 -51.8078 0.349308
-232.076 -50.9679 0.348101
-229.934 -50.1509 0.350636
-227.651 -49.4692 0.349147
-225.513 -48.564 0.355813
-223.37 -47.8138 0.360506
-221.229 -46.9917 0.362037
-219.076 -46.0906 0.367301
-217.096 -45.8 0.371496
-214.703 -44.1899 0.387163
-212.577 -43.4019 0.382306
-210.887 -42.986 0.382384
-208.691 -41.7415 0.382652
-206.712 -41.0283 0.37827
-204.528 -40.2525 0.375895
-202.361 -39.4896 0.377412
-200.234 -38.7045 0.382731
-198.212 -37.7413 0.387059
-196.138 -36.8506 0.393076
-193.98 -35.9909 0.39979
-191.834 -35.055 0.404801
-189.794 -34.1715 0.41601
-187.717 -33.3174 0.421558
-185.701 -32.4718 0.421855
-183.654 -31.572 0.42439
-181.58 -30.5868 0.418159
-179.539 -29.9494 0.42866
-177.418 -29.1729 0.435868
-175.573 -27.9493 0.424603
-173.534 -27.1348 0.421979
-171.534 -26.1529 0.418016
-169.307 -25.1875 0.423182
-167.154 -24.1842 0.421535
-165.107 -23.2135 0.419274
-162.931 -22.2971 0.413509
-160.712 -21.3834 0.403434
-158.483 -20.5671 0.395693
-156.275 -19.6973 0.392126
-154.122 -18.8594 0.388638
-151.88 -18.024 0.38435
-149.716 -17.2027 0.378671
-147.606 -16.4059 0.379188
-145.485 -15.6176 0.377577
-143.437 -14.8372 0.377434
-141.533 -14.2104 0.374736
-139.522 -13.4678 0.375753
-137.452 -12.1331 0.37923
-135.411 -11.5384 0.377519
-133.341 -10.585 0.384011
-131.221 -9.73908 0.38935
-129.239 -9.12946 0.387023
-127.178 -8.19071 0.389505
-125.093 -7.36842 0.391275
-123.065 -6.5223 0.392109
-120.939 -5.6429 0.391669
-118.891 -4.88493 0.395607
-116.849 -4.04098 0.401874
-114.744 -3.11063 0.402256
-112.725 -2.25712 0.403831
-110.735 -1.44175 0.406831
-108.68 -0.575952 0.407629
-106.547 0.271305 0.413074
-104.496 1.12808 0.416216
-102.47 2.0198 0.417202
-100.473 2.87303 0.41968
-98.5146 3.73123 0.415047
-96.5237 4.5854 0.40979
-94.5436 5.39894 0.406384
-92.588 6.26089 0.392292
-90.3296 6.99753 0.413958
-88.2864 7.81346 0.415473
-86.5473 8.79122 0.397546
-84.5561 9.65713 0.403596
-82.4518 10.5869 0.406707
-80.3284 11.4436 0.410545
-78.1868 12.2682 0.41789
-76.0523 13.2187 0.422651
-73.9377 14.1678 0.429262
-71.6722 15.1842 0.436617
-69.5703 16.2044 0.441871
-67.3626 17.1862 0.445922
-65.1826 18.2399 0.448973
-62.9826 19.3561 0.450621
-60.8306 20.3962 0.453075
-58.4756 21.4499 0.453253
-56.2623 22.5042 0.452476
-54.122 23.4739 0.451878
-51.9271 24.4991 0.449622
-49.7366 25.5395 0.449563
-47.5588 26.6046 0.452363
-45.3924 27.6211 0.450254
-43.2611 28.6351 0.450229
-41.0738 29.614 0.451207
-38.7984 30.5172 0.451767
-36.8384 31.245 0.402617
-34.5409 32.1903 0.405316
-32.2858 33.1479 0.404495
-30.0217 34.1286 0.404712
-27.7516 35.0305 0.40654
-25.4706 35.9407 0.404983
-23.1877 36.941 0.406509
-20.9505 37.9447 0.405989
-18.5809 38.8047 0.406456
-16.3398 39.7458 0.406347
-14.0676 40.6399 0.409772
-11.8604 41.544 0.412628
-9.71658 42.5354 0.417546
-7.58509 43.4028 0.421435
-5.4184 44.3114 0.424176
-3.34051 45.2346 0.425137
-1.21768 46.1068 0.426298
0.960268 47.0326 0.425449
2.88802 47.8357 0.424679
5.04076 48.7643 0.425512
7.19373 49.6965 0.428689
9.43328 50.6799 0.435264
11.634 51.6696 0.441921
13.7424 52.7131 0.44963
15.901 53.6946 0.454244
18.0615 54.7304 0.466843
20.1336 55.8084 0.476033
22.1436 56.8235 0.482988
24.1659 57.839 0.487499
26.1494 58.8822 0.491962
28.0605 59.8889 0.493153
30.0027 60.8657 0.497516
31.9186 61.8693 0.500648
33.5667 62.6296 0.512762
35.4566 63.7553 0.513583
37.475 64.8868 0.517459
39.4527 65.9995 0.527599
41.4157 67.1777 0.533594
43.4237 68.3846 0.537939
45.3543 69.493 0.538926
47.2498 70.6857 0.544773
49.3078 71.8984 0.542582
51.2891 73.0949 0.542214
53.2292 74.2693 0.546721
55.16 75.4836 0.548201
56.9689 76.579 0.5457
58.9306 77.8262 0.553168
60.8692 78.948 0.550431
62.7157 80.1134 0.54982
64.6338 81.3287 0.548367
66.6885 82.5245 0.555061
68.5862 83.7553 0.559895
70.6241 84.9922 0.568904
72.606 86.2714 0.578291
74.615 87.6045 0.584516
76.4901 88.9207 0.591773
78.3735 90.2179 0.598954
80.2893 91.5501 0.605361
82.1815 92.8494 0.606072
84.0868 94.1804 0.60468
85.921 95.4957 0.60513
87.7499 96.7259 0.605742
89.6466 98.0043 0.601671
91.5251 99.2122 0.596217
93.2388 100.351 0.589396
95.103 101.539 0.581042
96.9146 102.622 0.577752
98.5328 103.701 0.570625
100.19 104.667 0.565105
101.664 105.604 0.557395
103.092 106.484 0.55521
104.458 107.347 0.551505
105.842 108.191 0.551548
107.209 108.991 0.554274
108.615 109.854 0.56403
110.104 110.624 0.574352
111.669 111.509 0.586412
112.791 112.331 0.589895
114.008 113.214 0.59293
115.306 114.076 0.5965
116.584 114.925 0.599799
117.842 115.747 0.600408
119.203 116.622 0.601838
120.444 117.412 0.603234
121.665 118.177 0.602171
122.924 118.968 0.588725
124.094 119.711 0.57589
125.382 120.412 0.558754
126.481 120.992 0.52271
127.628 121.469 0.480349
128.84 121.788 0.430296
130.07 122.12 0.372543
131.182 122.333 0.303407
132.352 122.438 0.225842
133.47 122.335 0.136449
134.639 122.265 0.0442978
135.882 122.134 -0.0600359
136.994 121.798 -0.169599
137.983 121.382 -0.289184
138.905 120.841 -0.407952
139.737 120.208 -0.526657
140.436 119.49 -0.648562
141.08 118.624 -0.770955
141.656 117.763 -0.890775
142.355 116.861 -0.976814
142.921 115.936 -1.03578
143.444 114.849 -1.07707
144.061 113.643 -1.10223
144.631 112.477 -1.11578
145.192 111.271 -1.13191
145.732 110.08 -1.13916
146.282 108.767 -1.14821
146.9 107.374 -1.1513
147.549 106.034 -1.14612
148.227 104.678 -1.14303
148.848 103.234 -1.13756
149.493 101.825 -1.13977
150.129 100.363 -1.13798
150.851 98.7973 -1.13789
151.549 97.2497 -1.13623
152.275 95.7196 -1.13566
153.01 94.1422 -1.1362
153.777 92.5173 -1.13484
154.478 90.8069 -1.13169
155.236 89.1523 -1.13374
156.03 87.4433 -1.13528
156.812 85.7515 -1.13544
157.59 83.9876 -1.13434
158.382 82.2519 -1.13346
159.156 80.4735 -1.13321
159.903 78.6844 -1.13342
160.733 76.835 -1.13163
161.643 75.0473 -1.13072
162.563 73.2952 -1.12584
163.463 71.6201 -1.11872
164.327 69.8954 -1.1171
165.218 68.2143 -1.12058
166.012 66.5003 -1.11858
166.848 64.9141 -1.11826
167.588 63.2434 -1.11391
168.374 61.598 -1.10995
169.161 60.1107 -1.11367
169.891 58.5215 -1.11087
170.611 57.1581 -1.1159
171.345 55.783 -1.12329
171.947 54.3854 -1.12802
172.745 52.949 -1.13331
173.306 51.6567 -1.13696
173.886 50.3528 -1.14003
174.44 49.0029 -1.14435
174.849 47.8678 -1.15137
175.709 46.4357 -1.13721
176.622 44.7868 -1.13425
177.174 43.4074 -1.1436
177.69 42.0311 -1.14761
178.416 40.5982 -1.14682
179.013 39.2326 -1.14353
179.652 37.7667 -1.13928
180.4 36.4084 -1.13432
180.974 34.9256 -1.13176
181.702 33.4575 -1.13176
182.396 31.99 -1.12977
183.041 30.5134 -1.13115
183.659 29.0994 -1.13285
184.269 27.5965 -1.13716
184.878 26.1494 -1.13883
185.66 24.6794 -1.14025
186.233 23.2118 -1.13762
186.851 21.8659 -1.14008
187.293 20.4401 -1.14505
188.252 18.9793 -1.14236
188.87 17.4489 -1.13597
189.485 15.9333 -1.14312
190.174 14.5824 -1.14139
190.775 13.0395 -1.13747
191.423 11.6381 -1.13971
191.957 10.1627 -1.13894
192.549 8.78714 -1.13913
193.084 7.46577 -1.14278
193.74 6.08715 -1.14738
194.322 4.79865 -1.14821
194.821 3.46538 -1.14677
195.371 2.15943 -1.14509
196.221 0.75298 -1.14408
196.727 -0.627658 -1.14271
197.258 -1.89889 -1.14252
197.841 -3.20034 -1.14581
198.374 -4.50769 -1.14495
198.875 -5.71604 -1.14729
199.482 -6.97019 -1.15142
200.037 -8.17428 -1.15863
200.679 -9.47452 -1.16706
201.209 -10.7048 -1.17404
201.749 -11.915 -1.18748
202.298 -13.2312 -1.19796
202.746 -14.4583 -1.21886
203.108 -15.5724 -1.24733
203.323 -16.6338 -1.27941
203.498 -17.5783 -1.31602
203.677 -18.4546 -1.35
203.816 -19.1985 -1.38221
203.874 -19.887 -1.41155
203.921 -20.5574 -1.43665
204.069 -21.1706 -1.46055
204.111 -21.7123 -1.48421
204.091 -22.3245 -1.50826
204.029 -22.8255 -1.53094
204.098 -23.4165 -1.55593
204.082 -23.9387 -1.58029
203.978 -24.4316 -1.60046
203.915 -24.9722 -1.62408
203.806 -25.5894 -1.64246
203.706 -26.2118 -1.66543
203.624 -26.8568 -1.69438
203.489 -27.72 -1.72475
203.376 -28.4814 -1.75179
203.2 -29.342 -1.78102
202.946 -30.2473 -1.81383
202.697 -31.144 -1.84315
202.356 -32.1077 -1.8745
201.952 -33.0482 -1.91065
201.574 -34.0591 -1.94771
201.088 -35.1027 -1.98627
200.528 -36.0947 -2.02576
199.962 -37.1415 -2.06699
199.18 -38.2283 -2.11018
198.355 -39.3421 -2.15528
197.589 -40.4107 -2.20215
196.665 -41.4522 -2.24608
195.761 -42.4863 -2.29044
194.788 -43.5839 -2.33078
193.723 -44.4839 -2.36583
192.625 -45.4647 -2.39234
191.497 -46.4548 -2.41224
190.39 -47.3853 -2.42239
189.311 -48.3946 -2.43488
188.175 -49.2105 -2.43747
187.016 -50.1748 -2.43923
185.793 -51.1577 -2.43641
184.69 -52.0751 -2.43472
183.521 -53.0432 -2.43697
182.219 -54.1189 -2.43264
181.006 -55.1492 -2.43227
179.683 -56.271 -2.42851
178.428 -57.3463 -2.42592
177.092 -58.4404 -2.42529
175.76 -59.5658 -2.42606
174.332 -60.7284 -2.43165
172.94 -61.8669 -2.4351
171.586 -63.0588 -2.43857
170.146 -64.229 -2.44176
168.727 -65.33 -2.44056
167.416 -66.3851 -2.44159
166.085 -67.4653 -2.43899
164.776 -68.5418 -2.43798
163.462 -69.6013 -2.43927
162.188 -70.6303 -2.43881
160.853 -71.7123 -2.43762
159.586 -72.7814 -2.43583
158.308 -73.843 -2.43412
157.084 -74.9011 -2.43313
155.979 -75.843 -2.42866
154.815 -76.8665 -2.42924
153.642 -77.8941 -2.42363
152.499 -78.8666 -2.41725
151.324 -79.8922 -2.41226
150.221 -80.8421 -2.40947
149.215 -81.7701 -2.40861
148.115 -82.6986 -2.40288
147.058 -83.5949 -2.39882
146.106 -84.4844 -2.39371
145.173 -85.288 -2.3874
144.302 -86.1208 -2.38126
143.401 -86.937 -2.37616
142.592 -87.7266 -2.37121
141.736 -88.5839 -2.36519
140.914 -89.3942 -2.35901
140.107 -90.1995 -2.35274
139.307 -90.9948 -2.34719
138.559 -91.8105 -2.34101
137.805 -92.6262 -2.33449
137.101 -93.3221 -2.32696
136.38 -94.1649 -2.32078
135.687 -94.8334 -2.31796
135.025 -95.6025 -2.31026
134.385 -96.3075 -2.30312
133.802 -96.9798 -2.30189
133.132 -97.6688 -2.29533
132.583 -98.3406 -2.28869
131.981 -99.0365 -2.28322
131.462 -99.6765 -2.27686
130.908 -100.349 -2.27149
130.318 -101.033 -2.26759
129.724 -101.73 -2.26794
129.188 -102.366 -2.26161
128.633 -103.01 -2.25666
128.1 -103.606 -2.25374
127.608 -104.268 -2.24971
127.068 -104.903 -2.24317
126.569 -105.528 -2.23808
126.108 -106.143 -2.23406
125.666 -106.809 -2.23001
125.133 -107.409 -2.22989
124.678 -108.035 -2.22281
124.188 -108.639 -2.21603
123.704 -109.306 -2.20931
123.231 -110.013 -2.20152
122.729 -110.714 -2.19113
122.238 -111.483 -2.18135
121.712 -112.256 -2.17331
121.155 -113.134 -2.16489
120.567 -113.914 -2.15788
119.986 -114.775 -2.14878
119.441 -115.638 -2.14025
118.93 -116.503 -2.13365
118.377 -117.484 -2.12733
117.81 -118.377 -2.12117
117.431 -119.338 -2.11131
116.877 -120.252 -2.1022
116.372 -121.123 -2.09805
115.843 -122.06 -2.09074
115.291 -123.015 -2.08245
114.787 -123.942 -2.07367
114.267 -124.898 -2.06668
113.775 -125.826 -2.0578
113.269 -126.813 -2.05404
112.753 -127.814 -2.05093
112.224 -128.869 -2.0464
111.712 -129.92 -2.04186
111.148 -131 -2.03789
110.612 -132.125 -2.03093
110.101 -133.217 -2.02591
109.529 -134.393 -2.01832
109.01 -135.543 -2.01118
108.435 -136.738 -2.00621
107.941 -137.843 -2.0003
107.433 -139.013 -1.99721
106.921 -140.18 -1.99368
106.45 -141.336 -1.99208
105.905 -142.495 -1.99035
105.391 -143.668 -1.98671
104.985 -144.728 -1.97633
104.517 -145.694 -1.97653
104.145 -146.666 -1.97452
103.759 -147.506 -1.97303
103.436 -148.321 -1.97064
103.122 -149.078 -1.97003
102.833 -149.85 -1.96658
102.564 -150.58 -1.96523
102.238 -151.28 -1.959
101.895 -152.009 -1.95291
101.692 -152.744 -1.94938
101.409 -153.559 -1.94295
101.117 -154.217 -1.93499
100.816 -154.908 -1.92957
100.59 -155.602 -1.92222
100.38 -156.289 -1.91362
100.15 -156.931 -1.90897
99.9893 -157.576 -1.90308
99.8105 -158.265 -1.89743
99.6197 -158.931 -1.89378
99.4262 -159.569 -1.88804
99.2525 -160.17 -1.88667
99.0979 -160.757 -1.8861
98.9305 -161.319 -1.88397
98.7575 -161.917 -1.87931
98.5718 -162.494 -1.87675
98.4189 -163.066 -1.87349
98.2351 -163.647 -1.87018
98.0647 -164.203 -1.86637
97.9818 -164.776 -1.86195
97.7962 -165.413 -1.85677
97.6538 -166.045 -1.85392
97.5075 -166.664 -1.847
97.2989 -167.357 -1.8419
97.1119 -168.135 -1.83508
96.9426 -168.943 -1.82731
96.8272 -169.766 -1.82075
96.6759 -170.645 -1.81419
96.4573 -171.57 -1.80775
96.3417 -172.474 -1.80058
96.1746 -173.303 -1.79725
95.894 -174.242 -1.79336
95.7485 -175.301 -1.78557
95.5548 -176.424 -1.78158
95.3979 -177.451 -1.77472
95.2452 -178.476 -1.76798
95.184 -179.38 -1.75874
94.9886 -180.392 -1.74963
94.7946 -181.377 -1.73931
94.685 -182.471 -1.7273
94.6056 -183.439 -1.72381
94.4758 -184.474 -1.72053
94.3461 -185.369 -1.71605
94.2343 -186.337 -1.71395
94.094 -187.281 -1.71007
93.9739 -188.308 -1.7052
93.9093 -189.279 -1.70402
93.8211 -190.273 -1.70132
93.7651 -191.221 -1.70442
93.5694 -192.251 -1.70646
93.4562 -193.308 -1.70941
93.2889 -194.338 -1.71035
93.0246 -195.409 -1.71601
92.8267 -196.431 -1.71969
92.6494 -197.441 -1.72428
92.4845 -198.384 -1.72973
92.2714 -199.387 -1.73454
92.1242 -200.311 -1.74269
91.9636 -201.284 -1.74785
91.7506 -202.231 -1.74974
91.5136 -203.143 -1.7498
91.3476 -204.086 -1.75369
91.1958 -204.992 -1.75315
91.0413 -205.917 -1.75192
90.9029 -206.81 -1.74638
90.6842 -207.763 -1.73835
90.5386 -208.64 -1.73156
90.3563 -209.56 -1.72095
90.2834 -210.45 -1.71187
90.1447 -211.259 -1.69937
90.0408 -212.192 -1.68921
89.9648 -213.109 -1.67684
89.8701 -214.051 -1.66458
89.7821 -215.038 -1.65094
89.6975 -216.064 -1.63756
89.6254 -217.096 -1.62324
89.5765 -218.133 -1.60804
89.5365 -219.302 -1.59517
89.5442 -220.308 -1.58564
89.5229 -221.389 -1.57795
89.5358 -222.427 -1.57393
89.5594 -223.502 -1.57061
89.6214 -224.552 -1.56663
89.6428 -225.59 -1.55809
89.6989 -226.507 -1.55725
89.7692 -227.539 -1.55633
89.8837 -228.457 -1.55427
89.9153 -229.408 -1.55445
89.9895 -230.384 -1.55491
90.036 -231.424 -1.55896
89.9932 -232.39 -1.56216
90.0603 -233.468 -1.56399
90.0864 -234.558 -1.5579
90.1391 -235.759 -1.54603
90.2098 -237 -1.52743
90.2621 -238.39 -1.50017
90.4354 -239.641 -1.4826
90.6097 -241.087 -1.46222
90.8077 -242.513 -1.44881
91.0852 -243.998 -1.43747
91.2932 -245.574 -1.43026
91.5314 -247.221 -1.42151
91.8953 -248.792 -1.41576
92.1607 -250.475 -1.41298
92.4487 -252.161 -1.40462
92.7673 -253.925 -1.39602
93.107 -255.593 -1.38764
93.4395 -257.38 -1.37842
93.764 -259.198 -1.36634
94.1965 -260.849 -1.35978
94.6598 -262.699 -1.34955
95.1274 -264.424 -1.33814
95.5566 -266.17 -1.32877
96.0326 -267.894 -1.32266
96.5302 -269.664 -1.31585
97.0168 -271.394 -1.30703
97.4756 -273.198 -1.29858
97.9566 -274.898 -1.29114
98.4535 -276.608 -1.28306
98.989 -278.318 -1.27391
99.565 -280.102 -1.25986
100.119 -281.821 -1.24917
100.694 -283.562 -1.23532
101.362 -285.369 -1.2157
102.068 -287.124 -1.19819
102.854 -288.784 -1.18063
103.598 -290.455 -1.16702
104.388 -292.296 -1.14673
105.217 -294.039 -1.12476
106.069 -295.713 -1.10568
106.957 -297.545 -1.0897
107.962 -299.175 -1.08063
108.832 -300.861 -1.06714
109.759 -302.491 -1.05302
110.665 -304.002 -1.0381
111.633 -305.46 -1.02388
112.568 -306.961 -1.01275
113.523 -308.35 -1.00469
114.375 -309.759 -0.99535
115.211 -311.147 -0.982841
116.096 -312.418 -0.973012
116.951 -313.681 -0.960532
117.779 -314.914 -0.946099
118.638 -316.172 -0.937571
119.528 -317.435 -0.932142
120.424 -318.675 -0.922787
121.341 -319.875 -0.917577
122.196 -321.073 -0.912571
123.13 -322.269 -0.909054
124.053 -323.312 -0.912253
124.927 -324.393 -0.915969
125.814 -325.529 -0.917262
126.694 -326.761 -0.919474
127.621 -327.97 -0.921806
128.509 -329.231 -0.92724
129.331 -330.386 -0.929371
130.175 -331.68 -0.942079
131.03 -332.846 -0.955167
131.853 -334.195 -0.973859
132.674 -335.588 -0.999689
133.423 -336.965 -1.0242
134.16 -338.366 -1.05718
134.928 -339.778 -1.08892
135.564 -341.185 -1.12057
136.124 -342.655 -1.15045
136.708 -344.077 -1.18274
137.251 -345.64 -1.2095
137.725 -347.099 -1.23108
138.231 -348.573 -1.25697
138.629 -350.143 -1.27756
138.99 -351.666 -1.2991
139.37 -353.208 -1.3271
139.688 -354.748 -1.35636
139.922 -356.275 -1.38342
140.131 -357.707 -1.41958
140.267 -359.222 -1.45537
140.331 -360.704 -1.48691
140.372 -362.1 -1.52076
140.32 -363.623 -1.55601
140.328 -365.032 -1.58847
140.227 -366.434 -1.62809
140.074 -367.89 -1.66297
139.912 -369.282 -1.69543
139.638 -370.641 -1.73095
139.363 -372.084 -1.76644
139.03 -373.405 -1.80965
138.586 -374.615 -1.85158
138.09 -375.957 -1.89279
137.592 -377.312 -1.94039
137.027 -378.692 -1.98164
136.384 -379.889 -2.03164
135.55 -381.107 -2.07581
134.788 -382.335 -2.12721
133.925 -383.55 -2.18105
133.001 -384.743 -2.23259
132.05 -385.865 -2.28688
130.955 -386.953 -2.33938
129.838 -387.977 -2.38295
128.654 -389.015 -2.41302
127.461 -390.056 -2.43725
126.244 -391.08 -2.45373
124.98 -392.082 -2.46345
123.651 -393.084 -2.46867
122.291 -394.173 -2.46904
120.901 -395.252 -2.46763
119.532 -396.288 -2.46568
118.262 -397.518 -2.46499
116.841 -398.758 -2.4555
115.457 -399.961 -2.45282
113.97 -401.085 -2.44891
112.594 -402.306 -2.44639
111.188 -403.463 -2.4455
109.724 -404.498 -2.4453
108.341 -405.719 -2.45177
106.884 -406.884 -2.45089
105.385 -408.267 -2.44929
103.929 -409.602 -2.44714
102.475 -410.915 -2.44911
100.974 -412.17 -2.4466
99.5489 -413.465 -2.45276
98.1404 -414.732 -2.45399
96.7039 -415.942 -2.45444
95.2874 -417.118 -2.45267
93.8801 -418.323 -2.44924
92.497 -419.497 -2.44805
91.0845 -420.681 -2.44748
89.6513 -421.849 -2.44741
88.2565 -423.079 -2.44665
86.8983 -424.286 -2.44311
85.5036 -425.441 -2.44177
84.1746 -426.65 -2.44304
82.8574 -427.762 -2.43968
81.5817 -428.898 -2.43964
80.3347 -430 -2.4371
79.0735 -431.051 -2.43517
77.8077 -432.121 -2.43392
76.5404 -433.187 -2.4329
75.353 -434.2 -2.43034
74.2492 -435.199 -2.43301
73.0981 -436.213 -2.43405
71.9475 -437.23 -2.43482
70.8655 -438.146 -2.43457
69.7347 -439.031 -2.43259
68.6276 -439.952 -2.43258
67.6425 -440.791 -2.43058
66.6581 -441.574 -2.43033
65.7518 -442.34 -2.42794
64.9114 -443.034 -2.42862
64.0611 -443.723 -2.42943
63.2181 -444.473 -2.42631
62.4222 -445.187 -2.42724
61.6147 -445.959 -2.42551
60.8004 -446.631 -2.42396
60.065 -447.296 -2.42516
59.3728 -447.921 -2.42435
58.712 -448.435 -2.42332
58.1613 -448.953 -2.41744
57.7068 -449.37 -2.41604
57.3391 -449.729 -2.41617
57.073 -450.014 -2.41318
56.7828 -450.255 -2.41177
56.5781 -450.486 -2.41015
56.3635 -450.655 -2.40852
56.112 -450.895 -2.40889
55.9362 -451.097 -2.40704
55.7634 -451.297 -2.40338
55.6062 -451.489 -2.3998
55.3855 -451.693 -2.39887
55.1719 -451.927 -2.39838
54.9948 -452.174 -2.39572
54.784 -452.455 -2.39241
54.5098 -452.772 -2.3913
54.2244 -453.064 -2.38934
53.8776 -453.463 -2.3874
53.4305 -453.85 -2.3866
53.0103 -454.243 -2.38573
52.5395 -454.793 -2.3848
52.0641 -455.308 -2.38405
51.533 -455.798 -2.38176
51.0286 -456.314 -2.37978
50.4843 -456.83 -2.37807
49.9163 -457.295 -2.38189
49.2645 -457.836 -2.38341
48.6569 -458.387 -2.38745
48.0672 -458.902 -2.38991
47.4622 -459.383 -2.39052
46.9152 -459.86 -2.39337
46.337 -460.338 -2.39751
45.8652 -460.821 -2.40139
45.3129 -461.213 -2.40566
44.7673 -461.64 -2.40709
44.1907 -462.109 -2.4095
43.7262 -462.515 -2.41272
43.1314 -462.944 -2.40788
42.6152 -463.506 -2.41031
42.1199 -464.076 -2.41262
41.5562 -464.532 -2.41454
40.9626 -464.882 -2.4181
40.337 -465.31 -2.42082
39.7147 -465.702 -2.42251
39.1166 -466.13 -2.42405
38.4894 -466.649 -2.42247
37.8833 -467.176 -2.42623
37.2092 -467.731 -2.42889
36.4901 -468.325 -2.42939
35.7613 -468.918 -2.43
35.0158 -469.514 -2.43289
34.3016 -470.158 -2.43501
33.4301 -470.649 -2.43814
32.6568 -471.384 -2.43875
31.8181 -472.009 -2.4384
30.9833 -472.748 -2.44043
30.1421 -473.377 -2.4388
29.161 -474.174 -2.44151
28.2262 -474.921 -2.44316
27.2956 -475.773 -2.44254
26.2636 -476.603 -2.44365
25.2355 -477.523 -2.44403
24.143 -478.356 -2.44554
23.0568 -479.292 -2.44579
21.91 -480.212 -2.44494
20.7861 -481.203 -2.44437
19.6117 -482.186 -2.44502
18.436 -483.197 -2.44702
17.2584 -484.22 -2.45002
15.9751 -485.197 -2.44891
14.6317 -486.191 -2.44975
13.3562 -487.289 -2.44886
12.1079 -488.396 -2.44926
10.802 -489.508 -2.44902
9.48728 -490.55 -2.44721
8.20827 -491.504 -2.44148
6.89524 -492.66 -2.44203
5.8431 -493.75 -2.43439
4.50049 -495.007 -2.43488
2.99038 -496.317 -2.43285
1.57204 -497.63 -2.43388
0.0475035 -498.978 -2.43282
-1.47588 -500.37 -2.43552
-3.07201 -501.715 -2.43348
-4.69302 -503.086 -2.43077
-6.17268 -504.482 -2.42875
-7.79618 -505.963 -2.42299
-9.41614 -507.427 -2.42133
-11.118 -508.973 -2.42134
-12.8769 -510.567 -2.42049
-14.5734 -512.111 -2.41677
-16.4486 -513.813 -2.41671
-18.1994 -515.443 -2.41285
-20.069 -517.071 -2.41256
-21.9088 -518.727 -2.41106
-23.7644 -520.37 -2.40853
-25.6658 -522.124 -2.40763
-27.5601 -523.865 -2.40609
-29.4705 -525.589 -2.40446
-31.3912 -527.396 -2.40884
-33.1656 -529.07 -2.40982
-35.0819 -530.771 -2.41722
-37.0492 -532.444 -2.41947
-38.9621 -534.15 -2.42347
-40.8582 -535.791 -2.42579
-42.7427 -537.47 -2.42626
-44.7138 -539.136 -2.42887
-46.6674 -540.739 -2.42873
-48.5389 -542.318 -2.43053
-50.4113 -543.923 -2.43242
-52.299 -545.545 -2.43356
-54.1952 -547.134 -2.43036
-56.002 -548.663 -2.43052
-57.8539 -550.33 -2.42906
-59.7683 -551.964 -2.42609
-61.6106 -553.587 -2.42516
-63.3523 -555.085 -2.42474
-65.1693 -556.665 -2.42331
-66.9839 -558.282 -2.42346
-68.707 -559.783 -2.41974
-70.0833 -560.996 -2.41795
-71.6816 -562.442 -2.42075
-73.1215 -563.808 -2.41807
-74.6492 -565.114 -2.4195
-76.1991 -566.468 -2.42475
-77.5811 -567.709 -2.42438
-78.9734 -568.913 -2.42184
-80.3682 -570.142 -2.42511
-81.6715 -571.284 -2.42529
-82.966 -572.448 -2.42309
-84.2086 -573.532 -2.42173
-85.4286 -574.664 -2.42315
-86.6884 -575.718 -2.42026
-87.9432 -576.826 -2.41936
-89.1911 -577.922 -2.42072
-90.5306 -579.082 -2.42157
-91.7467 -580.177 -2.41708
-93.0279 -581.273 -2.4208
-94.3533 -582.383 -2.41888
-95.6122 -583.561 -2.4186
-96.8989 -584.75 -2.41791
-98.2362 -585.961 -2.41808
-99.6268 -587.122 -2.41719
-100.922 -588.419 -2.41698
-102.24 -589.668 -2.41725
-103.57 -590.903 -2.4176
-104.979 -592.07 -2.42238
-106.342 -593.23 -2.42666
-107.52 -594.405 -2.43427
-108.914 -595.517 -2.43486
-110.369 -596.654 -2.43991
-112.005 -597.883 -2.43676
-113.21 -599.122 -2.44064
-114.578 -600.229 -2.45095
-116.073 -601.479 -2.45411
-117.606 -602.744 -2.46344
-119.089 -603.999 -2.47912
-120.594 -605.115 -2.50035
-122.109 -606.18 -2.52599
-123.771 -607.262 -2.54025
-125.392 -608.45 -2.56559
-126.98 -609.414 -2.58515
-128.663 -610.405 -2.60728
-130.413 -611.377 -2.63225
-132.157 -612.279 -2.65365
-133.926 -613.123 -2.67901
-135.844 -613.872 -2.70036
-137.733 -614.655 -2.72737
-139.62 -615.395 -2.75657
-141.597 -616.081 -2.78389
-143.587 -616.658 -2.80948
-145.735 -617.167 -2.83822
-147.737 -617.681 -2.86666
-149.869 -618.131 -2.88815
-152.027 -618.632 -2.91043
-154.248 -619.066 -2.92886
-156.501 -619.473 -2.95416
-158.709 -619.835 -2.97722
-161.012 -619.97 -2.99654
-163.279 -620.171 -3.01798
-165.433 -620.368 -3.04016
-167.654 -620.488 -3.05843
-169.824 -620.601 -3.08234
-171.948 -620.717 -3.10322
-174.147 -620.736 -3.12245
-176.278 -620.722 -3.13991
-178.438 -620.69 3.12642
-180.561 -620.512 3.10649
-182.743 -620.324 3.08931
-184.8 -620.161 3.07253
-186.882 -619.903 3.05097
-188.983 -619.61 3.0335
-191.002 -619.254 3.01394
-192.977 -618.839 2.9802
-195.062 -618.407 2.95879
-197.045 -617.965 2.93855
-199.041 -617.473 2.92
-201.071 -616.905 2.89973
-203.116 -616.261 2.87941
-205.104 -615.629 2.8504
-207.012 -614.911 2.82404
-208.961 -614.139 2.79672
-210.903 -613.389 2.76634
-212.822 -612.582 2.7413
-214.693 -611.687 2.72238
-216.658 -610.835 2.69897
-218.551 -609.865 2.68039
-220.409 -608.904 2.66018
-222.234 -607.907 2.63799
-224.077 -606.914 2.61749
-225.832 -605.882 2.59845
-227.506 -604.884 2.5768
-229.234 -603.805 2.55745
-230.907 -602.619 2.53567
-232.406 -601.484 2.5133
-233.902 -600.348 2.49662
-235.266 -599.286 2.48343
-236.484 -598.285 2.47118
-237.651 -597.327 2.46238
-238.752 -596.408 2.45332
-239.768 -595.569 2.44376
-240.686 -594.681 2.43957
-241.626 -593.887 2.43062
-242.581 -593.07 2.42467
-243.584 -592.145 2.41589
-244.483 -591.279 2.40843
-245.363 -590.393 2.40581
-246.34 -589.495 2.40401
-247.414 -588.612 2.40506
-248.434 -587.656 2.40663
-249.501 -586.732 2.40649
-250.61 -585.71 2.40674
-251.69 -584.713 2.4066
-252.862 -583.653 2.40527
-254.085 -582.611 2.4089
-255.368 -581.455 2.41083
-256.584 -580.376 2.41332
-257.85 -579.257 2.41614
-259.187 -578.113 2.4157
-260.578 -576.843 2.41707
-261.97 -575.628 2.41668
-263.494 -574.206 2.42072
-264.953 -572.904 2.42173
-266.558 -571.523 2.42355
-268.207 -570.066 2.42481
-269.816 -568.644 2.42458
-271.495 -567.249 2.42665
-273.163 -565.697 2.41958
-274.802 -564.177 2.41533
-276.407 -562.71 2.41298
-278.102 -561.176 2.40912
-279.73 -559.649 2.4144
-281.455 -558.153 2.41366
-283.174 -556.612 2.41748
-284.966 -555.031 2.41833
-286.794 -553.458 2.4208
-288.621 -551.932 2.41905
-290.447 -550.394 2.42346
-292.307 -548.817 2.42753
-294.221 -547.251 2.42497
-296.143 -545.598 2.42585
-297.966 -543.945 2.42632
-299.825 -542.318 2.42651
-301.751 -540.633 2.42546
-303.596 -538.954 2.42847
-305.425 -537.229 2.43135
-307.305 -535.557 2.43186
-309.18 -533.878 2.4307
-311.046 -532.166 2.4314
-312.958 -530.555 2.43276
-314.742 -528.975 2.4364
-316.594 -527.359 2.43764
-318.431 -525.826 2.43953
-320.242 -524.313 2.44345
-322.017 -522.777 2.44743
-323.702 -521.355 2.4505
-325.366 -519.957 2.44996
-326.942 -518.559 2.4534
-328.607 -517.094 2.44866
-330.156 -515.785 2.45069
-331.482 -514.638 2.45383
-332.837 -513.494 2.45353
-333.972 -512.462 2.45156
-334.972 -511.66 2.44976
-336.094 -510.52 2.44669
-336.981 -509.733 2.47147
-338.065 -508.752 2.46823
-339.309 -507.731 2.46693
-340.452 -506.926 2.46076
-341.42 -506.009 2.45755
-342.353 -505.193 2.4381
-343.283 -504.283 2.42157
-344.339 -503.432 2.39224
-345.197 -502.432 2.35712
-345.932 -501.411 2.31182
-346.693 -500.383 2.26251
-347.435 -499.527 2.21007
-348.025 -498.498 2.15778
-348.504 -497.52 2.10477
-348.972 -496.404 2.03926
-349.43 -495.389 1.96662
-349.63 -494.319 1.88898
-349.81 -493.177 1.81069
-349.94 -492.061 1.72215
-349.803 -490.887 1.63391
-349.605 -489.638 1.5451
-349.379 -488.476 1.45255
-348.994 -487.269 1.35782
-348.599 -486.187 1.26504
-348.04 -485.128 1.17854
-347.406 -484.344 1.11551
-346.85 -483.303 1.06293
-346.115 -482.283 1.01859
-345.418 -481.396 0.983844
-344.57 -480.282 0.960024
-343.809 -479.503 0.957465
-343.161 -478.137 0.966183
-342.358 -476.98 0.964161
-341.434 -475.67 0.960577
-340.471 -474.38 0.963753
-339.517 -472.99 0.964704
-338.522 -471.67 0.966438
-337.494 -470.178 0.967523
-336.507 -468.644 0.965079
-335.433 -467.099 0.964217
-334.372 -465.53 0.961033
-333.19 -463.919 0.958593
-332.057 -462.277 0.958913
-330.894 -460.574 0.956734
-329.668 -458.841 0.958676
-328.475 -457.132 0.961022
-327.275 -455.22 0.960689
-326.004 -453.433 0.963109
-324.73 -451.672 0.961181
-323.469 -449.779 0.961745
-322.133 -447.862 0.963827
-320.841 -445.925 0.967634
-319.468 -443.962 0.969844
-318.129 -442.032 0.968172
-316.805 -440.162 0.967367
-315.42 -438.169 0.968834
-314.045 -436.153 0.970022
-312.611 -434.167 0.969072
-311.236 -432.135 0.970639
-309.441 -429.359 0.920717
-307.895 -427.273 0.907929
-306.31 -425.32 0.908487
-304.717 -423.308 0.907001
-303.207 -421.251 0.903296
-301.624 -419.251 0.900678
-300.026 -417.265 0.90109
-298.403 -415.25 0.900958
-296.765 -413.266 0.900694
-295.198 -411.322 0.899625
-293.601 -409.324 0.902974
-292.028 -407.35 0.907223
-290.463 -405.358 0.909872
-288.901 -403.308 0.911281
-287.392 -401.297 0.910691
-285.829 -399.273 0.910501
-284.292 -397.297 0.909957
-282.737 -395.29 0.909184
-281.247 -393.32 0.907364
-279.706 -391.392 0.91187
-278.145 -389.431 0.908974
-276.672 -387.471 0.911099
-275.178 -385.567 0.913082
-273.624 -383.64 0.912593
-272.2 -381.715 0.91617
-270.708 -379.708 0.916216
-269.258 -377.774 0.917369
-267.793 -375.823 0.917422
-266.309 -373.914 0.916084
-264.856 -372.024 0.913864
-263.377 -370.132 0.911982
-261.85 -368.238 0.917377
-260.385 -366.278 0.917745
-258.985 -364.403 0.91995
-257.568 -362.528 0.921541
-256.132 -360.577 0.921179
-254.694 -358.685 0.921452
-253.266 -356.775 0.918613
-251.72 -354.753 0.919385
-250.263 -352.804 0.918812
-248.805 -350.887 0.917694
-247.322 -349.03 0.919308
-245.826 -347.101 0.919386
-244.339 -345.105 0.919218
-242.862 -343.136 0.915681
-241.461 -341.291 0.912368
-240.043 -339.443 0.915255
-238.542 -337.534 0.916683
-237.057 -335.664 0.918904
-235.558 -333.69 0.917342
-234.119 -331.862 0.918733
-232.661 -329.963 0.921056
-231.258 -328.136 0.923943
-229.841 -326.264 0.925314
-228.512 -324.45 0.928553
-227.147 -322.646 0.926131
-225.774 -320.857 0.922417
-224.497 -319.132 0.917296
-223.261 -317.588 0.906831
-222.031 -316.15 0.886982
-220.799 -314.759 0.866548
-219.597 -313.516 0.834637
-218.416 -312.329 0.792567
-217.271 -311.273 0.74546
-215.993 -310.27 0.688989
-214.727 -309.404 0.630107
-213.389 -308.614 0.559876
-212.035 -308.025 0.481738
-210.641 -307.518 0.397253
-209.275 -307.183 0.306873
-207.79 -307.05 0.214223
-206.375 -307.009 0.11649
-205.035 -307.122 0.0156816
-203.647 -307.356 -0.0849189
-202.275 -307.667 -0.178337
-200.877 -308.173 -0.253027
-199.53 -308.694 -0.318318
-198.138 -309.299 -0.362092
-196.744 -309.947 -0.398868
-195.317 -310.65 -0.433612
-193.812 -311.411 -0.464141
-192.385 -312.254 -0.489322
-190.889 -313.153 -0.513251
-189.436 -314.025 -0.53436
-188.004 -315.007 -0.549537
-186.486 -315.978 -0.561598
-184.887 -316.979 -0.570009
-183.387 -318.062 -0.579517
-181.768 -319.114 -0.589369
-180.181 -320.172 -0.596248
-178.589 -321.309 -0.596972
-176.981 -322.4 -0.592879
-175.344 -323.536 -0.587832
-173.739 -324.617 -0.583124
-172.13 -325.663 -0.571605
-170.509 -326.632 -0.560985
-168.928 -327.6 -0.548431
-167.439 -328.534 -0.531366
-165.945 -329.322 -0.51496
-164.521 -330.069 -0.498518
-163.148 -330.797 -0.479959
-161.805 -331.412 -0.455066
-160.467 -332.043 -0.430854
-159.176 -332.593 -0.398305
-157.868 -333.095 -0.355778
-156.561 -333.415 -0.315008
-155.149 -333.805 -0.272875
-153.794 -334.07 -0.231247
-152.354 -334.323 -0.192206
-151.019 -334.542 -0.159932
-149.702 -334.651 -0.135454
-148.381 -334.759 -0.12207
-147.093 -334.912 -0.124707
-145.877 -335.136 -0.136624
-144.57 -335.31 -0.153632
-143.358 -335.548 -0.174756
-142.152 -335.814 -0.211148
-141.001 -336.129 -0.253956
-139.876 -336.542 -0.294816
-138.769 -336.969 -0.341498
-137.693 -337.412 -0.382996
-136.607 -337.974 -0.423618
-135.523 -338.446 -0.462222
-134.426 -339.089 -0.498518
-133.395 -339.769 -0.529586
-132.355 -340.43 -0.556164
-131.27 -341.205 -0.569955
-130.195 -341.925 -0.578924
-129.075 -342.722 -0.589309
-127.946 -343.507 -0.599617
-126.823 -344.306 -0.603698
-125.658 -345.045 -0.605278
-124.447 -345.856 -0.608414
-123.174 -346.695 -0.611784
-121.974 -347.561 -0.61514
-120.761 -348.437 -0.611469
-119.424 -349.305 -0.604256
-118.16 -350.22 -0.601355
-116.897 -351.065 -0.59948
-115.598 -352.032 -0.592534
-114.24 -352.894 -0.58651
-112.971 -353.787 -0.586264
-111.625 -354.608 -0.584141
-110.29 -355.475 -0.577965
-109.002 -356.24 -0.574697
-107.658 -357.07 -0.572249
-106.393 -357.925 -0.568893
-105.142 -358.73 -0.565432
-103.842 -359.521 -0.562551
-102.636 -360.251 -0.564501
-101.379 -361.016 -0.564379
-100.105 -361.804 -0.564232
-98.8439 -362.589 -0.564987
-97.6134 -363.378 -0.561331
-96.3768 -364.164 -0.55904
-95.2114 -364.918 -0.557064
-93.9782 -365.674 -0.554498
-92.6859 -366.404 -0.554268
-91.444 -367.172 -0.553
-90.1739 -367.938 -0.554868
-88.8975 -368.691 -0.555116
-87.6548 -369.471 -0.553743
-86.3964 -370.226 -0.552551
-85.1678 -370.923 -0.552061
-83.9089 -371.673 -0.551843
-82.7221 -372.379 -0.548513
-81.4862 -373.101 -0.549133
-80.3309 -373.822 -0.551253
-79.1373 -374.482 -0.552672
-78.015 -375.164 -0.555564
-76.9888 -375.749 -0.556927
-76.0642 -376.307 -0.557924
-75.1288 -376.872 -0.560437
-74.3544 -377.387 -0.562432
-73.534 -377.892 -0.563967
-72.7714 -378.415 -0.566015
-71.9903 -378.814 -0.568042
-71.2555 -379.345 -0.567189
-70.5368 -379.766 -0.5678
-69.798 -380.224 -0.568022
-68.9917 -380.693 -0.56888
-68.1609 -381.228 -0.569797
-67.3589 -381.752 -0.574222
-66.4995 -382.302 -0.577059
-65.5467 -382.864 -0.578209
-64.629 -383.467 -0.580213
-63.6081 -384.104 -0.58598
-62.6638 -384.751 -0.588794
-61.6138 -385.429 -0.58848
-60.539 -386.168 -0.589744
-59.3911 -386.876 -0.589614
-58.3111 -387.572 -0.59287
-57.1616 -388.372 -0.59554
-56.0403 -389.125 -0.59687
-54.8392 -389.957 -0.595357
-53.7166 -390.84 -0.594793
-52.6054 -391.623 -0.595586
-51.3777 -392.429 -0.593906
-50.2135 -393.265 -0.594864
-49.0149 -394.05 -0.595325
-47.8343 -394.844 -0.591535
-46.6771 -395.627 -0.588458
-45.5163 -396.481 -0.585512
-44.221 -397.323 -0.58091
-42.9506 -398.107 -0.574828
-41.6082 -398.988 -0.567024
-40.2799 -399.831 -0.560355
-39.03 -400.639 -0.551855
-37.7498 -401.394 -0.543131
-36.3648 -402.219 -0.534388
-35.035 -403.035 -0.525254
-33.7694 -403.747 -0.516125
-32.4419 -404.501 -0.503112
-31.0509 -405.198 -0.489403
-29.6896 -405.886 -0.473959
-28.3016 -406.562 -0.456754
-26.9374 -407.232 -0.446975
-25.5748 -407.81 -0.43188
-24.2073 -408.394 -0.41758
-22.802 -408.932 -0.404814
-21.4053 -409.494 -0.392426
-19.9959 -410.039 -0.378625
-18.6563 -410.566 -0.368828
-17.3193 -411.029 -0.356261
-15.9603 -411.491 -0.344098
-14.6367 -411.944 -0.328964
-13.2744 -412.394 -0.308063
-11.8824 -412.801 -0.291164
-10.5392 -413.158 -0.271466
-9.17844 -413.435 -0.25059
-7.89921 -413.721 -0.228797
-6.59675 -413.976 -0.20793
-5.37096 -414.201 -0.187314
-4.21299 -414.372 -0.163708
-3.08186 -414.549 -0.13651
-2.04031 -414.646 -0.108792
-0.925889 -414.757 -0.0792154
0.142402 -414.772 -0.0492241
1.19947 -414.737 -0.0185768
2.28288 -414.733 0.0186671
3.30259 -414.595 0.0617782
4.46543 -414.446 0.117264
5.56653 -414.153 0.180554
6.76624 -413.812 0.256265
7.93126 -413.329 0.33523
9.1122 -412.716 0.410225
10.3212 -411.957 0.486113
11.5605 -411.19 0.551886
12.7483 -410.268 0.615619
13.9435 -409.332 0.682168
15.0301 -408.198 0.740419
16.1677 -406.896 0.790179
17.239 -405.543 0.837874
18.323 -404.194 0.88035
19.3839 -402.797 0.921562
20.4463 -401.305 0.944875
21.5183 -399.797 0.964219
22.5521 -398.208 0.977239
23.4966 -396.488 0.977197
24.6344 -394.864 0.979473
25.7248 -393.26 0.981568
26.8668 -391.539 0.98294
27.9454 -389.792 0.983352
29.0468 -388.116 0.97898
30.2747 -386.256 0.975933
31.5135 -384.35 0.976971
32.7232 -382.571 0.971513
34.011 -380.725 0.968602
35.3438 -378.805 0.965242
36.7086 -376.91 0.965121
38.0548 -374.889 0.967045
39.5037 -372.93 0.971581
40.8297 -370.922 0.969873
42.1975 -368.866 0.974131
43.5715 -366.83 0.974681
45.033 -364.797 0.974717
46.3105 -362.778 0.978378
47.6394 -360.877 0.983734
48.9545 -358.806 0.988554
50.3044 -356.807 0.98705
51.6116 -354.776 0.989604
52.979 -352.686 0.988492
54.3655 -350.663 0.991215
55.6757 -348.543 0.992236
56.9847 -346.55 0.991943
58.4336 -344.483 0.993548
59.7731 -342.431 0.996082
61.1123 -340.337 0.998361
62.4867 -338.296 1.00111
63.7517 -336.209 1.00175
65.0086 -334.16 0.999122
66.3911 -332.132 0.996928
67.7279 -330.174 0.997435
69.0223 -328.126 0.99673
70.3267 -326.205 0.997328
71.6749 -324.206 0.997196
72.9372 -322.219 0.996201
74.2544 -320.248 0.993503
75.5838 -318.437 0.991822
76.8881 -316.528 0.992145
78.1187 -314.68 0.99149
79.4065 -312.667 0.992606
80.6184 -310.766 0.996446
81.8565 -308.892 0.993618
83.0899 -306.995 0.998993
84.2602 -305.128 0.999959
85.4576 -303.238 1.00396
86.6072 -301.407 1.00918
87.6848 -299.525 1.01208
88.7771 -297.683 1.01894
89.9381 -295.921 1.02454
90.9724 -294.1 1.02599
92.0261 -292.46 1.03161
92.9379 -290.799 1.03785
93.8625 -289.274 1.05
94.6179 -287.836 1.07361
95.2771 -286.429 1.10481
95.8849 -285.078 1.14246
96.3642 -283.718 1.18227
96.8565 -282.369 1.2349
97.169 -280.983 1.28254
97.4231 -279.657 1.32784
97.801 -278.355 1.36753
97.9004 -276.994 1.40782
98.1374 -275.613 1.45501
98.151 -274.307 1.50345
98.0913 -272.833 1.56424
97.911 -271.358 1.62418
97.6849 -269.892 1.68387
97.3319 -268.375 1.74421
96.9151 -266.879 1.80173
96.3954 -265.393 1.86057
95.8319 -263.84 1.9108
95.2027 -262.303 1.96436
94.4375 -260.786 2.01722
93.5948 -259.312 2.07031
92.6611 -257.858 2.12419
91.6089 -256.422 2.17343
90.5058 -254.979 2.21809
89.3519 -253.495 2.25653
88.0293 -252.142 2.28717
86.7018 -250.739 2.31734
85.3385 -249.43 2.34549
83.9059 -248.062 2.37241
82.3717 -246.711 2.3904
80.8363 -245.283 2.40126
79.3112 -243.833 2.41309
77.7458 -242.476 2.42854
76.0267 -241.114 2.4496
74.3179 -239.768 2.46883
72.5146 -238.407 2.48602
70.676 -237.1 2.50139
68.7959 -235.743 2.51246
66.8038 -234.317 2.52111
64.8674 -232.994 2.52738
62.837 -231.612 2.53629
60.8061 -230.271 2.54378
58.8179 -228.924 2.53933
56.9032 -227.705 2.53634
54.9436 -226.254 2.52811
53.0164 -224.761 2.52112
51.1077 -223.435 2.5189
49.2034 -222.039 2.51326
47.3018 -220.6 2.51205
45.3664 -219.21 2.50464
43.3852 -217.779 2.49746
41.5691 -216.336 2.4898
39.6957 -214.776 2.48163
37.6986 -213.305 2.46016
35.9436 -211.822 2.43926
34.2 -210.284 2.41932
32.4558 -208.694 2.40398
30.7166 -207.115 2.38215
29.1447 -205.459 2.3609
27.6111 -203.916 2.33873
26.1468 -202.235 2.32114
24.7395 -200.6 2.30558
23.3263 -198.864 2.29015
21.8912 -197.127 2.27211
20.4755 -195.374 2.2535
19.0972 -193.558 2.2315
17.806 -191.731 2.21563
16.4418 -189.913 2.20685
15.0676 -188.042 2.20048
13.7448 -186.203 2.20444
12.415 -184.403 2.20849
11.0121 -182.519 2.2131
9.65104 -180.698 2.21957
8.23636 -178.907 2.22669
6.84756 -176.95 2.22749
5.45274 -175.129 2.22532
4.04881 -173.295 2.21059
2.7675 -171.502 2.1913
1.59359 -169.614 2.1662
0.523413 -167.729 2.13322
-0.532016 -165.887 2.10409
-1.52447 -163.983 2.07663
-2.56711 -161.943 2.04913
-3.51693 -160.067 2.02305
-4.40658 -158.16 1.9987
-5.2357 -156.211 1.97855
-6.02635 -154.3 1.96212
-6.76817 -152.437 1.9489
-7.53039 -150.519 1.94417
-8.22787 -148.714 1.93392
-8.90297 -146.902 1.92712
-9.55217 -145.111 1.919
-10.1823 -143.337 1.91301
-10.7518 -141.579 1.90632
-11.368 -139.836 1.90369
-11.8694 -138.161 1.89457
-12.4061 -136.495 1.88752
-12.9171 -134.989 1.88189
-13.3609 -133.576 1.87684
-13.7894 -132.214 1.86806
-14.096 -130.932 1.85975
-14.539 -129.67 1.85245
-14.7852 -128.52 1.84508
-15.1399 -127.356 1.84351
-15.4152 -126.235 1.84175
-15.7648 -125.235 1.84494
-15.9709 -124.273 1.84428
-16.2243 -123.354 1.84764
-16.4371 -122.511 1.85477
-16.7215 -121.746 1.86603
-16.9654 -121.024 1.8817
-17.1875 -120.308 1.90204
-17.3982 -119.681 1.92575
-17.6832 -119.166 1.94839
-17.8915 -118.67 1.97135
-18.1356 -118.324 1.99026
-18.2543 -118.029 2.00539
-18.4128 -117.742 2.01746
-18.4935 -117.533 2.0287
-18.572 -117.332 2.03928
-18.6838 -117.186 2.05136
-18.7793 -117.026 2.06539
-18.9085 -116.878 2.08102
-19.039 -116.674 2.10576
-19.2082 -116.477 2.13166
-19.4209 -116.282 2.16469
-19.7148 -116.042 2.20284
-19.9892 -115.772 2.24516
-20.3389 -115.505 2.29606
-20.6719 -115.157 2.3525
-21.1304 -114.82 2.41307
-21.6031 -114.485 2.48022
-22.19 -114.276 2.55474
-22.8518 -113.983 2.63859
-23.6619 -113.756 2.72572
-24.4455 -113.636 2.81718
-25.3845 -113.524 2.915
-26.2502 -113.527 3.0165
-27.3003 -113.669 3.11399
-28.354 -113.816 -3.07197
-29.5721 -114.089 -2.98793
-30.6394 -114.477 -2.91853
-31.6946 -114.752 -2.85356
-32.5895 -115.223 -2.80406
-33.5092 -115.744 -2.77254
-34.7034 -116.155 -2.75255
-35.7605 -116.69 -2.73461
-36.8808 -117.236 -2.71499
-37.8497 -117.703 -2.70372
-38.8817 -118.232 -2.69541
-40.0219 -118.786 -2.69704
-41.2429 -119.309 -2.69438
-42.381 -119.899 -2.69373
-43.6263 -120.47 -2.69655
-44.9222 -121.028 -2.69853
-46.1137 -121.674 -2.70215
-47.416 -122.267 -2.70354
-48.7096 -122.919 -2.70568
-50.0634 -123.575 -2.70849
-51.4258 -124.182 -2.70831
-52.8159 -124.817 -2.70361
-54.2369 -125.532 -2.69973
-55.7015 -126.192 -2.69137
-57.1476 -126.939 -2.68058
-58.6015 -127.667 -2.66216
-60.0117 -128.513 -2.63929
-61.4716 -129.383 -2.60907
-62.9261 -130.324 -2.56868
-64.3419 -131.375 -2.52283
-65.6914 -132.489 -2.4781
-67.1367 -133.717 -2.43582
-68.4949 -135.053 -2.39534
-69.8422 -136.41 -2.35963
-71.1342 -137.838 -2.32825
-72.4472 -139.281 -2.30108
-73.7851 -140.832 -2.27981
-75.1412 -142.401 -2.26029
-76.4899 -144.007 -2.24491
-77.7766 -145.708 -2.23312
-79.1298 -147.379 -2.2245
-80.4554 -149.103 -2.21332
-81.7093 -150.896 -2.20941
-82.9908 -152.691 -2.20159
-84.3602 -154.49 -2.20223
-85.6347 -156.276 -2.19762
-86.98 -158.011 -2.20249
-88.1637 -159.854 -2.21047
-89.6069 -161.559 -2.2175
-91.0078 -163.209 -2.21777
-92.3584 -164.864 -2.21996
-93.6057 -166.466 -2.21983
-94.9052 -168.001 -2.21992
-96.1941 -169.597 -2.2217
-97.289 -171.1 -2.22754
-98.5501 -172.57 -2.22407
-99.648 -174.082 -2.22077
-100.702 -175.584 -2.21451
-101.748 -177.168 -2.20241
-102.897 -178.727 -2.19229
-103.943 -180.245 -2.19072
-104.971 -181.684 -2.18133
-106.054 -183.352 -2.18396
-107.092 -184.745 -2.19313
-108.169 -186.223 -2.20434
-109.289 -187.65 -2.21302
-110.409 -189.08 -2.22072
-111.633 -190.445 -2.22748
-112.786 -191.85 -2.23273
-113.752 -193.302 -2.23696
-114.917 -194.653 -2.24487
-116.1 -196.038 -2.24786
-117.244 -197.423 -2.25096
-118.361 -198.771 -2.25296
-119.413 -200.133 -2.25601
-120.575 -201.577 -2.25436
-121.709 -202.902 -2.25486
-122.86 -204.271 -2.25858
-123.972 -205.608 -2.26224
-125.107 -207.029 -2.26393
-126.241 -208.417 -2.2659
-127.38 -209.845 -2.26887
-128.537 -211.174 -2.26896
-129.716 -212.535 -2.26927
-130.874 -213.825 -2.26763
-132.04 -215.269 -2.26658
-133.242 -216.684 -2.2646
-134.46 -218.11 -2.26523
-135.649 -219.534 -2.26291
-136.903 -221.023 -2.26169
-138.106 -222.484 -2.26361
-139.38 -223.994 -2.26446
-140.632 -225.461 -2.26531
-141.798 -226.903 -2.26419
-142.994 -228.404 -2.25939
-144.206 -229.897 -2.25661
-145.377 -231.356 -2.25187
-146.563 -232.995 -2.24496
-147.655 -234.51 -2.24069
-148.753 -236.016 -2.2365
-149.933 -237.509 -2.23081
-151.113 -239.025 -2.22667
-152.135 -240.654 -2.22072
-153.275 -242.063 -2.20039
-154.214 -243.512 -2.18359
-155.115 -244.829 -2.16763
-156.011 -246.319 -2.14122
-156.759 -247.558 -2.10947
-157.536 -248.976 -2.07124
-158.259 -250.309 -2.02917
-158.788 -251.585 -1.98494
-159.333 -252.965 -1.94279
-159.786 -254.364 -1.90333
-160.083 -255.738 -1.85958
-160.255 -257.021 -1.81306
-160.532 -258.541 -1.7686
-160.697 -259.871 -1.72539
-160.861 -261.336 -1.68821
-160.918 -262.82 -1.65842
-161.001 -264.273 -1.63651
-161.086 -265.8 -1.61384
-161.122 -267.353 -1.59199
-161.126 -268.923 -1.56968
-161.173 -270.501 -1.54881
-161.082 -272.107 -1.5289
-160.928 -273.784 -1.512
-160.801 -275.417 -1.49906
-160.643 -277.096 -1.48749
-160.468 -278.813 -1.4774
-160.266 -280.547 -1.47207
-160.129 -282.262 -1.46445
-159.927 -283.994 -1.456
-159.771 -285.645 -1.45088
-159.573 -287.305 -1.45149
-159.445 -288.968 -1.4481
-159.135 -290.82 -1.45252
-159.015 -292.382 -1.45255
-158.893 -293.991 -1.45113
-158.693 -295.584 -1.44508
-158.485 -296.996 -1.44364
-158.324 -298.644 -1.44306
-158.173 -300.132 -1.44346
-157.989 -301.669 -1.44525
-157.863 -303.051 -1.44726
-157.741 -304.433 -1.4488
-157.588 -305.814 -1.44859
-157.436 -307.175 -1.44974
-157.29 -308.511 -1.4547
-157.166 -309.744 -1.4624
-157.052 -310.976 -1.47507
-156.998 -312.11 -1.50756
-157.014 -313.268 -1.55524
-157.119 -314.294 -1.6142
-157.369 -315.348 -1.67921
-157.647 -316.281 -1.7544
-158.007 -317.281 -1.83764
-158.381 -318.159 -1.93694
-158.909 -318.957 -2.04456
-159.55 -319.693 -2.15989
-160.161 -320.334 -2.27994
-160.974 -320.817 -2.39241
-161.735 -321.285 -2.51255
-162.555 -321.6 -2.63362
-163.451 -321.842 -2.75696
-164.36 -322.004 -2.88806
-165.349 -321.896 -3.01959
-166.296 -321.772 3.12943
-167.263 -321.504 2.99533
-168.188 -321.112 2.87728
-169.08 -320.698 2.77628
-170.02 -320.286 2.71079
-171.082 -319.77 2.67733
-172.265 -319.09 2.65226
-173.41 -318.422 2.63161
-174.608 -317.68 2.61154
-175.874 -316.851 2.59492
-177.172 -316.073 2.58177
-178.503 -315.255 2.57085
-179.819 -314.369 2.56009
-181.224 -313.379 2.54775
-182.598 -312.393 2.53648
-184 -311.421 2.53252
-185.479 -310.341 2.5349
-186.968 -309.29 2.54297
-188.473 -308.232 2.54411
-189.934 -307.225 2.55121
-191.439 -306.226 2.5532
-192.868 -305.204 2.55561
-194.33 -304.252 2.5576
-195.733 -303.3 2.56311
-197.173 -302.353 2.56503
-198.577 -301.488 2.56777
-199.966 -300.553 2.57137
-201.322 -299.749 2.5776
-202.747 -298.855 2.5851
-204.08 -298.052 2.60066
-205.495 -297.302 2.62125
-206.791 -296.581 2.64588
-208.196 -295.843 2.67538
-209.656 -295.323 2.71497
-211.077 -294.757 2.75848
-212.516 -294.294 2.8094
-214.039 -293.993 2.86543
-215.563 -293.634 2.92597
-217.09 -293.496 2.98253
-218.622 -293.381 3.04033
-220.111 -293.373 3.10124
-221.602 -293.447 -3.11561
-223.135 -293.667 -3.04936
-224.695 -294.009 -2.97949
-226.189 -294.318 -2.90527
-227.597 -294.842 -2.83003
-229.01 -295.468 -2.74867
-230.303 -296.208 -2.66696
-231.589 -297.067 -2.5935
-232.772 -298 -2.52301
-233.932 -299.042 -2.4579
-235.045 -300.187 -2.3895
-236.05 -301.365 -2.3267
-237.092 -302.617 -2.26705
-238.176 -304.136 -2.21673
-239.176 -305.551 -2.18176
-240.164 -307.004 -2.15823
-241.047 -308.474 -2.14264
-241.939 -309.994 -2.13482
-242.931 -311.57 -2.12271
-243.991 -313.268 -2.11766
-244.937 -314.922 -2.11872
-245.848 -316.515 -2.1189
-246.85 -318.191 -2.12407
-247.856 -319.878 -2.12715
-248.899 -321.528 -2.12984
-249.983 -323.311 -2.12708
-251.143 -325.157 -2.12912
-252.245 -327.029 -2.12683
-253.497 -328.969 -2.13094
-254.693 -330.686 -2.13353
-256.056 -332.724 -2.13773
-257.307 -334.747 -2.1375
-258.532 -336.616 -2.13605
-259.818 -338.609 -2.13967
-261.17 -340.628 -2.14597
-262.479 -342.53 -2.15355
-263.714 -344.488 -2.15492
-264.975 -346.448 -2.15869
-266.329 -348.471 -2.16395
-267.567 -350.381 -2.16385
-268.855 -352.269 -2.16547
-270.138 -354.139 -2.16408
-271.433 -356.031 -2.16136
-272.784 -357.931 -2.16145
-274.029 -359.875 -2.1608
-275.357 -361.753 -2.15926
-276.685 -363.728 -2.1568
-277.898 -365.748 -2.152
-279.104 -367.676 -2.14507
-280.428 -369.672 -2.14361
-281.782 -371.681 -2.14244
-283.069 -373.682 -2.14094
-284.34 -375.743 -2.14131
-285.615 -377.799 -2.13845
-286.857 -379.778 -2.13635
-288.092 -381.766 -2.13364
-289.349 -383.858 -2.13438
-290.65 -385.955 -2.13357
-291.957 -388.006 -2.1334
-293.302 -390.09 -2.13264
-294.608 -392.194 -2.13166
-295.924 -394.267 -2.13047
-297.163 -396.34 -2.12901
-298.439 -398.41 -2.12799
-299.715 -400.509 -2.12723
-300.948 -402.538 -2.12731
-302.18 -404.57 -2.12742
-303.423 -406.593 -2.12758
-304.681 -408.649 -2.12698
-305.998 -410.785 -2.12799
-307.214 -412.808 -2.12674
-308.479 -414.735 -2.13021
-309.703 -416.753 -2.13274
-310.981 -418.751 -2.13064
-312.251 -420.762 -2.12967
-313.451 -422.677 -2.12782
-314.705 -424.659 -2.12983
-315.882 -426.588 -2.1305
-317.105 -428.531 -2.12828
-318.233 -430.552 -2.13008
-319.491 -432.677 -2.12985
-320.767 -434.679 -2.12815
-321.961 -436.629 -2.12384
-323.139 -438.542 -2.12474
-324.223 -440.401 -2.12638
-325.323 -442.274 -2.12618
-326.472 -444.144 -2.12684
-327.569 -446.005 -2.12986
-328.792 -447.874 -2.1302
-329.929 -449.742 -2.13113
-331.04 -451.534 -2.12569
-332.181 -453.383 -2.12624
-333.326 -455.224 -2.12554
-334.443 -456.996 -2.12388
-335.498 -458.76 -2.12009
-336.609 -460.505 -2.11971
-337.683 -462.266 -2.11786
-338.683 -463.912 -2.1147
-339.724 -465.604 -2.11636
-340.778 -467.358 -2.11744
-341.739 -468.997 -2.11629
-342.806 -470.589 -2.11872
-343.773 -472.152 -2.1193
-344.625 -473.583 -2.11296
-345.461 -474.996 -2.11173
-346.235 -476.339 -2.10968
-347.012 -477.677 -2.1088
-347.747 -478.977 -2.10731
-348.473 -480.252 -2.10636
-349.156 -481.478 -2.10609
-349.768 -482.577 -2.10779
-350.574 -483.69 -2.11003
-351.464 -484.767 -2.10692
-352.141 -485.852 -2.11025
-352.681 -487.071 -2.11558
-353.219 -488.123 -2.12394
-353.927 -489.184 -2.12505
-354.568 -490.234 -2.12423
-355.109 -491.226 -2.12761
-355.754 -492.159 -2.13585
-356.346 -493.107 -2.15256
-357.038 -493.941 -2.17884
-357.721 -494.669 -2.2258
-358.411 -495.269 -2.28272
-358.994 -495.799 -2.3502
-359.784 -496.169 -2.42216
-360.502 -496.539 -2.50298
-361.296 -496.868 -2.59583
-362.18 -497.111 -2.69435
-363.03 -496.957 -2.79335
-363.839 -497.048 -2.90271
-364.674 -497.048 -3.0162
-365.504 -496.859 -3.12528
-366.367 -496.773 3.05515
-366.915 -496.229 2.9553
-367.74 -495.805 2.87185
-368.811 -495.59 2.79816
-369.383 -495.109 2.76669
-370.477 -494.589 2.73639
-371.311 -494.202 2.71261
-372.108 -493.659 2.69332
-373.279 -493.172 2.68958
-374.275 -492.577 2.68098
-375.452 -492.003 2.67202
-376.688 -491.378 2.664
-377.983 -490.685 2.65688
-379.184 -490.039 2.65424
-380.438 -489.345 2.65486
-381.798 -488.574 2.65371
-383.204 -487.866 2.65145
-384.553 -487.107 2.65042
-385.979 -486.299 2.65531
-387.426 -485.531 2.65784
-388.887 -484.697 2.66138
-390.433 -483.823 2.66175
-392 -482.966 2.66329
-393.57 -482.014 2.66684
-395.057 -481.164 2.66679
-396.6 -480.253 2.66774
-398.177 -479.48 2.6707
-399.647 -478.645 2.67367
-401.164 -477.885 2.6767
-402.636 -477.098 2.67689
-404.093 -476.404 2.67677
-405.517 -475.646 2.67622
-406.933 -474.994 2.67542
-408.295 -474.279 2.67004
-410.008 -473.373 2.71425
-411.396 -472.398 2.70203
-412.998 -471.651 2.69545
-415.128 -470.834 2.69803
-416.478 -470.037 2.69401
-418.123 -469.391 2.69584
-419.769 -468.67 2.6908
-421.387 -467.772 2.68555
-423.006 -466.938 2.67829
-424.662 -465.984 2.67479
-426.268 -464.97 2.66941
-427.993 -464.015 2.66439
-429.709 -463.008 2.6572
-431.435 -462.177 2.65445
-433.118 -461.165 2.65169
-434.905 -460.223 2.64333
-436.709 -459.216 2.63081
-438.517 -458.121 2.60444
-440.191 -457.012 2.58008
-441.863 -455.71 2.55462
-443.493 -454.494 2.52403
-445.252 -453.138 2.49416
-446.933 -451.753 2.46587
-448.41 -450.377 2.43489
-449.965 -448.91 2.4044
-451.422 -447.423 2.37269
-452.853 -445.93 2.33957
-454.245 -444.409 2.30985
-455.556 -442.865 2.28382
-456.818 -441.253 2.26158
-458.134 -439.574 2.24442
-459.428 -437.865 2.23111
-460.687 -436.18 2.21705
-461.963 -434.47 2.20439
-463.272 -432.718 2.19541
-464.496 -430.954 2.18839
-465.66 -429.172 2.18406
-466.898 -427.331 2.18117
-468.081 -425.497 2.17586
-469.342 -423.685 2.17794
-470.614 -421.866 2.18163
-471.894 -419.969 2.18864
-473.247 -418.042 2.19468
-474.585 -416.174 2.20173
-475.869 -414.35 2.20604
-477.235 -412.554 2.20645
-478.561 -410.814 2.21182
-479.864 -409.031 2.21192
-481.199 -407.306 2.21421
-482.484 -405.501 2.21576
-483.831 -403.843 2.22464
-485.184 -402.146 2.23946
-486.523 -400.472 2.25861
-487.903 -398.869 2.27616
-489.235 -397.295 2.29708
-490.628 -395.767 2.32178
-492.072 -394.358 2.34467
-493.475 -392.927 2.36725
-494.882 -391.597 2.39034
-496.246 -390.237 2.414
-497.581 -389.202 2.43791
-498.976 -388.049 2.46366
-500.217 -387.17 2.4841
-501.451 -386.23 2.50347
-502.606 -385.347 2.51894
-503.722 -384.543 2.53385
-504.806 -383.799 2.54495
-505.954 -383.071 2.55502
-507.087 -382.276 2.5701
-508.18 -381.632 2.57901
-509.174 -380.989 2.58651
-510.181 -380.281 2.59479
-511.23 -379.672 2.59355
-512.126 -379.03 2.59357
-513.038 -378.511 2.59202
-513.825 -377.973 2.58673
-514.562 -377.447 2.57986
-515.294 -376.949 2.56265
-516.07 -376.436 2.54703
-516.785 -375.882 2.52173
-517.486 -375.34 2.49242
-518.157 -374.752 2.46464
-518.749 -374.245 2.43498
-519.3 -373.66 2.40163
-519.873 -373.049 2.36153
-520.413 -372.402 2.31454
-520.855 -371.794 2.25602
-521.228 -371.083 2.19228
-521.516 -370.395 2.12468
-521.78 -369.601 2.05008
-522.049 -368.827 1.97423
-522.216 -368.028 1.89403
-522.305 -367.181 1.81499
-522.329 -366.276 1.73286
-522.3 -365.361 1.64925
-522.146 -364.384 1.567
-521.856 -363.399 1.48814
-521.609 -362.338 1.41277
-521.327 -361.326 1.34097
-520.876 -360.232 1.28099
-520.362 -359.119 1.23851
-519.952 -358.013 1.21296
-519.432 -356.822 1.19239
-518.948 -355.58 1.17645
-518.307 -354.288 1.16259
-517.725 -352.99 1.15316
-517.055 -351.626 1.14513
-516.376 -350.262 1.14158
-515.708 -348.897 1.14036
-515.042 -347.443 1.13836
-514.338 -345.879 1.14071
-513.707 -344.295 1.14324
-512.997 -342.752 1.1466
-512.32 -341.064 1.14884
-511.599 -339.418 1.15431
-510.79 -337.72 1.1574
-510.017 -336.007 1.16064
-509.21 -334.205 1.16167
-508.394 -332.409 1.16121
-507.561 -330.621 1.16117
-506.729 -328.733 1.16119
-505.906 -326.873 1.15919
-504.994 -325.014 1.15611
-504.165 -323.09 1.15464
-503.317 -321.186 1.15375
-502.417 -319.245 1.14834
-501.525 -317.274 1.14549
-500.547 -315.361 1.14607
-499.687 -313.4 1.14431
-498.714 -311.457 1.14284
-497.873 -309.521 1.14311
-496.893 -307.675 1.1426
-495.983 -305.775 1.14384
-495.044 -303.879 1.14534
-494.135 -302.034 1.14609
-493.241 -300.145 1.15318
-492.376 -298.326 1.15715
-491.532 -296.523 1.15855
-490.71 -294.653 1.16148
-489.887 -292.843 1.15963
-489.083 -290.99 1.15941
-488.248 -289.149 1.15745
-487.374 -287.276 1.15979
-486.549 -285.475 1.1612
-485.706 -283.607 1.16074
-484.974 -281.936 1.15712
-484.144 -280.207 1.15649
-483.342 -278.531 1.15465
-482.503 -276.705 1.15379
-481.62 -274.971 1.15401
-480.807 -273.25 1.15398
-479.989 -271.5 1.15782
-479.167 -269.744 1.15906
-478.371 -268.047 1.15941
-477.66 -266.42 1.16228
-476.928 -264.761 1.16278
-476.169 -263.143 1.16294
-475.439 -261.628 1.16286
-474.697 -260.124 1.1609
-473.964 -258.681 1.16159
-473.358 -257.189 1.15969
-472.764 -255.784 1.15943
-472.094 -254.367 1.1591
-471.446 -252.986 1.15652
-470.822 -251.603 1.15564
-470.207 -250.206 1.15229
-469.643 -248.792 1.14653
-468.994 -247.432 1.14391
-468.418 -246.188 1.13576
-467.823 -244.75 1.12688
-467.101 -243.32 1.12444
-466.365 -241.902 1.11866
-465.634 -240.423 1.11403
-464.896 -238.954 1.1109
-464.12 -237.415 1.10455
-463.345 -235.899 1.09955
-462.572 -234.388 1.09521
-461.74 -232.899 1.09446
-460.958 -231.336 1.09045
-460.148 -229.852 1.08652
-459.342 -228.416 1.09403
-458.562 -226.883 1.08922
-457.655 -225.357 1.08535
-456.853 -223.716 1.07808
-455.947 -222.199 1.07297
-455.079 -220.638 1.06868
-454.148 -219.027 1.06302
-453.254 -217.453 1.05506
-452.365 -215.813 1.05199
-451.369 -214.169 1.04645
-450.339 -212.443 1.04633
-449.352 -210.734 1.04325
-448.332 -208.958 1.04132
-447.292 -207.153 1.03697
-446.314 -205.36 1.03428
-445.166 -203.486 1.03456
-444.185 -201.615 1.03345
-443.047 -199.713 1.0352
-441.964 -197.771 1.03726
-440.754 -195.852 1.03553
-439.563 -193.897 1.03523
-438.333 -191.965 1.0375
-437.07 -189.971 1.04008
-435.891 -187.973 1.04163
-434.711 -185.971 1.04148
-433.502 -184.005 1.03909
-432.399 -182.107 1.04215
-431.291 -180.146 1.04551
-430.108 -178.127 1.04554
-428.916 -176.118 1.04258
-427.666 -174.298 1.04396
-426.487 -172.424 1.03881
-425.325 -170.595 1.0376
-424.015 -168.896 1.03475
-422.941 -166.956 1.03437
-421.855 -165.121 1.03783
-420.767 -163.318 1.03926
-419.723 -161.679 1.03781
-418.696 -159.901 1.0352
-417.583 -158.395 1.03601
-416.519 -156.706 1.03821
-415.896 -154.693 1.03745
-414.835 -153.587 1.0326
-413.599 -152.264 1.02593
-412.827 -150.431 1.02562
-411.78 -148.741 1.02385
-410.743 -147.179 1.02228
-409.772 -145.536 1.01941
-408.527 -143.997 1.01879
-407.496 -142.434 1.01409
-406.519 -140.725 1.00999
-405.518 -139.022 1.00724
-404.475 -137.435 1.0089
-403.423 -135.868 1.01056
-402.424 -134.246 1.00839
-401.47 -132.677 1.00601
-400.347 -131.172 1.00937
-399.355 -129.667 1.01284
-398.319 -128.228 1.0119
-397.389 -126.723 1.01242
-396.354 -125.186 1.01559
-395.319 -123.681 1.01673
-394.621 -122.449 1.032
-393.523 -121.128 1.03812
-392.822 -119.583 1.03311
-391.918 -118.091 1.03139
-391.001 -116.686 1.03243
-390.162 -115.221 1.0321
-389.324 -113.801 1.02892
-388.512 -112.388 1.0278
-387.6 -111.01 1.03195
-386.834 -109.644 1.03221
-385.967 -108.342 1.0319
-385.216 -107.063 1.03037
-384.481 -105.832 1.02612
-383.684 -104.735 1.01855
-382.911 -103.496 1.02056
-382.134 -102.363 1.02089
-381.386 -101.206 1.02053
-380.644 -100.113 1.01862
-379.969 -99.0585 1.01819
-379.328 -98.088 1.02017
-378.708 -97.1261 1.01702
-378.069 -96.2284 1.01717
-377.486 -95.3832 1.01819
-377.017 -94.511 1.01853
-376.508 -93.6898 1.01676
-376.02 -92.912 1.01812
-375.533 -92.098 1.01912
-375.013 -91.378 1.01923
-374.592 -90.6888 1.02254
-374.196 -90.0101 1.02006
-373.827 -89.3933 1.02057
-373.409 -88.7073 1.02087
-373.041 -88.1111 1.01935
-372.641 -87.5029 1.01905
-372.256 -86.899 1.01675
-371.827 -86.5039 1.01199
-371.449 -85.929 1.01251
-371.041 -85.4782 1.01296
-370.723 -84.8163 1.01439
-370.393 -84.1551 1.01559
-370.101 -83.6344 1.01716
-369.773 -83.0107 1.02025
-369.45 -82.4314 1.0214
-369.045 -81.9569 1.02036
-368.691 -81.4092 1.02091
-368.372 -80.8117 1.01749
-367.909 -80.3482 1.01475
-367.577 -79.858 1.01278
-367.284 -79.3542 1.01088
-366.947 -78.8453 1.00848
-366.604 -78.3791 1.00718
-366.312 -77.9284 1.0084
-366.037 -77.4994 1.005
-365.818 -77.1127 1.00338
-365.549 -76.7271 1.00577
-365.387 -76.3825 1.00802
-365.204 -76.0813 1.00846
-364.994 -75.8384 1.00769
-364.841 -75.549 1.00842
-364.709 -75.3062 1.0077
-364.633 -75.1371 1.00992
-364.567 -74.9936 1.01036
-364.457 -74.9032 1.01148
-364.456 -74.8342 1.01151
-364.437 -74.8548 1.01212
-364.432 -74.8364 1.01223
-364.435 -74.8149 1.01091
-364.427 -74.7905 1.01093
-364.42 -74.7873 1.0103
-364.387 -74.7709 1.01143
-364.343 -74.7662 1.01179
