0.0570467 0.0134563 -0.000231894
-0.0230746 0.00510645 -0.00150338
0.0376005 -0.0277157 -0.00132671
0.032634 -0.0102763 -0.000927122
0.00049448 0.00975752 -0.00155893
0.0355389 0.0035758 -0.00112716
-0.00479245 -0.00392771 -0.00134626
0.03373 -0.0247746 0.00080928
0.0315173 -0.0197754 0.000898925
0.0321565 -0.0322232 -0.000721606
0.016681 0.012217 -0.00134698
0.0324295 -0.0331173 -0.000552567
0.0331097 0.0200157 -0.000836523
0.0385296 -0.016521 -0.00119677
0.0258853 -0.010118 -0.000948342
0.0137136 -0.0114293 -0.00102392
-0.00680876 -0.045702 -0.000173958
0.0353215 0.00143385 -0.000860842
0.0333083 -0.0185795 0.000808088
0.0618606 0.00604534 0.000664322
0.0678945 0.00191593 -0.000460537
0.158361 0.0101471 -0.000867756
0.152319 0.00287294 -0.000761422
0.201662 -0.0119715 0.000946371
0.279181 0.0398827 0.000488369
0.356494 0.0229492 2.6075e-05
0.399896 0.0423508 0.000211088
0.49158 0.0272675 -0.00348702
0.52996 -0.0677509 -0.00160256
0.5979 0.0345869 -0.00237408
0.660882 -0.0395317 -0.00412479
0.755396 -0.00051403 -0.00411692
0.761054 -0.0174899 -0.00405064
0.835842 -0.021019 -0.00264707
0.952897 -0.0386019 -0.00477448
1.02182 -0.017477 -0.00459948
1.05489 -0.017405 -0.00543752
1.04433 -0.00425243 -0.00498071
1.13458 0.00312471 -0.00609532
1.18361 -0.0460434 -0.00330082
1.15901 -0.0193543 -0.00072089
1.2517 -0.0300288 0.00262031
1.32287 -0.033803 -0.000636729
1.35404 -0.0123198 -0.000107916
1.42781 -0.0053215 0.00337609
1.48424 0.00993967 0.00147018
1.47296 -0.0673666 -0.00116602
1.45652 -0.0662067 -0.00267974
1.63011 0.0204569 -0.000713738
1.80073 0.248775 0.00825223
1.67592 -0.0847311 0.00316843
1.72614 -0.218724 -0.00446716
1.83706 -0.0180836 0.00214681
1.90205 0.0239863 -0.000159653
1.93108 -0.0432372 -0.000100287
1.97323 -0.035553 -0.00154582
2.06476 0.0129032 0.00175199
2.10685 0.0160422 0.00596985
2.18398 -0.0259844 0.00428948
2.21719 -0.0526159 0.00194797
2.23698 -0.00654054 0.000923721
2.24324 -0.0546179 0.00307974
2.17416 -0.00921273 0.00600561
2.18773 -0.0034858 0.00434741
2.15898 -0.0361288 0.00487384
2.15198 0.0116507 0.0048922
2.18441 -0.0311924 0.00447854
2.13573 -0.0239889 0.000852434
2.13758 -0.042927 0.0016199
2.16743 -0.0726252 0.0036076
2.12971 -0.0888702 0.00124129
2.0317 0.0506464 -0.00322333
2.1011 -0.0646628 -0.000958832
2.08273 -0.0665913 -0.00134769
2.16842 -0.192722 0.018355
2.17939 0.127812 -0.00248113
1.96691 0.0685196 -0.0171999
2.16791 -0.0238383 0.00354847
2.16178 0.0474091 0.00230083
2.2031 -0.067553 0.00501022
2.20992 -0.0604653 -0.000320347
2.19263 -0.0357831 -0.000758322
2.18428 -0.012403 1.34389e-05
2.23418 -0.00828815 0.00126585
2.24696 -0.0149961 0.00121197
2.29206 0.0051775 0.00131401
2.3041 -0.0162559 0.00107941
2.26479 -0.0542688 0.000436632
2.28569 -0.0445414 0.000393717
2.31513 -0.00817251 0.000146953
2.281 -0.0421619 -0.00220552
2.31002 -0.039608 0.000153867
2.30058 -0.0791483 -0.00285712
2.32046 -0.0540848 -0.000587138
2.29574 -0.0907955 -0.00111118
2.25804 -0.0145187 -0.000888022
2.19889 -0.0188465 -0.00135866
2.18042 -0.0462265 0.000209657
2.16932 -0.0632286 0.000109998
2.17103 -0.0842171 -0.000596674
2.2429 0.0132065 -0.00251737
2.27568 -0.117201 -0.000651272
2.20423 -0.0958157 0.00550923
2.28976 0.0220833 0.00196704
2.2237 -0.103907 -0.00221673
2.20927 -0.0510578 -0.000386389
2.28548 -0.0225048 0.00279149
2.29589 -0.00177765 0.00549611
2.24866 -0.0772762 0.00781736
2.26448 0.0247803 0.00263771
2.35698 -0.0650673 0.00502071
2.27674 -0.0318451 0.00337419
2.31158 -0.0208511 0.00456008
2.31479 -0.0298195 0.00513992
2.31659 -0.0443058 0.00514874
2.37036 0.0067997 0.00527248
2.39903 -0.0258236 0.000470964
2.33445 -0.0334415 0.000254242
2.39583 -0.00218678 0.00518712
2.33064 -0.0419731 0.000931112
2.41053 -0.0316496 0.00443539
2.4154 -0.0278358 0.00243577
2.44562 -0.0585499 0.00457868
2.43176 -0.0635223 0.00334582
2.39553 -0.0413074 0.0032433
2.42148 0.0183878 0.0103815
2.41017 -0.0431805 0.00864538
2.32237 -0.00493717 0.00723752
2.35105 -0.0150976 0.00706324
2.25667 -0.0325632 0.00531611
2.22288 -0.0157795 0.00768193
2.12693 0.0434718 0.00842675
2.16104 -0.0996132 0.00658878
2.45746 -0.0275931 0.00453791
1.99978 0.0110445 0.00119075
2.43211 0.0083971 0.000308363
2.22813 -0.00109679 0.00619182
2.31936 0.0419641 0.00459704
2.31449 0.00753845 0.00405058
2.38255 0.0219607 0.00445112
2.35391 -0.00300813 0.00456628
2.35435 0.0129019 0.00309762
2.37927 0.00847149 0.00235209
2.37906 -0.0210809 0.0025278
2.44845 -0.0104365 0.00267681
2.37878 -0.0119132 0.00499138
2.62808 -0.0613978 0.00654062
2.4894 -0.0583935 0.0106471
2.55909 -0.0824652 0.00988945
2.44149 -0.00584126 0.00224289
2.40627 0.00639343 0.00448927
2.51217 -0.0095644 0.00722894
2.41801 -0.0476761 0.00603232
2.51355 -0.053381 0.00645003
2.47797 0.0260601 0.00234827
2.54061 -0.048769 0.00356754
2.52968 -0.0209084 0.00125798
2.46147 -0.0165062 0.00215229
2.47496 -0.0511074 0.0025607
2.4443 -0.00561714 0.00475368
2.46589 -0.0371113 0.00438008
2.43014 -0.0572224 0.000823585
2.41073 -0.0805893 0.00295958
2.34091 0.0357571 0.00346955
2.34308 -0.0274858 0.00499162
2.2178 -0.020175 0.000728933
2.23446 -0.0437069 0.00214943
2.13931 -0.0415802 0.00428423
2.10612 -0.047451 0.00259408
2.04829 -0.0135765 0.00492224
1.98399 -0.0808868 0.00338182
2.07849 0.0589037 0.0086368
2.27928 -0.0811768 0.0148135
1.81608 0.0183849 0.0103885
1.65131 0.143223 0.00151714
1.81571 -0.00958252 0.00341877
1.83144 -0.0688839 0.00572142
1.78353 -0.0138626 0.00313601
1.79006 -0.071434 -0.00136033
1.65392 -0.032156 -0.00017062
1.61676 -0.0649776 -0.00747815
1.51903 -0.0562286 -0.0148174
1.43754 -0.111893 -0.0225576
1.51097 -0.162949 -0.0402938
1.31947 -0.186035 -0.0579714
1.17649 -0.164265 -0.0746352
1.24176 -0.230162 -0.0746416
1.1236 -0.141609 -0.0862402
1.02391 -0.253816 -0.0984336
1.07936 -0.216134 -0.110923
1.02255 -0.306936 -0.12619
1.02323 -0.316085 -0.134344
1.07845 -0.263104 -0.14067
0.973485 -0.317532 -0.142474
1.04349 -0.29072 -0.144762
1.03905 -0.284746 -0.140958
1.1024 -0.276425 -0.132698
1.12717 -0.233757 -0.114793
1.09631 -0.164449 -0.0772177
1.25882 -0.129847 -0.0467028
1.46201 0.0393651 -0.0250069
1.46798 0.00285578 -0.0201322
1.43281 -0.0839801 -0.0132221
1.39764 -0.0367661 -0.0074195
1.56731 0.0131159 -0.0021843
1.57949 -0.0176411 0.00732001
1.60015 -0.0114613 0.00160655
1.70549 0.0202527 0.00272974
1.71249 0.054172 -0.00118318
1.75575 -0.0181489 -0.00239101
1.80888 0.0411403 0.000336973
1.90616 -0.0164864 -0.00322047
1.87476 0.00842428 -0.00363389
1.92738 -0.0461922 -0.00200549
1.98227 0.0072093 -0.00223032
2.04391 0.0215802 -0.00181046
2.11488 0.00920868 -2.89996e-05
2.12135 0.0203433 -0.00222102
2.12822 -0.0764279 -0.000121744
2.18621 0.0521324 -0.00105563
2.30273 0.0145688 0.000844328
2.23996 -0.0964799 -0.00178662
2.29974 0.062829 0.000602571
2.22218 0.0271082 0.00258788
2.22181 -0.000937462 0.00441608
2.24684 0.0638905 0.00319728
2.20305 -0.0279498 0.00290164
2.09759 0.0717421 0.000125734
2.18045 0.0418591 -0.00021592
2.12141 0.0151196 0.00226435
2.05003 0.102348 0.000537244
2.04168 -0.0140247 0.0022777
2.04458 -0.0208464 0.00362786
1.78191 0.0236349 -0.00333992
1.9475 0.019681 0.00142035
1.76112 -0.0399151 0.00254425
1.79328 -0.0726082 0.00405058
1.75569 0.0469514 0.00107297
1.81737 0.14596 0.00785073
2.04385 0.169149 0.00405511
1.52482 -0.201749 0.000655977
1.87451 0.0644875 0.00414476
1.75296 0.0737298 0.00291165
1.76811 -0.0657802 -0.000501784
1.81047 0.0500362 0.000432817
1.78953 -0.015761 0.000310747
1.84269 -0.0403019 0.00170192
1.76586 0.0821834 -0.00336519
1.7712 -0.113755 0.000851719
1.79609 0.0117917 -0.00054613
1.80464 0.0111663 0.000990955
1.74649 0.00829041 -0.00184003
1.73788 -0.0607746 -0.00108186
1.64442 -0.0256815 -0.00243631
1.70627 -0.135726 -0.00293961
1.74668 0.0389974 0.00145516
1.59902 -0.0930538 -0.00428644
1.55119 0.0894504 -0.0104403
1.66858 0.0173645 -0.00272623
1.65978 -0.0999494 -0.00306741
1.73507 -0.0881538 0.00106057
1.64597 -0.09324 0.00069174
1.54175 -0.0872193 0.000548689
1.32321 -0.0622528 -0.000425967
1.40198 0.037601 0.000867931
1.25625 -0.0565219 -0.000536593
1.17304 0.0730364 -0.00323263
1.21066 0.0425176 0.00172123
1.0107 -0.05637 -0.000783118
0.929429 -0.0381737 0.00175127
0.889377 -0.0232708 0.000193922
0.832277 -0.0180451 0.00166377
0.814726 -0.0284939 0.00207266
0.695391 -0.00836271 0.00116738
0.644316 -0.0444834 0.000131933
0.64029 -0.0124549 -0.000230463
0.631949 -0.0248301 -0.000117215
0.661825 0.0141766 0.000360099
0.66857 -0.00492859 0.000212042
0.646601 0.0122325 0.000400869
0.659709 0.0362519 -0.000860842
0.594598 0.00159585 0.00211939
0.620616 0.0199468 0.00298413
0.563776 -0.0133488 7.92424e-05
0.603365 0.0267515 -0.000106724
0.586118 0.0501961 -0.00033346
0.521345 0.0847416 0.000201074
0.57516 0.0112467 0.00262436
0.533041 0.0433285 -0.00263825
0.595114 0.00103736 -0.00278726
0.593687 0.03424 -0.00387231
0.668211 0.0149809 -0.00555697
0.757227 0.0165392 -0.00878349
0.719158 -0.0587407 -0.018181
0.735547 -0.0519475 -0.0262524
0.812092 -0.0364676 -0.0340594
0.862293 -0.0679588 -0.0436417
0.930109 -0.094398 -0.0535053
0.981203 -0.0747006 -0.0599512
1.03066 -0.0497074 -0.0631267
1.07685 -0.0305939 -0.0650691
1.09788 -0.207181 -0.0628399
0.977538 -0.106714 -0.0609652
1.0129 -0.122731 -0.057893
1.09052 -0.0976369 -0.0578529
1.12472 -0.0780082 -0.0579011
1.20821 -0.0958402 -0.0542065
1.15957 -0.030651 -0.0468876
1.32132 -0.160613 -0.0431611
1.33703 -0.0422506 -0.0453352
1.37917 -0.107994 -0.0420634
1.44077 -0.132316 -0.0429973
1.45398 -0.0425997 -0.0432488
1.56477 -0.0971308 -0.03677
1.57943 -0.147048 -0.0371257
1.62309 -0.0637886 -0.0399572
1.63895 -0.165508 -0.0380749
1.6207 -0.139769 -0.0364341
1.64959 -0.0390048 -0.0336792
1.69373 -0.0703694 -0.0269231
1.72642 0.00753391 -0.0229422
1.69979 0.0384364 -0.013368
1.7465 0.0159369 -0.00284043
1.77968 -0.0698438 -0.000304373
1.86563 0.0556035 -0.00419036
1.8352 -0.0437746 -0.000833662
1.84867 -0.0192223 -8.97248e-06
1.97542 -0.0605497 0.000768749
1.95901 -0.0211 0.00208577
2.05133 -0.0156441 0.00289401
2.04035 0.000491142 0.002601
2.08587 -0.0375109 0.00329527
2.10686 0.00160027 0.000106899
2.11566 -0.0252419 0.00300583
2.20483 -0.017169 0.000653831
2.2017 -0.046793 0.00174746
2.28029 -0.0568724 0.000331251
2.21716 -0.048353 0.000159351
2.28294 0.0102489 -0.00161329
2.31775 -0.0115166 0.000814525
2.35234 -0.0606384 0.00285062
2.30385 -0.0346599 0.000860778
2.38333 -0.0105257 0.00452074
2.35326 -0.00932646 0.00460467
2.40319 -0.0241756 0.00487408
2.40598 -0.0072341 0.0055972
2.39449 0.0265193 0.0066491
2.4321 -0.0511107 0.00845823
2.38771 -0.00704682 0.00959405
2.4753 0.0202346 0.0104218
2.45613 0.000162125 0.00934681
2.45617 -0.00168896 0.010109
2.50785 0.0104847 0.00774607
2.4737 0.0157733 0.0104454
2.46843 0.0172315 0.0104624
2.47423 0.0148263 0.0131246
2.50304 -0.0270138 0.0136469
2.45172 0.0407 0.0142373
2.51613 0.0258217 0.015699
2.45521 0.0312471 0.0155648
2.55228 0.0553236 0.0150326
2.44294 0.0206876 0.0176731
2.49425 0.00169659 0.0138663
2.45262 -0.0184097 0.0103889
2.5602 0.0517335 0.0132335
2.57447 0.0461702 0.0125113
2.53998 0.0424042 0.0110007
2.53779 0.00118828 0.0109502
2.56728 0.0220137 0.0122894
2.47382 0.08636 0.0146295
2.48663 0.0372534 0.0130728
2.46887 0.0427227 0.0191372
2.51313 0.0682325 0.0148252
2.48657 0.0276108 0.0123337
2.47319 0.0461464 0.0156201
2.48867 0.0534134 0.0142649
2.43138 0.0444374 0.0126534
2.48082 -0.0184822 0.0126835
2.4888 0.0218773 0.0102163
2.44859 0.0319891 0.0141624
2.40489 -0.00334167 0.011016
2.45887 0.0657091 0.0118519
2.42578 0.0503178 0.0159706
2.44259 0.0785599 0.0155469
2.32259 0.101605 0.017695
2.25294 0.0402861 0.0179034
2.15707 0.0631371 0.0111154
2.07215 0.032074 0.00943741
2.00395 0.0201263 0.0084084
1.89757 0.0185242 0.00715598
1.86054 0.0219078 0.00618753
1.8161 0.0536327 0.00770363
1.86688 -0.00859022 0.00882992
1.91651 0.0806007 0.00817761
1.77678 0.0166154 0.00944456
1.84907 -0.00336456 0.0148443
2.05231 0.0562 0.0147997
2.00738 0.0399723 0.017206
2.03112 0.0438871 0.0151044
2.03565 0.0274096 0.0103944
2.12573 0.00444508 0.0089558
2.166 -0.000671387 0.00606164
2.12895 -0.0135937 0.00433621
2.13037 -0.0100892 0.00470027
2.21394 0.00513554 0.00230345
2.29891 -0.0511251 0.000144808
2.27183 -0.00300932 -0.00110308
2.28961 0.0770788 0.00210961
2.30487 0.0273197 0.00574502
2.35494 0.0266073 0.0025607
2.41038 -0.0401757 0.00777396
2.45357 -0.0482693 0.00376233
2.43678 0.0561688 0.00958332
2.53013 0.0326239 0.0130564
2.46128 0.091615 0.0152625
2.51597 0.0384881 0.0162109
2.50793 0.154736 0.0147086
2.54416 0.0258784 0.0137423
2.64849 0.005898 0.0149222
2.64861 0.0823044 0.017563
2.70127 0.0764666 0.0160929
2.71465 0.0750113 0.0189842
2.71277 0.0773804 0.0172256
2.75857 0.0258959 0.0141357
2.67302 0.0402241 0.0129858
2.74388 0.0700598 0.0175794
2.71147 0.0596714 0.0189014
2.75379 -0.0082345 0.0152319
2.71472 0.0719919 0.0160235
2.67929 0.032146 0.0174061
2.72984 0.0824194 0.0159734
2.73918 0.037781 0.0142089
2.71694 0.0818162 0.016141
2.76416 -0.00296128 0.0166596
2.70189 0.0481499 0.0164405
2.7823 0.0566641 0.0211242
2.74696 0.0432751 0.0195595
2.71061 0.0874708 0.0187233
2.85649 0.0712905 0.0208755
2.75759 0.0523448 0.0186366
2.74309 0.033476 0.0216566
2.99712 0.0514107 0.0199762
2.97804 0.040813 0.0254925
2.93539 0.0761513 0.0221451
2.87248 0.0690873 0.0264431
2.96067 0.147405 0.0231367
3.02791 0.0688725 0.0250681
3.02652 0.0331559 0.0190986
2.97805 0.0222874 0.0123585
3.03928 -0.0451183 0.0107528
2.95922 -0.0165434 0.0114146
2.8338 -0.0594277 -0.00178829
2.86978 -0.0845318 -0.00599852
2.86752 -0.108809 -0.00292984
2.81992 -0.100724 -0.00132814
2.79216 -0.0879216 -0.00250688
2.68359 -0.0949572 -0.0103301
2.61907 -0.138002 -0.0156135
2.52338 -0.126504 -0.0224525
2.46544 -0.132582 -0.0235368
2.38327 -0.173733 -0.0218522
2.28685 -0.135687 -0.0238127
2.28186 -0.0847493 -0.0267409
2.19361 -0.0937231 -0.0335361
2.09922 -0.150745 -0.0402843
2.09949 -0.119454 -0.0422632
2.02506 -0.132349 -0.0469479
2.04505 -0.152217 -0.0539893
2.03376 -0.167596 -0.0588671
1.99604 -0.164363 -0.0626861
1.96203 -0.162965 -0.0632764
1.9298 -0.221148 -0.0544504
1.90613 -0.149141 -0.0519418
1.90518 -0.146758 -0.0516492
1.79043 -0.172602 -0.0600084
1.71238 -0.163991 -0.0637294
1.70347 -0.214011 -0.0603441
1.77478 -0.188454 -0.0669109
1.75251 -0.168131 -0.0512814
1.76115 -0.126099 -0.059286
1.89642 -0.152543 -0.0607504
1.82146 -0.14191 -0.0623194
1.85764 -0.12097 -0.0619656
1.87845 -0.145176 -0.0600416
1.91051 -0.159724 -0.051175
1.91147 -0.146945 -0.0427693
2.02841 -0.0862684 -0.0252155
2.01843 0.0286298 -0.0156502
2.02485 0.00860739 -0.00596181
2.13979 -0.044826 -0.00203625
2.20795 0.0146084 -0.00384823
2.17082 0.0111971 0.00020775
2.23591 -0.0096097 -0.00250951
2.25581 -0.00677973 -0.00262657
2.30833 0.0173192 0.00204262
2.33594 -0.0482624 -0.000366124
2.34937 0.0459499 -0.000132235
2.40552 0.0697632 -0.000876816
2.45436 -0.015291 -0.00264135
2.46379 -0.00696835 -0.0073835
2.51669 -0.0408955 -0.00881997
2.55403 0.0048027 -0.0176586
2.55575 -0.0610707 -0.0130383
2.63799 -0.0234966 -0.0128266
2.66516 -0.0211325 -0.0109126
2.6948 -0.0273676 -0.00679389
2.82467 0.00217485 -0.00558511
2.74 0.0828743 0.00164565
2.74938 0.0286369 0.00348815
2.78407 0.0248947 0.00400504
2.76013 0.0520372 0.00545582
2.67088 0.0277195 0.00761756
2.72036 0.0177774 0.00563082
2.67378 0.0332294 0.00923332
2.67251 0.0298316 0.00863775
2.68921 0.0381117 0.00640759
2.67623 -0.00665951 0.00534043
2.78886 -0.0837636 0.00501022
2.56952 0.0236878 0.00430521
2.67612 0.0475647 0.00655421
2.7074 -0.00844526 0.0072039
2.61612 0.00496578 0.00183138
2.63897 0.102311 0.00404057
2.51772 -0.00172901 0.00194058
2.49123 -0.00201416 0.00410804
2.3307 -0.0116353 0.00396976
2.31 0.00337934 0.00301513
2.01822 -0.027545 -0.00128809
1.9955 -0.0409861 0.00358781
1.9297 0.033519 -0.00349441
1.76651 0.0333509 -0.000532063
1.84543 0.00139403 0.00334844
1.89048 -0.0362077 0.00580582
1.67792 -0.0348591 -0.00126878
1.85553 -0.00142956 0.00413617
1.66943 -0.00518203 0.00164327
1.67261 -0.016377 -0.0040485
1.74135 -0.0253142 0.00252279
1.71759 -0.0189781 0.000154821
1.67011 -0.0273461 -0.000346812
1.68274 -0.0547829 0.000651924
1.66886 0.0347423 0.00115022
1.59277 -0.012716 -0.00147215
1.5397 -0.0224371 -0.000910195
1.42948 -0.00463629 -0.000599774
1.29089 -0.0232878 -5.64178e-05
1.15959 0.0193019 0.000675766
1.11988 -0.022439 0.00178632
0.909577 -0.0298891 0.00272712
0.844883 0.0261829 0.0206362
0.833911 0.116668 0.0386325
0.850274 0.139014 0.063876
0.857872 0.188753 0.0775703
0.89915 0.155908 0.0900792
0.948774 0.26204 0.0986887
0.914145 0.258113 0.103527
1.06348 0.142098 0.107347
1.00515 0.291891 0.111432
1.02937 0.242212 0.111107
1.11539 0.198309 0.113586
1.14745 0.237285 0.109438
1.18927 0.254096 0.106846
1.18016 0.233374 0.100003
1.22512 0.171463 0.0897487
1.28839 0.241375 0.0721253
1.36056 0.202598 0.051283
1.35878 0.0611162 0.038447
1.44174 0.102724 0.0306521
1.46336 0.0685921 0.0311182
1.50413 0.0632267 0.0289701
1.56222 0.0831308 0.0195628
1.63909 0.0335827 0.0111791
1.67889 0.0628715 0.0111078
1.70938 0.0225782 0.00369534
1.73425 0.00349903 -0.00321689
1.78492 -0.0494242 -0.00286785
1.8333 -0.0399179 -0.00528494
1.903 -0.0163279 -0.00296489
1.8777 0.0448875 -0.000259074
1.94298 0.0326939 -0.000616463
1.97416 -0.0650597 -0.000814112
2.08893 -0.0161648 -0.000689896
2.06238 0.017415 0.00155958
2.17713 -0.0353155 0.00329217
2.16207 0.057497 0.00196561
2.2591 0.0359845 0.00276479
2.23826 0.0130787 0.00172409
2.30453 0.0143576 0.00183853
2.32856 0.00163555 0.00284251
2.35819 0.0327511 0.00238856
2.45396 -0.0303888 0.000814764
2.44252 0.0311551 0.00180277
2.41676 0.00796747 0.000838844
2.4988 0.0379682 0.00280079
2.44124 -0.0563421 0.00221404
2.37323 0.0737681 0.0025278
2.43956 0.0187647 0.00157556
2.49039 0.00581747 0.00298032
2.47723 0.0274372 0.00347861
2.42742 -0.023684 0.00118503
2.46635 -0.0320673 -0.000455054
2.50463 -0.0530453 -0.00364867
2.54508 0.0356412 0.00233277
2.5322 -0.0302883 0.0021182
2.52139 -0.0128112 0.00537833
2.51934 0.0379896 -0.000264319
2.51457 0.0549288 0.0044969
2.58181 -0.0885477 0.00068864
2.70737 -0.00584602 0.00902161
2.51183 -0.0108032 0.00368985
2.66913 -0.0138817 0.00561079
2.69081 -0.071907 0.00287375
2.63269 0.0168257 0.0018886
2.70528 -0.0762978 0.00188169
2.65519 -0.0051136 0.00162086
2.59002 -0.0785933 -0.000821265
2.59215 0.0227613 -0.00147572
2.56395 -0.0716667 -0.000896605
2.50602 -0.0631046 -0.000649603
2.45702 0.0847321 -0.00143662
2.43099 0.0328636 0.0031949
2.38696 0.0201836 -0.000264557
2.36998 -0.0905428 -0.000787409
2.32346 -0.0977383 -0.0028967
2.26361 -0.0343418 -0.00370279
2.2676 -0.0733929 -0.0020918
2.26829 0.0543461 -0.000832232
2.20328 -0.01544 -0.00218812
2.13553 -0.0218983 -0.00170008
2.14215 0.038085 -0.000782164
2.14251 0.0396843 -0.00445429
2.04931 -0.00960159 -0.00430575
2.0701 0.0929928 -0.000337036
2.03408 0.00176334 0.00223335
1.92007 0.0805912 0.000740377
1.91929 0.071312 -0.0115339
1.82967 0.0187035 -0.0234429
1.72025 -0.0667305 -0.0374636
1.52673 -0.0815468 -0.0474314
1.48308 -0.123475 -0.0635437
1.51442 -0.220301 -0.0712098
1.44986 -0.339573 -0.085894
1.3737 -0.206348 -0.09274
1.4968 -0.255838 -0.0999118
1.51419 -0.258348 -0.0981509
1.40647 -0.267292 -0.101398
1.54036 -0.257343 -0.102432
1.4902 -0.196333 -0.0933916
1.46425 -0.0931654 -0.0766858
1.52096 -0.0943139 -0.0473141
1.66115 -0.0965457 -0.0414859
1.63248 -0.0924931 -0.0303654
1.71906 -0.0672526 -0.0233153
1.7317 -0.0250368 -0.0147051
1.79109 -0.019237 -0.0118779
1.82376 0.009202 -0.00254312
1.8482 -0.0242252 -0.00707784
1.90627 -0.0209494 0.000159113
1.91645 -0.0145378 0.000959245
1.92679 -0.0183182 0.000716774
1.90866 -0.00479507 -0.00038782
1.99231 0.00207949 -0.00175634
2.03641 -0.00350046 -0.000593813
2.03663 0.0256276 -0.00184289
2.0063 -0.00184155 0.0027667
2.05858 -0.073884 -0.000405224
2.08226 -0.0458555 0.000921814
2.157 -0.0261116 0.00199374
2.18921 0.0445495 -0.000831517
2.24158 -0.0616388 0.000690548
2.25846 -0.03794 -0.000324639
2.33111 0.0985641 0.00380239
2.32331 0.0105104 7.35203e-05
2.37262 0.0266676 -0.00198689
2.37083 -0.0606804 -0.00159112
2.37806 0.016222 -0.0011572
2.45467 -0.0280466 0.00191864
2.53387 -0.0604506 0.00260219
2.55582 -0.00896931 0.00342569
2.58474 -0.0521822 -0.000385912
2.67755 -0.063612 -0.0008401
2.63282 -0.0680609 0.0013369
2.66604 -0.00926781 0.000768749
2.72108 -0.00254345 0.00347098
2.78793 -0.0637426 0.00224361
2.79826 -0.0613947 0.00334963
2.80974 -0.0336561 0.00077614
2.77366 -0.0833807 0.0021635
2.8051 -0.0657539 0.000866501
2.79696 -0.0757546 -0.00149051
2.74535 -0.0733211 -0.000988158
2.70585 -0.0574923 -0.00105658
2.64535 -0.134814 -0.00491658
2.65284 -0.0547037 -0.00823751
2.62415 -0.0736299 -0.0143954
2.50921 -0.12932 -0.0198895
2.59132 -0.0776429 -0.0264467
2.57931 -0.131656 -0.0274824
2.57714 -0.121046 -0.0332061
2.59835 -0.0872269 -0.0355002
2.62806 -0.0247011 -0.0354559
2.45298 -0.100066 -0.0381717
2.57125 -0.0881157 -0.030508
2.48872 -0.0736446 -0.0265104
2.4485 -0.0458393 -0.0200519
2.51523 0.0109701 -0.00743166
2.59797 -0.000952244 -0.00281731
2.53986 0.00772524 0.00394282
2.55759 -0.0288591 0.00247606
2.63694 0.0301938 0.00289354
2.66149 -0.0108812 0.000579206
2.58207 -0.0332372 0.00223622
2.59708 -0.0778127 -0.000358017
2.59705 -0.0262926 0.00134119
2.55666 0.0153561 0.000525085
2.51975 0.0446715 0.000720588
2.47056 0.0313464 -0.00164309
2.51793 0.0238417 -0.00225249
2.51233 -0.0551825 -0.00379148
2.42471 -0.0255897 -0.0144114
2.3482 -0.0842348 -0.022236
2.41236 -0.102587 -0.0278772
2.3847 -0.0499315 -0.034449
2.35902 -0.10553 -0.0333897
2.34777 -0.125896 -0.0352367
2.33631 -0.17492 -0.0377716
2.31695 -0.120436 -0.0353231
2.28797 -0.11919 -0.0273735
2.23932 -0.0792866 -0.0247251
2.22979 -0.0856514 -0.0231039
2.21702 -0.110371 -0.0227181
2.15198 -0.118412 -0.0283228
2.11069 -0.166641 -0.031711
2.06274 -0.171942 -0.036792
2.04947 -0.151201 -0.0419907
2.06052 -0.173225 -0.0369388
2.08245 -0.154877 -0.0369538
2.07158 -0.165255 -0.036255
2.09356 -0.135351 -0.0391337
2.06211 -0.109098 -0.039375
2.02404 -0.0831757 -0.0307273
1.99952 -0.0698051 -0.022576
1.99979 -0.0316868 -0.0257665
2.06436 -0.199034 -0.0212607
1.96082 -0.0202923 -0.0259561
2.02989 -0.0821629 -0.0235685
2.07029 -0.085989 -0.033951
2.03696 -0.091073 -0.0360176
2.05691 -0.107204 -0.0341922
2.09659 -0.0950675 -0.0334267
2.08718 -0.134089 -0.0379747
2.14211 -0.159473 -0.037207
2.14921 -0.134816 -0.0329744
2.15658 -0.125687 -0.0378524
2.26794 -0.0697308 -0.0246243
2.23062 -0.120719 -0.0250763
2.22864 -0.016942 -0.0163254
2.28568 -0.0857697 -0.0161602
2.29429 -0.0954175 -0.0263194
2.31892 -0.0727844 -0.0172025
2.2947 -0.0518119 -0.0208792
2.32721 -0.0780291 -0.0201701
2.30572 -0.0658028 -0.0194005
2.3244 -0.0654697 -0.024094
2.30935 -0.0912294 -0.0265888
2.37428 -0.0752482 -0.0307216
2.30371 -0.100529 -0.03047
2.37954 -0.104765 -0.0318843
2.33277 -0.082756 -0.0357811
2.30484 -0.0880313 -0.0373234
2.3754 -0.108432 -0.0334667
2.37532 -0.0833068 -0.0282814
2.4316 -0.047914 -0.0264768
2.43905 -0.0557661 -0.0284607
2.38361 -0.0348992 -0.020429
2.39126 -0.080709 -0.0180511
2.37879 0.0138617 -0.015834
2.26018 -0.000989914 -0.0158316
2.24176 -0.0779445 -0.0106486
2.20317 -0.0776129 -0.012247
2.1069 -0.0362449 -0.00906936
2.12667 -0.0176258 -0.0122556
2.01392 -0.067708 -0.0157439
1.98438 -0.094871 -0.0203361
1.92898 -0.166079 -0.0203995
1.86303 -0.0440943 -0.0300769
1.8157 -0.135887 -0.0462238
1.85304 -0.139058 -0.0551533
1.78823 -0.171911 -0.0605661
1.89167 -0.178173 -0.0616955
1.83635 -0.0512025 -0.0549542
1.89804 -0.114841 -0.0487007
1.92698 -0.122619 -0.0404109
2.06778 -0.13111 -0.0301935
2.02617 -0.0175152 -0.0278429
2.08347 -0.0385966 -0.0193209
2.18391 -0.0385861 -0.0138032
2.17838 -0.085804 -0.00927034
2.05148 -0.0811725 -0.0128502
2.13833 -0.111136 -0.0124435
2.16006 -0.0748539 -0.0087978
2.14369 -0.0540175 -0.0109026
2.05719 -0.0699666 -0.0159108
2.1117 -0.067445 -0.0181326
2.06652 -0.100319 -0.0209021
2.12408 -0.0745044 -0.0252968
2.0716 -0.0955772 -0.0235817
2.04662 -0.0260458 -0.0285
2.04389 -0.187051 -0.0281207
2.0864 -0.0945034 -0.0284494
2.03043 -0.0172248 -0.0289761
2.07106 -0.00742626 -0.0330626
2.00713 -0.0799625 -0.0417582
2.11673 0.0631652 -0.0447859
2.0939 -0.148215 -0.0561887
1.99162 -0.0823359 -0.0630337
2.03601 -0.1785 -0.0674707
2.04834 -0.206552 -0.0675186
2.04554 -0.234522 -0.06593
2.1367 -0.036696 -0.0605206
2.07259 -0.134347 -0.0482871
2.06818 -0.124546 -0.0323917
2.16835 -0.0408859 -0.0132374
2.13046 -0.0106983 -0.00666538
2.15239 -0.0504847 -0.00259534
2.16797 -0.0196114 0.00013837
2.11639 0.0611496 0.00316199
2.14279 0.00810719 0.00439653
2.03239 -0.00466919 0.00629315
1.98651 -0.00798798 0.00677046
1.82523 0.0291595 0.00520143
1.85648 0.0116978 0.0134455
1.79404 0.0343914 0.0211178
1.81777 0.0516453 0.0362357
1.84669 0.112801 0.0524164
1.75886 0.24666 0.0671397
1.72567 0.248116 0.0780199
1.77796 0.198252 0.091003
1.78671 0.259607 0.103335
1.76402 0.299879 0.102999
1.72304 0.303846 0.106243
1.79096 0.35035 0.110497
1.77921 0.290169 0.116632
1.81448 0.296619 0.115584
1.88215 0.209865 0.113091
1.9205 0.183097 0.10315
1.90615 0.164856 0.0908872
1.89037 0.221025 0.0754651
1.87434 0.173251 0.059095
1.9129 0.120921 0.0521794
1.95818 0.101765 0.0375596
1.93003 0.0843077 0.0260104
2.05853 0.042181 0.0200833
2.10197 0.0713768 0.0166253
2.11778 0.043354 0.0100356
2.16972 0.0204363 0.00126895
2.17313 -0.0122147 -0.00112644
2.20717 0.0332651 0.00253114
2.20186 0.0219212 0.00836834
2.21937 0.0239325 0.00629481
2.17958 0.00702953 0.00655708
2.16583 0.0166588 0.00363192
2.00362 -0.00129032 0.00259647
1.96583 0.0691185 -0.000526102
1.82622 -0.0472956 -0.00112573
1.67184 -0.00113869 -9.59953e-05
1.61749 -0.033988 -0.00126043
1.50743 0.0148115 -0.000202092
1.34204 0.0161099 0.00409517
1.22668 -0.0114942 0.00596389
0.96794 0.00212574 0.000842897
0.825748 -0.0212841 0.00214538
0.699131 -0.0226231 0.00236568
0.497123 -0.0116224 0.00173768
0.318344 -0.0349712 0.000117866
0.200468 -0.00494576 0.000676004
0.167183 0.00196838 0.00124559
0.0997324 -0.00724411 0.000591127
0.0632753 -0.00462246 0.000342933
-0.00510216 0.00607395 0.00223931
0.000718117 -0.001091 0.00195583
0.000749588 0.0125275 0.00186834
-0.0165768 0.00638771 0.0019544
-0.00165462 0.00630474 0.00197443
0.00424671 0.0208902 0.00187644
0.00392914 -0.00148773 0.00192103
0.02528 -0.0160589 0.00152048
0.00984955 0.000219345 0.0020636
0.0403109 -0.000296593 0.00206145
0.0697479 -0.00167847 0.00331959
0.12312 0.0574436 0.00584802
0.155519 0.0252304 0.0109051
0.203625 0.033814 0.0168901
0.300577 0.0600395 0.0248762
0.298415 0.0932083 0.0353862
0.389332 0.0575609 0.0452834
0.402691 0.0871725 0.0561903
0.44408 0.0959072 0.0630835
0.558929 0.129095 0.0714448
0.642102 0.0928073 0.0792654
0.713213 0.173466 0.0837558
0.819524 0.170132 0.0865427
0.848747 0.12774 0.087329
0.992727 0.187891 0.0908228
1.00045 0.167153 0.0904175
1.12034 0.192019 0.0928238
1.13041 0.24968 0.0946513
1.15262 0.179823 0.0940648
1.31285 0.216632 0.0922173
1.42553 0.225577 0.0915774
1.49479 0.0760107 0.0669006
1.50898 0.206676 0.0405558
1.53359 0.0909457 0.0249802
1.57942 0.0479753 0.0156091
1.65087 0.00822639 0.0169459
1.71182 0.0395103 -0.00430027
1.7157 0.0477977 -0.00841585
1.71591 -0.0626916 -0.0112311
1.83501 0.0627179 -0.0111121
1.96053 0.0108435 -0.0102245
2.00951 0.00444114 -0.00980273
2.00174 -0.0823672 -0.0123302
2.08621 -0.00177431 -0.0161966
2.10107 -0.113249 -0.0230817
2.16057 -0.109634 -0.0205268
2.11824 -0.199926 -0.0204786
2.24549 -0.115069 -0.0265748
2.17327 -0.056334 -0.029292
2.22646 -0.0998043 -0.0298232
2.18821 -0.0638657 -0.0255765
2.24902 -0.0817099 -0.0197431
2.1955 -0.0634357 -0.0228385
2.24702 -0.0962391 -0.0191299
2.24345 -0.0922569 -0.0207128
2.23346 -0.107395 -0.0247084
2.29871 -0.148999 -0.0224196
2.30166 -0.120472 -0.0235356
2.24334 -0.104991 -0.0249242
2.2201 -0.110856 -0.025438
2.22915 -0.11116 -0.0249425
2.23851 -0.105026 -0.0312502
2.13183 -0.0638428 -0.0259768
2.11392 -0.0622091 -0.025263
2.18105 -0.0420914 -0.0218119
2.28472 -0.0718107 -0.0184685
2.21555 -0.1019 -0.0180849
2.19614 -0.0997148 -0.0226523
2.2105 -0.0591612 -0.0230629
2.2154 -0.12189 -0.0223443
2.25733 -0.0841956 -0.0201708
2.20221 -0.108917 -0.0194029
2.21158 -0.0713997 -0.0203418
2.21232 -0.118657 -0.0220503
2.22358 -0.12665 -0.0243358
2.26488 -0.102895 -0.0230929
2.26627 -0.0785518 -0.0244514
2.29391 -0.170728 -0.0232758
2.2149 -0.0804501 -0.0279235
2.26763 -0.0733042 -0.0258929
2.25644 -0.0817528 -0.0251135
2.23165 -0.0892878 -0.0266003
2.27276 -0.0742254 -0.0295104
2.25242 -0.0971041 -0.0285949
2.32906 -0.057183 -0.025912
2.35318 -0.0820231 -0.0272583
2.3161 -0.0897777 -0.0298077
2.29433 -0.0238848 -0.0288478
2.33149 -0.108325 -0.0329644
2.32197 -0.0514941 -0.0328719
2.39749 -0.0594301 -0.0309271
2.39966 -0.0581844 -0.0281455
2.4249 -0.0378601 -0.0290805
2.44095 -0.106085 -0.0256905
2.45392 -0.0564706 -0.0230078
2.50651 -0.0462437 -0.0190279
2.53 -0.029952 -0.0124532
2.51594 -0.0150843 -0.00845662
2.56621 -0.0512667 -0.0041298
2.58625 -0.0167484 -0.00444451
2.58075 0.0224085 -0.00357786
2.54713 0.0340834 0.00281915
2.63566 0.0709391 0.00435743
2.66672 0.0602837 0.00451097
2.65558 0.0166359 0.00561198
2.67638 -0.0191383 -0.00101891
2.66096 0.0376854 0.000789015
2.75168 -0.0510654 -0.00204197
2.77814 -0.02318 -0.00305429
2.89667 -0.0705376 -0.00521413
2.79644 -0.0802031 -0.00267235
2.84316 -0.0190392 -0.000439795
2.86671 -0.00507355 0.00527844
2.86781 0.00163269 0.00694737
2.91733 -0.0272379 0.00222382
2.89351 0.0196962 0.00339326
2.87025 0.00622559 0.0032092
2.87414 -0.0947704 0.00535926
2.95522 0.0189657 0.0019606
2.88133 -0.0114698 0.00149306
2.97566 0.0639772 -0.000289353
2.93485 -0.0242167 0.000659553
2.98838 0.0181103 -0.00361052
2.94542 0.00261307 -0.00416938
2.95924 0.0328426 -0.00131861
2.8801 -0.0283728 -0.000668915
2.92817 -0.0445633 0.00291547
2.87004 -0.0224285 -0.0018982
2.80954 -0.0201898 -0.000881346
2.71136 -0.0191612 0.00341353
2.68082 -0.0297594 0.00476727
2.57428 0.0174432 0.000681488
2.56124 0.0137253 0.000365822
2.58795 -0.0188298 -0.000945242
2.54338 -0.039331 -0.000595959
2.46668 -0.00329971 0.00323066
2.35046 -0.0441661 0.000591366
2.22026 -0.0333366 0.00226959
2.11391 -0.100264 0.00436911
1.87214 -0.00325394 -0.000769766
1.75417 -0.0264003 0.00205764
1.68963 0.0205407 0.0001882
1.63967 -0.0486604 -0.00258938
1.66497 -0.0433917 0.00122484
1.61342 0.023289 0.00248894
1.79174 -0.0804529 -0.000486763
1.60503 -0.0867949 -0.00399795
1.66364 0.0131493 -0.0100738
1.76026 -0.00150943 -0.000428589
1.85917 -0.0560505 -0.00124398
1.75472 -0.0809316 -0.00411502
1.78869 -0.0386956 -0.00251547
1.86931 -0.0130181 0.00197157
1.90616 -0.0166927 0.00329813
1.93867 -0.0232651 0.00146922
1.97457 -0.0425341 0.00726709
1.97139 -0.110487 0.00432905
1.886 0.0240836 0.00558719
1.91786 -0.0694947 0.00553426
1.91025 0.00339365 0.00366697
1.78191 -0.0698488 0.000868408
1.65949 0.00444746 0.00147709
1.70388 -0.0590675 0.00435695
1.6985 0.0824161 3.01282e-05
1.47071 0.0539515 0.000400631
1.8428 0.146187 -0.00369945
1.66288 -0.0234289 0.000411121
1.67579 0.20151 -0.0145845
1.8338 -0.0635509 0.000313131
1.73587 -0.076055 -0.00360432
1.85294 -0.0408993 0.00153836
1.83524 0.0467119 0.000567762
1.86693 -0.0812206 -0.000581654
1.8892 0.0363116 -0.000266465
1.97008 0.00705147 0.00306996
1.96015 0.0772686 -0.00131598
2.0219 -0.0173435 -0.00191179
2.04504 -0.00839329 -0.00358716
2.03014 -0.0333004 -0.003714
1.97988 -0.148844 0.00129661
1.98515 -0.0595319 -0.000291022
1.90277 -0.0855761 -0.000335844
1.84574 -0.073873 -0.000631245
1.70157 -0.0318632 -0.00262085
1.60046 -0.0168457 -0.000959309
1.54232 -0.047457 -0.0021936
1.52539 -0.0519056 0.000265447
1.36522 -0.0118142 -0.00231973
1.38605 0.000566483 0.00298843
2.02804 -0.0485933 0.0292836
1.62618 -0.252434 -0.0120803
1.5692 -0.0271482 -0.00276128
1.66358 0.170313 -0.00130335
1.58124 -0.0492239 -0.00132337
1.68381 0.0927637 -0.00113216
1.71273 0.0655136 -0.000587614
1.77944 -0.0367889 -0.00254527
1.81101 -0.0367842 -0.00216046
1.81103 -0.052372 -0.000504168
1.82121 -0.00855803 -0.0046269
1.90298 -0.00545096 -0.00667921
1.96752 -0.0675917 -0.00444427
2.03193 0.0359581 -0.00641313
1.99583 0.00023222 -0.00974265
2.08202 -0.122379 -0.00942198
2.0657 -0.0206347 -0.0191635
2.09582 -0.110779 -0.0248984
2.1337 -0.0909258 -0.0301751
2.18817 -0.152579 -0.0279948
2.17706 -0.110943 -0.0316593
2.22232 -0.0707012 -0.0328917
2.24704 -0.155371 -0.0319072
2.34583 -0.0684316 -0.0322405
2.31029 -0.141583 -0.0347613
2.34937 -0.0634589 -0.0310148
2.4107 -0.0197971 -0.0276591
2.35211 -0.114615 -0.0261554
2.48299 -0.0454116 -0.0238351
2.5275 -0.126914 -0.0208632
2.49008 -0.0912852 -0.01548
2.45587 -0.024992 -0.0103518
2.54453 -0.0676699 -0.00802937
2.4954 -0.00764179 -0.010523
2.44902 -0.0839691 -0.00672737
2.5001 -0.0926428 -0.0107168
2.4045 -0.0272894 0.00369772
2.38816 -0.000369072 0.0098997
2.39851 -0.0336914 0.00378999
2.38804 -0.0257893 0.00233206
2.36333 -0.019062 0.00366577
2.33727 -0.022213 0.00530585
2.32863 -0.00118542 0.00738534
2.29614 -0.0249004 0.00747356
2.28404 -0.0136395 0.0103634
2.24482 0.00146627 0.013986
2.37473 0.0360479 0.0231944
2.24592 0.0420356 0.021942
2.3096 0.00315142 0.027428
2.11876 0.0171156 0.0229374
2.1689 0.07302 0.0296701
1.9852 0.0218506 0.0268119
1.88207 0.0506859 0.0259579
1.88407 -0.0289974 0.0202406
1.75434 0.0316257 0.0190621
1.63884 0.00444794 0.0177389
1.63518 0.0554676 0.0213495
1.56584 0.0281115 0.019004
1.50267 0.0311737 0.0180581
1.4876 0.0202351 0.0169724
1.57666 0.0124846 0.016569
1.49405 -0.0153232 0.0134445
1.43689 0.0352428 0.0093182
1.52084 -0.0563288 0.00445589
1.46201 -0.0145626 0.0052391
1.42637 -0.062613 0.00395617
1.36177 -0.00564098 -0.00873342
1.285 -0.116622 -0.0235247
1.30016 -0.0890751 -0.0417756
1.30716 -0.0760279 -0.0458254
1.20228 -0.124758 -0.0577022
1.1594 -0.151609 -0.0635082
1.15739 -0.215382 -0.0696513
1.13588 -0.180554 -0.0768112
1.20697 -0.17145 -0.0848886
1.16573 -0.187332 -0.0906684
1.14657 -0.259638 -0.102293
1.14465 -0.244649 -0.102435
1.1678 -0.234414 -0.106623
1.1787 -0.236057 -0.107206
1.19854 -0.239649 -0.102536
1.243 -0.215283 -0.0969118
1.31725 -0.143329 -0.0809969
1.33277 -0.140698 -0.0584938
1.42337 -0.114413 -0.0401391
1.48986 -0.0571213 -0.0240158
1.59459 -0.0265422 -0.0188364
1.62487 -0.0686312 -0.0120102
1.62652 0.0430725 -0.0144157
1.70584 -0.0579152 -0.00942818
1.74343 -0.0363519 -0.0046393
1.87271 -0.0361943 0.000809042
1.91652 -0.0385476 -0.00321284
1.91681 0.00181985 -0.000580462
1.94905 0.00528812 0.00107869
2.04111 -0.0155306 0.000952808
2.06032 -0.0388303 0.000173656
2.11348 0.00602388 0.00146279
2.1556 0.00971794 0.00332507
2.23342 0.012248 0.00406274
2.28245 -0.020484 0.00177941
2.32628 -0.0835276 0.000707237
2.31202 -0.0239468 0.000185816
2.3192 0.0260181 -0.000474127
2.35674 -0.0914049 0.0033544
2.32182 -0.0434456 0.00224647
2.32438 -0.0258217 0.00107679
2.34969 -0.0510235 0.00186094
2.39252 -0.0238571 0.00182399
2.38542 -0.0736828 -0.0019466
2.4287 -0.0360336 -0.00363842
2.37168 -0.0328312 -0.00196973
2.41041 -0.0184259 0.000501959
2.39604 -0.0476713 0.000698177
2.37527 0.00344563 -0.000764521
2.4954 -0.0135374 0.00313195
2.49542 -0.0711184 0.00119814
2.41135 -0.0605125 7.35203e-05
2.35875 -0.0693913 -0.00016013
2.46169 -0.0764494 0.00018963
2.42906 0.00430393 -0.00148693
2.46733 -0.0543385 -0.000233086
2.41245 -0.0314503 -0.000651749
2.40341 -0.0524054 -0.000224503
2.40031 -0.0160818 0.000261156
2.41344 -0.0310163 -0.000601443
2.40528 -0.0336714 -0.000438364
2.27675 -0.0128279 -0.00101701
2.31383 -0.0368843 -0.00155321
2.30806 -0.00721741 0.00125775
2.27335 -0.0223999 -0.00160566
2.32294 -0.0695372 -0.00223056
2.27766 -0.0291157 -0.00301543
2.29455 -0.0629663 -0.00437203
2.27595 0.0033884 -0.00145403
2.28323 -0.068819 -0.00295463
2.30088 -0.0109243 -0.00312057
2.33622 -0.0232544 -0.00464478
2.37806 -0.0720944 -0.00458017
2.37539 -0.0284495 -0.00397864
2.43154 -0.0401425 -0.00881043
2.44506 -0.0575471 -0.00878397
2.45522 -0.0726576 -0.00756207
2.51184 -0.10052 -0.0102736
2.51251 -0.0303416 -0.00847665
2.55251 -0.0492244 -0.00815717
2.5866 -0.0365191 -0.00738016
2.57653 -0.114484 -0.00428739
2.61758 -0.0631447 -0.00917474
2.58086 -0.0382366 -0.0064148
2.71591 -0.0207806 -0.00738755
2.69758 -0.0335064 -0.00057927
2.71977 0.0572233 0.000691024
2.72322 0.00778484 -0.000313433
2.68764 0.0217791 -0.000310334
2.70961 -0.00596809 0.00175103
2.72733 -0.00874996 0.00079569
2.7328 -0.0363874 0.000369875
2.69375 0.0288267 0.00258502
2.69814 -0.0172281 -0.00280014
2.61051 -0.0676584 -0.00253621
2.61351 -0.0248384 -0.00170842
2.55927 -0.0329876 3.27508e-05
2.5403 -0.0004282 -0.00466243
2.59676 -0.0470037 0.00151238
2.51801 -0.0860944 5.01553e-05
2.50064 -0.110641 0.00286421
2.45384 -0.075738 0.000165073
2.46479 0.0225639 -0.000953348
2.47723 -0.108404 0.00269231
2.42713 -0.0695486 0.002359
2.30788 -0.0797939 -0.000268849
2.41573 -0.0413699 -0.000167759
2.23409 -0.175277 0.00526222
2.39509 0.094533 0.00474199
2.39188 0.0630035 0.00197634
2.08557 -0.341692 0.0118538
2.27749 0.280869 -0.00137273
2.41016 -0.0720797 -0.00209323
2.35927 -0.189821 0.00209841
2.33725 -0.0837812 -0.000614556
2.41371 -0.122011 -0.000552328
2.38732 -0.0302691 -0.00228015
2.39382 -0.0337439 -0.00262156
2.39411 -0.0219173 0.00227389
2.37197 -0.0691288 0.000105945
2.42393 -0.0570641 0.00260982
2.32857 -0.00396156 0.00165471
2.38505 0.0106401 0.000984041
2.26592 0.0290141 0.000142185
2.28266 -0.0845509 0.00175509
2.3247 -0.0687767 0.0143991
2.3261 0.0312648 0.00214204
2.37906 -0.0535615 0.00237831
2.28741 -0.010076 -0.00037423
2.32019 -0.0026207 -0.00169769
2.37728 -0.0778346 -0.00349274
2.39224 -0.0871294 -0.00356332
2.35279 -0.044693 0.00140413
2.30325 -0.0294428 -0.00226274
2.29715 -0.0343723 -0.00371638
2.27863 -0.0958333 -0.0014092
2.19946 -0.0543814 -0.00364176
2.14032 -0.0363131 -0.00163689
2.08143 -0.03721 0.00172671
2.00077 -0.0799217 -0.000712069
1.91599 0.0108461 0.00150117
1.85421 -0.0884051 0.000622598
1.8575 -0.0324175 -0.000835093
1.69624 -0.0541773 -0.00303522
1.73951 -0.0357027 0.0033277
2.00635 0.237338 0.022991
1.71649 -0.0974698 0.00135192
1.67986 -0.121644 -0.0064787
1.85282 0.00245571 0.00683936
1.8776 0.00541401 0.00672635
1.83305 -0.0433836 0.00356135
1.90658 0.0153971 0.0042499
1.92141 -0.0766354 0.00202569
1.96935 0.0306134 0.00132307
1.98185 0.00801945 0.00112375
2.02145 -0.00357628 0.00226077
2.01961 -0.0406229 0.00103244
2.01267 0.00838923 0.00170359
2.02873 -0.023968 0.00376662
2.12382 -0.0646086 0.00293097
2.0821 4.24385e-05 0.00240764
2.09834 -0.00979877 0.00224146
2.1337 -0.0336154 0.0018526
2.15491 -0.0267872 0.00340161
2.11208 0.000756145 0.0011855
2.14542 -0.00709295 0.000280468
2.1513 -0.0742463 0.0019494
2.12912 -0.0698082 0.00188765
2.02076 0.0816219 0.00244292
2.02916 -0.0838152 0.000197021
2.02487 -0.0908192 0.000338642
2.21194 -0.258446 0.0199684
1.95323 0.0968487 -0.00729981
1.85857 0.0686674 -0.0111746
2.08096 -0.0322672 0.00877985
2.00962 0.0444066 0.00320777
2.12819 -0.0599513 0.00821122
2.11227 0.0013485 0.00116548
2.12449 -0.0225155 0.00223121
2.20158 -0.0478153 0.000487892
2.19115 0.0177484 0.000257579
2.21322 -0.0102093 0.000536291
2.21183 -0.0318313 0.000754682
2.24019 -0.0126152 0.000923483
2.23903 -0.0229807 0.000433056
2.27322 -0.019515 -0.000350149
2.2604 -0.0785713 -0.00339142
2.23991 -0.0830326 -0.000773104
2.28156 -0.11677 0.00321445
2.29564 -0.0723343 -0.000874909
2.19258 -0.0343323 -0.00115362
2.19633 0.00233364 -0.000464352
2.19027 -0.026001 2.44061e-05
2.20988 -0.0795288 -0.00337973
2.23459 -0.0725746 -0.00194612
2.18119 -0.0100594 -0.000215681
2.12768 -0.0224743 0.0027028
2.18105 -0.0489902 0.00446328
2.16572 -0.104038 0.00428852
2.13439 0.0676365 0.00142011
2.32894 -0.0426779 0.00339779
2.24936 0.00693512 0.00106963
2.19218 -0.0142307 0.00226101
2.25014 -0.0457802 0.000208227
2.25179 -0.0564861 0.000301925
2.26191 -0.0292168 0.00126967
2.16735 -0.0127335 -0.000474604
2.28102 -0.0513191 0.00435409
2.26642 -0.121996 0.0062488
2.21164 -0.000860214 0.00468167
2.14177 -0.0324688 0.00302943
2.15956 -0.0157833 0.00362977
2.13046 0.00192261 0.00301513
2.06333 -0.0299721 0.00568518
2.06038 -0.042881 0.00316652
2.05416 -0.0240927 0.000618307
2.07909 -0.0501642 0.00606212
2.05774 -0.0449257 0.00510081
1.96806 -0.0487871 0.00275549
2.02397 -0.0580788 0.00422272
2.03094 0.0383434 0.00709352
1.97378 -0.0438576 0.00443324
2.03149 0.00734234 0.0062364
1.90134 0.0101261 0.00168928
1.82429 -0.0501728 -0.000324162
1.92974 0.00793076 0.0037826
1.87203 -0.0181484 -0.00293079
1.73769 -0.0509272 -0.00273505
1.72079 -0.0295124 -0.00307456
1.73655 -0.0615082 -0.00376597
1.69161 -0.0614901 0.00351152
1.79376 0.0392056 0.0025433
1.61066 -0.0511417 0.00480661
1.74784 0.0530763 0.00453099
1.86345 0.052785 0.00726279
1.62731 -0.0463328 0.00694474
1.68718 0.0392876 0.00411448
1.70891 -0.0115027 0.00454506
1.75938 -0.00236964 0.00468835
1.61198 -0.0117397 0.0071238
1.67848 0.00630534 0.00636753
1.7427 0.0213315 0.00128349
1.71881 0.0205747 0.00532517
1.6285 -0.0117896 0.00500259
1.76888 0.039982 0.00473055
1.70598 0.0268956 0.0013009
1.71338 0.00761801 0.00124153
1.71164 0.0260935 0.00247153
1.77282 0.0111544 0.00363335
1.7442 0.001378 0.00362381
1.7331 -0.0118082 0.0019978
1.69753 -0.0210149 0.00610933
1.71022 0.0166647 0.0013133
1.83762 0.051991 -0.00578156
1.5826 -0.0234063 5.92152e-05
1.70542 -0.098197 0.00594529
1.74785 0.0451713 0.0058361
1.74265 -0.0185041 0.00755223
1.81584 0.025075 0.00478086
1.72111 0.100168 0.00615367
1.93267 -0.0295773 0.00309762
1.82023 -0.015295 -0.000286253
1.83973 -0.00488281 0.00148877
1.91102 -0.0192223 0.00304541
1.91994 0.0146294 0.00315699
1.91999 -0.00550652 0.00187644
1.97306 -0.04214 0.00129089
2.00723 -0.021595 0.00469932
1.95888 -0.0268097 0.00253734
1.95293 -0.00709343 0.00269112
1.94375 -0.0180416 0.00288424
1.94508 -0.0302849 0.00622329
1.90025 -0.00313568 0.00370726
1.87924 -0.0366516 -0.000857504
1.87659 -0.00573063 0.00290736
1.84167 -0.0818501 0.00146374
1.73899 0.0189428 0.00196752
1.79376 -0.0664034 0.00214562
1.70387 3.24249e-05 0.00278577
1.73302 -0.0262337 0.00501546
1.58161 0.0136414 0.000665752
1.52595 0.00133324 0.00214085
1.64866 -0.041111 0.00172981
1.52955 0.0408325 0.000267355
1.4406 -0.0962296 0.000815479
1.45098 0.0195694 0.00283989
1.59975 -0.0191445 0.0038155
1.45503 -0.114962 0.00479182
1.33557 0.021574 0.00408873
1.17054 -0.0227585 0.00445208
1.27797 -0.0135956 0.00414452
1.09576 0.0723667 0.00185975
1.05114 -0.034893 0.000854341
1.13065 -0.0283375 0.00401243
1.03542 -0.0231495 0.00264844
0.960935 -0.0268879 -0.000282439
0.96463 -0.0182018 0.000736086
0.956954 -0.0324306 0.000261394
0.946415 -0.0438766 -0.000762852
0.811752 -0.0161514 -0.000703247
0.918821 -0.0459518 -0.000960263
0.861704 -0.00602531 -0.00413147
0.863049 -0.00372887 -0.00721255
0.859011 -0.015892 -0.0127675
0.87084 -0.0584297 -0.0167681
0.843893 -0.00572205 -0.0256967
0.902654 -0.104633 -0.031413
0.855704 -0.0674763 -0.0441903
0.903857 -0.109715 -0.0496012
0.960264 -0.16721 -0.0527112
0.912353 -0.112902 -0.0649361
0.855245 -0.183624 -0.0778467
0.907289 -0.159857 -0.0842251
0.873846 -0.204646 -0.08943
0.969336 -0.228722 -0.0945672
0.957133 -0.251919 -0.101569
1.01953 -0.226196 -0.108309
1.08991 -0.258483 -0.114496
1.07946 -0.220286 -0.119486
1.06323 -0.278555 -0.119399
1.0876 -0.294867 -0.122847
1.15747 -0.283733 -0.119832
1.16703 -0.177084 -0.110398
1.25624 -0.126591 -0.07605
1.36876 -0.127403 -0.0535971
1.53639 -0.0344417 -0.0427426
1.43127 -0.0270166 -0.0302259
1.41274 -0.0757933 -0.0273151
1.59521 -0.0339241 -0.0159468
1.68828 -0.0382252 -0.0115975
1.63334 -0.00222301 -0.0106315
1.78703 -0.0612984 -0.00792828
1.7985 0.019762 -0.00318709
1.8879 -0.0375991 -9.09885e-05
1.91414 -0.0345511 0.00025305
1.92335 -0.0276197 -0.000918539
1.95544 -0.00276542 -0.000599058
2.03728 -0.00763273 0.00629219
2.06971 -0.0134473 0.0071474
2.16389 -0.00548363 0.00605759
2.17565 0.00800228 0.0078443
2.15722 -0.0165262 0.00473055
2.25132 0.0636623 0.00390491
2.23018 -0.0375664 0.004433
2.41678 -0.0261657 0.000206319
2.33448 0.0281043 0.00292668
2.39635 0.0162506 -0.000732811
2.32789 0.0138998 -0.00154701
2.33673 0.0718012 -0.000347288
2.38673 0.0263157 0.000839082
2.34305 -0.048377 0.00212368
2.22348 0.0225625 -0.00311986
2.16457 -0.0782828 0.00129494
2.1055 0.0161357 0.00167617
2.04394 0.0383339 0.000252096
1.9909 -0.00585365 0.0019668
1.95658 -0.0569439 -0.00154963
2.03311 -0.0102421 -0.00100461
1.79216 -0.0183326 -0.000198277
1.81735 -0.0581989 0.00369128
1.81804 -0.0535252 0.000797836
1.91501 0.178603 0.00505385
2.18395 0.237878 -0.00134698
1.79695 -0.0933998 -0.00323096
2.04125 0.15485 -0.000689181
1.91616 0.0230565 8.78255e-05
1.82941 -0.16181 -0.00478068
1.83848 0.03326 0.00317558
1.88779 -0.0220034 0.000569908
1.96545 0.0152776 0.00179824
2.03499 0.0321386 -0.000611695
1.93769 -0.0358477 -5.78483e-05
2.03352 -0.0314507 -0.00117317
2.14331 -0.0106703 -0.00188223
2.03321 -0.00254941 0.00279245
2.00353 -0.0699162 0.00041732
2.10461 -0.00470781 0.00034794
2.47106 -0.0893669 0.00498876
2.16278 -0.183304 -0.00753561
2.3709 -0.0715923 0.00208291
2.14154 -0.0852566 -0.00142661
2.11155 -0.153066 0.00368294
2.10119 -0.00992739 0.00166663
1.89462 -0.121243 0.000894396
1.83508 -0.0125711 -0.00243154
1.747 0.0132658 -0.00296083
1.79481 0.0285106 -0.000637444
1.62042 -0.0496182 -0.00144497
1.69937 -0.0803819 -0.00152174
1.61449 -0.0607839 -0.004733
1.68349 0.0112963 -0.00538007
1.73558 -0.0106566 -0.0107955
1.69589 -0.0378094 -0.0177111
1.70344 -0.0733025 -0.0224945
1.69541 -0.0686655 -0.027197
1.67428 -0.0891585 -0.0440454
1.63779 -0.143534 -0.0550181
1.6655 -0.136445 -0.0624265
1.58863 -0.166976 -0.0654821
1.59921 -0.153807 -0.0715634
1.62631 -0.220631 -0.0722562
1.58035 -0.170419 -0.0749728
1.64928 -0.203664 -0.0703243
1.66245 -0.0997367 -0.0682491
1.63506 -0.0603211 -0.0606259
1.70509 -0.167496 -0.0575701
1.64039 -0.143477 -0.0545255
1.73424 -0.0794933 -0.0530662
1.79747 -0.0744245 -0.0460886
1.78849 -0.10227 -0.045525
1.84329 -0.0950519 -0.0456964
1.92314 -0.146207 -0.0436951
1.85804 -0.137465 -0.0472387
1.8375 -0.141254 -0.0474624
1.80842 -0.141948 -0.0421211
1.707 -0.075667 -0.0281247
1.68232 0.0633887 -0.0186605
1.66368 -0.0417418 -0.0103532
1.65186 -0.0514374 -0.00743309
1.71833 -0.0244493 -0.00697604
1.70363 0.000187874 -0.00577179
1.73118 -0.0524635 -0.00302091
1.87244 -0.0212517 0.00105724
1.79053 -0.0101051 0.00281486
1.82987 -0.00476742 0.00294909
1.93711 -0.0106201 0.00236067
1.97714 0.0190611 0.00219974
2.02255 -0.0683384 0.00314411
1.98112 -0.0265055 0.00135597
2.0524 -0.0249109 0.000402538
2.11652 -0.022203 0.000805942
2.15363 -0.0300007 0.00171742
2.17641 -0.0372305 3.25841e-07
2.15505 -0.0212419 0.00182304
2.24371 -0.0506864 0.00229987
2.29687 -0.0206556 0.00191197
2.30952 -0.019063 0.000133125
2.37051 -0.0389857 0.00200161
2.43854 -0.0269446 0.0014089
2.48204 -0.0170836 0.000836698
2.48737 0.00961399 0.0048736
2.48617 -0.0230711 0.00639853
2.49686 -0.000604153 0.0071288
2.46934 -0.00626084 0.0135921
2.50622 0.0515914 0.0118307
2.52712 -0.00591347 0.0151902
2.47061 -0.0158172 0.0129457
2.465 0.014461 0.00870046
2.45563 0.00770235 0.0135098
2.4828 0.0141506 0.0133177
2.479 -0.00688171 0.0136722
2.50886 0.0541468 0.0140518
2.49864 0.0013895 0.0110727
2.51967 0.0323467 0.0128649
2.55398 0.026268 0.0125526
2.52636 0.0576668 0.0128876
2.58149 -0.0116282 0.0101696
2.56427 0.00835705 0.0116473
2.54444 0.0199995 0.0143388
2.6339 0.0413537 0.0155941
2.59347 0.0519667 0.0134064
2.58016 0.0587635 0.00727638
2.57038 -0.0482607 0.00719461
2.59014 0.0497942 0.011715
2.5665 0.0461769 0.0126525
2.52965 0.0794458 0.0121742
2.50086 0.0568118 0.0160914
2.53534 0.0320659 0.010347
2.52302 0.0127544 0.0106357
2.53623 0.0327845 0.00813564
2.55723 0.00731468 0.0104104
2.51981 0.0471954 0.012348
2.54495 -0.0012722 0.0137685
2.54443 0.0216141 0.0144139
2.4468 0.0603018 0.0218109
2.50001 0.0246391 0.0146452
2.44106 -0.074152 0.0220381
2.32853 0.0787992 0.0161389
2.3307 0.117785 0.0211283
2.27581 0.0670114 0.0196961
2.15867 0.0623245 0.0156465
2.05329 0.0515156 0.0114149
1.96727 0.0555391 0.00615987
1.8174 -0.0158281 0.00848922
1.74087 0.0217714 0.00870713
1.67451 0.0131297 0.00592407
1.75688 0.0443153 0.00551137
1.58187 0.0611324 0.00512108
1.76219 -0.0795217 0.00343594
1.67057 0.00413656 0.00281605
1.66613 0.0326214 0.00976547
1.68075 -0.0387583 0.0120588
1.84576 0.0278578 0.0156463
1.8151 0.0265703 0.0148126
1.84224 0.0775976 0.0149034
1.84918 0.0390759 0.0124303
1.94755 0.0375729 0.00856694
2.02279 -0.0459976 0.00143322
1.9509 0.00680542 0.00249299
2.0162 -0.010726 -0.00255218
2.05088 -0.0365825 -0.0022389
2.11474 -0.0428815 -0.0022215
2.1518 -0.0662898 -0.000327738
2.17692 -0.0388358 0.00195464
2.21496 0.000642776 0.00703868
2.30511 -0.0255668 0.0112644
2.34535 0.0183353 0.00582203
2.32951 0.0447457 0.0116189
2.3132 0.00428164 0.0122543
2.40822 0.0241184 0.0108341
2.37982 0.0201107 0.0124675
2.41176 0.0882361 0.0108946
2.4627 0.0600007 0.011025
2.46965 0.0687612 0.0130666
2.47678 0.077265 0.0117677
2.5153 0.0124717 0.0132178
2.67481 -0.018957 0.0163937
2.62841 0.024199 0.0153757
2.61309 0.0469778 0.0171774
2.59538 0.0237384 0.0186411
2.57409 0.0686736 0.016326
2.54996 0.0176001 0.00970134
2.50193 0.0590315 0.0129779
2.55109 0.0240221 0.0167547
2.52773 0.061861 0.0171011
2.56509 0.0120506 0.0145369
2.57448 0.0772283 0.0159012
2.58007 0.0417905 0.014211
2.56855 0.050324 0.0140944
2.59553 0.0178206 0.01412
2.5616 0.0608397 0.010043
2.56287 -0.00090003 0.0116054
2.62145 0.0353761 0.00950607
2.61973 0.0473149 0.0106305
2.58424 0.00294209 0.0140992
2.53173 -0.00547528 0.0151091
2.53182 0.051147 0.0153778
2.52901 0.0478985 0.0169478
2.58142 0.0693953 0.0171467
2.65244 0.043069 0.0270346
2.70612 0.0616495 0.024541
2.63996 0.0429425 0.02361
2.63942 0.09013 0.0265575
2.66113 0.125494 0.0274301
2.74413 0.0600808 0.0277172
2.69 0.0574622 0.0245546
2.63099 -0.00348186 0.0123912
2.58299 0.0331635 0.00831923
2.66872 -0.0455568 0.0112317
2.64522 -0.0657778 0.0065237
2.6108 -0.0209951 -0.00443283
2.52764 -0.0203512 -0.00322643
2.47855 -0.0714924 -0.00875107
2.46587 -0.0693402 -0.00892607
2.50057 -0.047719 -0.00650707
2.38641 -0.0732698 -0.00256196
2.34844 -0.0629182 -0.0123028
2.30169 -0.0655907 -0.0153958
2.34963 -0.0465581 -0.0217837
2.32844 -0.140074 -0.0226688
2.35038 -0.0992846 -0.0212432
2.24967 -0.101113 -0.0245508
2.27415 -0.0416071 -0.0261635
2.23542 -0.0824968 -0.0274784
2.21698 -0.17198 -0.0416624
2.20047 -0.215525 -0.0455431
2.17648 -0.149604 -0.0496048
2.12912 -0.141216 -0.0502197
2.08691 -0.165851 -0.0461594
2.04896 -0.191348 -0.0472352
1.85918 -0.155426 -0.0472759
1.87566 -0.0892887 -0.0474848
1.78653 -0.153756 -0.0470168
1.70979 -0.154401 -0.0510592
1.70786 -0.158868 -0.0536265
1.62652 -0.125373 -0.0574471
1.63051 -0.0994492 -0.0586089
1.57257 -0.210807 -0.0582856
1.67996 -0.168451 -0.0665764
1.73667 -0.115443 -0.0613331
1.65159 -0.0626497 -0.0725943
1.70217 -0.220171 -0.0744864
1.72795 -0.176443 -0.0761906
1.66966 -0.163847 -0.0732667
1.71349 -0.127224 -0.0598072
1.77279 -0.107831 -0.0492291
1.82415 -0.120795 -0.0434782
1.88666 -0.0622926 -0.0257014
1.94019 -0.0531178 -0.0135678
2.00618 -0.000725269 -0.00554386
2.02986 -0.0224195 -0.00422207
2.08185 -0.0479126 -0.00186053
2.13479 -0.0285988 0.00027856
2.19921 -0.000967979 0.0013574
2.2523 0.0159838 0.00267705
2.30291 0.0517504 -0.00109282
2.32464 -0.0251102 -0.00115577
2.31969 0.00408983 0.000862924
2.47277 0.111672 0.00150332
2.43475 -0.00473356 0.00101122
2.44408 0.0415103 0.000620691
2.54134 0.0243597 0.00196323
2.55138 0.0580449 -0.00107447
2.62568 0.0457978 -0.0026857
2.62016 0.0459704 -0.000576647
2.6491 0.020431 0.00149211
2.72779 0.0245934 0.00202259
2.76973 0.0113482 -0.00385061
2.79434 0.0360856 -0.00161925
2.79212 0.0789661 -0.000543507
2.751 0.085166 -0.000960024
2.71309 -0.0038147 -0.000468643
2.74278 0.0460186 0.00181851
2.70237 0.0543098 0.00288734
2.7052 0.00145817 -0.00316492
2.66102 -0.00864983 0.00147447
2.62945 0.0986091 0.00128445
2.64198 -0.000635147 0.00358519
2.61257 -0.0170531 0.00516566
2.70806 -0.0696762 0.00598082
2.59227 -0.0878425 -0.000639351
2.58458 0.0496881 0.00246939
2.68533 0.0927153 0.00871548
2.53988 -0.0281591 0.00456318
2.49014 0.0886564 0.00508627
2.41784 0.0235281 0.00265655
2.29455 -0.010128 0.00244626
2.18378 0.0480118 -0.00035611
2.18943 0.0563822 -0.00347772
2.1054 -0.0828211 -0.000447901
1.88392 0.0160687 -0.00109902
1.91668 -0.0221257 0.00154719
1.9292 -0.0394747 -0.000399025
1.84645 0.00809646 0.00279626
1.96599 0.0742596 0.00747356
1.79213 0.00550008 -5.59409e-05
1.90649 0.0177798 0.00250038
1.78949 0.0271783 0.00821575
1.8434 -0.0372453 0.00190529
1.93329 0.000585794 -0.000676068
1.85014 0.00380325 -0.00216118
1.90305 -0.0406585 -0.00365058
1.94025 -0.00169611 -0.00107399
2.06391 0.0122068 -0.00112382
1.96142 0.0309538 -0.00244156
1.95114 -0.0513067 -0.000847252
1.98903 -0.0234096 -0.000571879
1.97925 -0.0562334 0.000470249
1.95935 0.00397706 0.000691978
2.026 0.00622606 0.00251516
2.03312 -0.0120648 0.00204858
2.00058 0.0168545 0.00308046
1.99102 0.0373962 0.00227031
2.00676 -0.0244908 0.00317964
1.96695 -0.00844693 0.00333723
2.0092 -0.00414175 0.00186547
1.99816 0.0122952 0.00279245
1.86153 0.0166273 -0.00190368
2.00723 0.0693283 0.006502
2.12735 0.0203829 -0.00172726
2.17633 0.115092 -0.00602547
2.08347 0.0589533 0.00232395
2.21075 -0.00601387 0.00130543
2.11458 -0.0204339 0.00116238
2.20751 -0.0162659 -0.000326308
2.23007 -0.0335402 -0.00191322
2.3408 -0.0215628 0.000388948
2.25719 -0.01001 -0.00432006
2.32773 -0.00136408 -0.00167766
2.35625 -0.00772572 -0.00431839
2.28816 -0.00199556 -0.00292412
2.46881 -0.01899 -0.00317112
2.44057 0.0107446 6.44604e-05
2.4609 -0.0327401 0.000984995
2.40366 -0.0234163 0.00259432
2.544 -0.00268245 -0.00194493
2.48629 -0.0304222 -0.000633629
2.58798 -0.0112705 0.000229923
2.62066 -0.0136619 0.00237354
2.55894 0.0404496 -9.19422e-05
2.62831 -0.00979543 -0.000799807
2.64612 -0.0316756 -0.00260797
2.67082 -0.0386167 -0.00336114
2.63165 -0.0638659 -0.00335565
2.74874 0.0193956 -0.0026857
2.67297 -0.0183496 -0.00150553
2.78072 -0.0586171 0.000566093
2.72198 -0.0105939 0.00215134
2.77563 -0.00823975 0.00178012
2.79719 0.00981045 0.00225553
2.70198 -0.0137186 0.000220148
2.73747 -0.0139551 0.00201759
2.81106 -0.00385761 0.000716058
2.76407 -0.00343513 0.00162229
2.61533 -0.0427942 -0.000104817
2.79131 0.0140667 0.000291673
2.6524 0.0228701 0.00105366
2.59072 -0.0210819 0.00151667
2.41042 -0.0360355 0.00230345
2.29088 -0.0199709 -0.00109139
2.21564 -0.00444412 -0.00168672
2.22795 -0.0385427 0.00142368
2.07531 -0.034461 -0.00112429
2.07864 -0.0543175 0.000310747
1.9693 -0.0191813 -0.000575693
1.90241 -0.0197086 -5.52257e-05
1.82178 -0.0536623 -2.51849e-05
1.88573 0.0099926 -0.000707062
1.77032 -0.0430002 0.000999538
1.7245 0.0236006 0.00108442
1.80241 0.00843859 0.00182208
1.82156 0.0165062 0.00388798
1.70848 -0.0076431 -0.00183121
1.84397 -0.0199051 0.000288574
1.84329 -0.0128908 0.00229248
1.87446 0.00862408 0.000867931
1.87308 0.0236402 0.00185999
1.90716 -0.0381703 0.00193509
1.8803 -0.0333295 -0.00195375
1.91756 0.014751 -0.00187198
1.87308 0.0230163 -0.000855835
1.94028 0.0213022 -0.00430337
1.87305 0.0198512 -0.00143758
1.86215 0.0469592 -0.00273386
1.90309 -0.0540264 -0.00525037
2.089 0.0322461 -0.00546542
1.9568 -0.0139939 -0.00455824
1.93724 -0.0375972 -0.0186066
2.0274 -0.0189235 -0.0196396
2.05672 -0.0500321 -0.0195676
2.02319 -0.0182829 -0.0185205
2.04906 -0.075123 -0.0202598
2.05902 -0.0643142 -0.022762
2.14361 -0.0739264 -0.0234078
2.12882 -0.0909662 -0.0218147
2.07481 -0.0895786 -0.0207697
2.2105 -0.128774 -0.0209352
2.16553 -0.0581908 -0.0269097
2.1748 -0.0332158 -0.0290453
2.17076 -0.126313 -0.0274965
2.26182 -0.11453 -0.0278265
2.25235 -0.0965824 -0.0247888
2.32042 -0.0965139 -0.0188698
2.40933 -0.113797 -0.024588
2.35962 -0.0929885 -0.0278074
2.45181 -0.0919957 -0.0244173
2.44179 -0.0984888 -0.0238487
2.50409 -0.140059 -0.0241293
2.45185 -0.0978322 -0.0269257
2.46498 -0.0945063 -0.0264911
2.50262 -0.122948 -0.0297083
2.51838 -0.126516 -0.029458
2.45481 -0.106918 -0.0319382
2.47396 -0.113547 -0.0291366
2.61387 -0.11913 -0.0310995
2.53969 -0.148262 -0.0264169
2.49796 -0.097096 -0.0231144
2.56225 -0.0644045 -0.0176035
2.5165 -0.126202 -0.02236
2.46831 -0.102133 -0.0239889
2.46905 -0.111005 -0.0225529
2.43997 -0.059576 -0.0246557
2.4772 -0.0988913 -0.0222348
2.50992 -0.147988 -0.0267707
2.50087 -0.137878 -0.0309702
2.48312 -0.162375 -0.0283913
2.44263 -0.113431 -0.0330776
2.43514 -0.131355 -0.0302035
2.3934 -0.123146 -0.0298082
2.38723 -0.123311 -0.0307039
2.38639 -0.109669 -0.0301787
2.38747 -0.080717 -0.0256216
2.4286 -0.0865898 -0.0286931
2.42038 -0.0798886 -0.0272345
2.44433 -0.0625417 -0.0317175
2.47947 -0.0462289 -0.0259863
2.48182 -0.136236 -0.0273558
2.46879 -0.0734067 -0.0276162
2.43859 -0.0897216 -0.0272025
2.5728 -0.0505714 -0.0274028
2.5504 -0.0543356 -0.0263709
2.57521 -0.0253681 -0.0201732
2.60645 -0.092576 -0.0135998
2.58718 -0.0525455 -0.00845686
2.64973 -0.00318623 -0.00694815
2.6079 0.0199738 0.00279769
2.60051 0.0672665 -0.000171812
2.72615 -0.000997543 -0.00420252
2.66926 0.0277348 -0.000781926
2.67796 0.0193968 -0.000845106
2.81392 -0.0303345 0.00214752
2.74573 0.00600433 0.00123557
2.7624 0.0285645 -0.00339666
2.82126 -0.0556965 -0.000394495
2.86213 0.0431519 7.01825e-05
2.93662 0.0189037 0.00288424
2.89668 -0.00668144 0.00473913
2.83806 0.0159864 0.00206908
2.77715 -0.04492 0.000621168
2.82981 -0.0513115 0.000129549
2.79989 -0.0172424 0.00101861
2.67518 -0.0160656 -0.000254305
2.70701 -0.0117922 0.000848858
2.78452 0.0906525 0.000480262
2.73057 -0.00217915 0.00385198
2.64869 0.0150261 0.00400409
2.62052 0.0615568 0.00111708
2.54873 0.0351477 0.00225433
2.64551 -0.00409508 0.000721065
2.6668 -0.00305367 0.00302514
2.54237 0.0357361 0.00234899
2.52642 0.0178766 0.00174865
2.54128 0.0087738 0.00183734
2.55193 -0.0121737 -0.00335613
2.4891 -0.0387402 0.00190696
2.47405 -0.0525327 0.00178179
2.47324 -0.0352478 0.00145563
2.38032 0.0452657 0.00139245
2.48969 -0.0474539 -4.44253e-06
2.46423 -0.0223522 0.00334343
2.38735 -0.0308385 0.000275461
2.33691 -0.0395573 0.00184664
2.3576 0.00347495 0.00137147
2.27067 -0.0239921 -0.00125328
2.20513 -0.044076 0.00307736
2.09651 -0.0653294 0.00258383
2.06167 -0.0141624 0.00025448
1.98677 -0.0656829 0.00204691
1.80266 -0.00675631 0.00192031
1.66761 -0.0173438 0.00327834
1.65132 -0.0963353 -0.00104919
1.38814 0.134338 -0.00573555
1.47788 -0.0699561 -8.86043e-05
1.55906 0.00862408 -0.00139538
1.41014 -0.140918 -0.000777634
1.3161 0.0564017 -0.00366727
1.40607 -0.0245724 -0.000874909
1.3217 -0.117126 -0.00737563
1.41239 -0.0611196 -0.019906
1.32453 -0.0815479 -0.032268
1.35278 -0.174881 -0.045061
1.28763 -0.128238 -0.0496933
1.32143 -0.125374 -0.0500783
1.25571 -0.0226814 -0.0581657
1.26329 -0.163665 -0.0595371
1.2478 -0.110756 -0.0610966
1.23234 -0.191092 -0.0636431
1.20531 -0.0592852 -0.0692548
1.21271 -0.201775 -0.0797388
1.19268 -0.206933 -0.0918576
1.14105 -0.211647 -0.0883154
1.1352 -0.296158 -0.0967249
1.17568 -0.230357 -0.100821
1.12265 -0.253754 -0.102729
1.16195 -0.266408 -0.101379
1.07908 -0.209263 -0.0927416
1.20558 -0.250859 -0.0757734
1.22473 -0.196172 -0.055988
1.30251 -0.0591941 -0.0418321
1.09526 0.0265245 -0.0339011
1.33427 -0.240087 -0.028948
1.38449 0.12563 -0.020043
1.45775 -0.197387 -0.00616041
1.31772 0.247827 -0.00922123
1.5612 -0.0601702 -0.00487605
1.60188 0.0138125 -0.00401274
1.6729 0.050838 -0.000295075
1.67789 -0.0113122 -0.000514181
1.77796 0.0351329 -0.00199977
1.77673 0.012428 -0.00117603
1.8699 -0.0159173 0.00219735
1.89659 1.04904e-05 0.000131694
1.94193 0.0105081 0.00058612
2.01497 0.00208801 0.00178107
2.07893 -0.0268285 0.00263318
2.01626 -0.0462604 0.00131377
2.0944 0.0651864 0.00365814
2.22136 0.0332222 0.00545773
2.19885 0.0168961 0.000180809
2.27123 0.0221951 0.00541553
2.29735 -0.026938 0.00283417
2.32937 0.0218401 -0.000617894
2.34312 -0.00810337 -0.000311287
2.38055 -0.0584383 -0.000398787
2.42245 0.0250597 0.00203141
2.52028 0.0265017 -0.000323923
2.50932 -5.14984e-05 0.00303969
2.53847 -0.0189009 -0.00051132
2.49608 -0.0722303 -0.000851305
2.41692 0.0108433 -0.00171724
2.5065 0.0449934 -0.00135675
2.47888 -0.0213699 -0.00131002
2.46313 0.0146694 0.000418035
2.48429 0.0155182 -0.000184925
2.53552 -0.0142212 -0.00129262
2.53998 -0.0131779 -0.0023655
2.56649 -0.010376 0.000864355
2.55414 -0.0203438 0.000150291
2.59388 0.0205584 -0.000166567
2.57237 0.0143757 0.000392524
2.60618 0.0285752 0.00261101
2.687 0.0284073 0.000243274
2.71147 0.0203314 -0.00101844
2.72851 -0.0113678 -0.001537
2.67972 0.014461 0.00300202
2.74014 -0.0115247 0.00177607
2.76806 0.00108862 0.00108728
2.71995 0.0331855 0.00110444
2.80035 -0.0406795 0.000706522
2.82489 0.0518721 0.00193509
2.79857 -0.04282 0.00150379
2.82437 -0.0190554 0.00141558
2.88333 0.0211701 0.00257095
2.86631 -0.0174856 0.00127491
2.87277 -0.0597181 0.000287859
2.89813 -0.0224676 0.00222119
2.95683 -0.0721025 0.00139269
2.99148 -0.080905 0.00153813
2.93861 -0.0279636 -0.000723036
2.97115 -0.0243373 0.00316915
2.95492 0.00247574 0.00231179
2.9317 0.0347385 0.00198969
2.87996 0.000721216 0.00246009
2.91817 -0.0163136 0.00394019
2.86662 -0.0103078 0.00354919
2.82042 -0.0197983 0.00544676
2.74917 -0.0322492 0.00358805
2.71341 -0.0401388 0.000847904
2.53175 -0.0316627 -0.000492009
2.54239 -0.0123245 0.00290975
2.43591 -0.0510532 0.000799505
2.36052 -0.0370154 0.00224718
2.43235 -0.0540011 -0.00214377
2.35432 -0.0151436 -0.00309125
2.26405 -0.0830852 -0.00160924
2.2483 -0.0294428 -0.00440422
2.13361 -0.00792646 -0.0033361
2.08295 -0.00647116 0.00259909
2.10928 0.019547 0.00333723
2.12027 -0.0453588 0.000165312
2.04282 0.0196581 0.00281891
2.09653 -0.0757222 -0.00441352
1.9952 -0.0703874 -0.0100321
1.86911 -0.0625324 -0.0227858
1.8179 -0.123226 -0.0370463
1.73496 -0.0624542 -0.0531925
1.70032 -0.118299 -0.0661305
1.63669 -0.177746 -0.0805928
1.62398 -0.230113 -0.0878555
1.53839 -0.193923 -0.0920466
1.55113 -0.253405 -0.0901567
1.53815 -0.220319 -0.0905615
1.53164 -0.320983 -0.0901708
1.52499 -0.212387 -0.0942327
1.51717 -0.209098 -0.0938853
1.52532 -0.218281 -0.0953096
1.50896 -0.18838 -0.0937599
1.52279 -0.172469 -0.0903069
1.54052 -0.275589 -0.0879139
1.61001 -0.226141 -0.0781471
1.52641 -0.156217 -0.0637945
1.63605 -0.166883 -0.0376259
1.60151 -0.117769 -0.0252115
1.62464 -0.093612 -0.0139724
1.76231 -0.0410394 -0.0142149
1.70494 -0.0615559 -0.00603023
1.78117 -0.0260491 -0.00644937
1.83068 -0.0315924 -0.00287548
1.82724 -0.0394719 -7.52529e-05
1.92061 0.0201348 -0.00137964
1.89112 -0.00255537 -0.000725182
1.96643 0.000601053 -0.00141135
1.88765 -0.0446229 0.000860778
1.94959 -0.0124578 0.00167855
1.94431 0.0263953 -0.000432642
1.9658 0.0167804 0.000399677
1.8856 0.059876 0.00183186
1.8945 0.0615635 0.0067192
1.90185 0.023564 0.00726422
1.79884 0.035714 0.00887212
1.81256 0.0288551 0.0140632
1.6902 0.0491452 0.0213853
1.64309 0.0717323 0.0292364
1.54606 0.101768 0.0387128
1.52989 0.0813875 0.0579985
1.45802 0.16652 0.0677348
1.36492 0.18294 0.0794538
1.2979 0.27654 0.0938111
1.25855 0.245766 0.105523
1.16225 0.283872 0.112211
1.20026 0.22173 0.121098
1.10358 0.382835 0.127461
1.13592 0.297649 0.137753
1.19281 0.332367 0.138228
1.12006 0.373117 0.13893
1.08573 0.372614 0.139187
1.12247 0.361073 0.139838
1.17046 0.35086 0.134762
1.16486 0.273416 0.120885
1.2323 0.223431 0.106677
1.23449 0.213997 0.0921884
1.28238 0.188473 0.0840987
1.33886 0.214231 0.0616575
1.3798 0.139521 0.0402716
1.47274 0.0800819 0.0286508
1.43163 0.104649 0.0171917
1.47184 0.0541172 0.0173601
1.51636 0.0243959 0.0156256
1.54155 0.0307302 0.0119649
1.60478 -0.0031004 0.0119003
1.56176 -0.0542316 0.0114239
1.63721 0.0136619 0.0133897
1.64376 -0.0317726 0.00968322
1.64854 0.0824189 0.00732359
1.73075 -0.0115464 0.00555405
2.04654 0.10768 0.0151976
1.83038 0.0412483 0.00283369
1.93507 0.0562627 0.00213727
1.91175 -0.0237308 0.00299105
1.97452 0.0443515 0.00105151
1.97775 0.026082 0.00018367
1.97244 -0.00271612 -0.00276461
1.9241 0.0374801 -0.00295845
1.91542 0.00111985 -0.00593248
1.86802 -0.0176263 -0.0131573
1.89692 -0.039035 -0.0206083
1.8331 -0.0592914 -0.0247714
1.83992 -0.126985 -0.0338592
1.82261 -0.0663595 -0.0367116
1.78205 -0.0796404 -0.0438177
1.77272 -0.145472 -0.0438928
1.77085 -0.180529 -0.0432541
1.78871 -0.143602 -0.0453376
1.89662 -0.278302 -0.0391168
1.69244 -0.0662723 -0.0471341
1.84972 -0.132535 -0.0512597
1.72831 -0.12223 -0.0473789
1.83855 -0.142137 -0.0498773
1.82299 -0.0896261 -0.0490359
1.83428 -0.123083 -0.0457236
1.87186 -0.126932 -0.0384246
1.95053 -0.0158498 -0.0249313
2.0083 -0.114113 -0.0142061
1.9965 -0.075038 -0.0105888
1.98879 -0.00274086 -0.0105023
2.06355 -0.00026226 -0.00957957
2.08895 0.0280113 -0.00762668
2.11404 -0.0376234 -0.00430575
2.18116 -0.0109837 0.000209657
2.16104 -0.0230696 0.00155434
2.24956 0.0264914 0.0010148
2.23669 -0.000584245 0.00436076
2.26963 -0.0496118 0.0050343
2.26476 -0.0103595 0.00418243
2.30901 0.0179969 0.00233373
2.27106 0.0152991 -0.00255409
2.27689 -0.0153434 -0.000361355
2.30216 -0.00212455 -0.000743779
2.33096 -0.0182035 0.000904171
2.40847 -0.0452873 -0.000531109
2.41359 -0.0547048 -0.0028669
2.36611 -0.0103226 0.00242075
2.4353 0.0379839 -0.000320586
2.28485 -0.0200517 -0.00235382
2.37505 0.0379567 -0.000139149
2.34755 0.0228846 -0.000269326
2.30387 0.00752664 3.22739e-05
2.24108 -0.00731087 0.00190148
2.2703 -0.056901 -0.00097123
2.25064 -0.00468254 0.00263557
2.1664 -0.0494046 -0.000579508
2.24046 -0.00293255 0.00360164
2.23224 -0.00948381 0.003023
2.19427 0.0492654 0.00630244
2.20586 0.0788956 -0.00088373
2.33676 0.0862732 0.00527105
2.24063 0.0345602 0.0038093
2.13588 0.0811825 -0.00558391
2.17421 -0.00103188 -0.000324639
2.15478 0.000600815 0.000870077
2.17372 0.0147648 0.00228342
2.18496 0.0215044 -0.00182119
2.15768 0.00844097 0.00163778
2.21212 0.0696259 0.00406489
2.12571 0.0464382 0.00239047
2.16452 0.0293865 3.10818e-05
2.12927 0.0149517 0.00356588
2.13997 0.0296288 -0.000333699
2.04643 -0.0277767 0.00112375
2.03095 0.0178413 0.00107464
2.06697 0.039957 -0.00340882
1.97838 -0.0521374 -0.000116738
1.97543 0.0594559 -0.000169428
1.98921 0.0536671 -0.00340048
1.91383 0.00507545 -0.00661865
1.93157 -0.0153637 -0.0137276
1.84799 -0.055481 -0.0168196
1.82127 -0.0691662 -0.0277506
1.80757 -0.0997324 -0.0365318
1.78829 -0.120053 -0.038516
1.77697 -0.109645 -0.0431236
1.79457 -0.165113 -0.0536028
1.82258 -0.187021 -0.0502245
1.71022 -0.104495 -0.0452401
1.72061 -0.102138 -0.0415248
1.74725 -0.0572567 -0.0323004
1.6904 -0.022296 -0.024476
1.68614 -0.0276852 -0.0179307
1.7037 -0.0423822 -0.0117759
1.69407 -0.00896955 -0.00463382
1.65923 -0.0384741 0.000265924
1.60923 -0.0215378 0.000130264
1.62932 0.000841141 0.00305304
1.57666 0.0445862 0.000276415
1.41728 0.0343599 -0.000487002
1.39761 -0.0120716 -0.00240866
1.31224 -0.0192485 -0.00203958
1.23484 0.00307751 -0.00303856
1.06786 -0.0352232 0.000234214
1.03965 0.004632 -0.00144211
0.969967 -0.0755935 -0.0099949
1.00132 0.0032897 -0.0114106
0.865421 -0.0841842 -0.0193924
0.88793 -0.0851517 -0.0194944
0.93026 -0.0281143 -0.0224494
0.982356 -0.0573444 -0.0204362
0.878388 -0.0595765 -0.0162164
0.785289 -0.0609593 -0.0212578
0.745725 -0.0325899 -0.0186426
0.709291 -0.00445271 -0.0171291
0.661796 -0.0189679 -0.00436679
0.61272 0.0413733 0.00337538
0.439412 0.000990868 0.0109569
0.373283 0.00742158 0.0120285
0.291803 0.0326385 0.014006
0.206314 0.00192499 0.00984034
0.145016 0.00665331 0.00770315
0.0923392 0.00813103 0.00477537
0.025205 -0.00235462 0.00317701
0.010424 -0.0075593 0.00209436
0.00898361 -0.000277519 0.00269255
0.0110133 -0.00329018 0.00227293
-0.00152528 0.0166488 0.00245079
0.00332451 0.0025773 0.00237354
0.0650134 -0.0348644 0.000843374
0.0690424 -0.00323153 -7.7637e-05
0.0688872 -0.00884056 -0.000218781
0.0669261 -0.00816345 -0.000235709
0.0662163 -0.0137854 -0.000321539
0.067606 -0.0182052 -0.000137719
0.0692126 -0.0164018 -0.000324162
0.065865 -0.0128922 -0.000169667
0.0718052 -0.00686312 -0.000388535
0.0699594 -0.0173755 4.68175e-05
0.0714717 -0.00796127 -0.000248106
0.0771617 -0.00953341 -0.000299128
0.0636855 -8.91685e-05 -0.000269802
0.0769163 0.00122929 -3.85364e-05
0.0567913 0.00195456 -0.000414761
0.0753896 0.0114241 -0.000418576
0.0623128 -0.000705242 -0.000249298
0.0695167 -0.00901031 -4.02053e-05
0.079505 -0.0226126 -4.95036e-05
0.00810862 -0.015203 0.00306257
0.0420613 -0.022974 0.00329312
0.0572722 -0.00447941 0.00336656
0.131406 0.018641 0.00641426
0.155261 0.00870514 0.00640401
0.220502 -0.00943756 0.00727877
0.281351 0.00213766 0.00969109
0.288269 0.0141025 0.0135649
0.363721 0.060339 0.0185674
0.369765 0.0459304 0.0306948
0.368608 0.0632606 0.0427891
0.442467 0.0751419 0.0519546
0.485671 0.0807014 0.0598415
0.563617 0.088707 0.0675693
0.616897 0.157521 0.0745796
0.649706 0.163737 0.080499
0.665083 0.133332 0.083346
0.709781 0.154132 0.088668
0.708247 0.157829 0.0921594
0.761812 0.221027 0.0910607
0.775506 0.134624 0.0891064
0.857295 0.0826845 0.0815395
0.933755 0.138536 0.0776337
0.858428 0.150256 0.0670637
1.00317 0.099369 0.0572532
1.11436 0.152774 0.0443419
1.07103 0.0540514 0.0265218
1.10569 -0.00601768 0.0178395
1.12206 0.0245152 0.0157214
1.24475 0.0346727 0.0135723
1.26627 0.00470591 0.0100346
1.28969 0.000127792 0.00739726
1.30713 0.0323296 0.00500306
1.3872 -0.00246239 0.0016931
1.38851 -0.00805759 -0.00607625
1.46687 -0.0202913 -0.00684872
1.51559 -0.0130844 -0.00830975
1.54236 -0.0618048 -0.00693098
1.56297 -0.0640354 -0.0107278
1.62591 -0.0579338 -0.00722113
1.64294 -0.0487146 -0.00857583
1.68071 -0.0599308 -0.00775662
1.72283 -0.0558929 -0.00556007
1.79402 -0.0445957 -0.00926581
1.85235 -0.0280552 -0.00364939
1.762 -0.03934 -0.00828877
1.85947 -0.0461102 -0.00539628
1.84839 0.0253105 -0.00392619
1.82993 0.00601673 -0.00370208
1.79207 -0.0523663 -0.00380865
1.84394 -0.0133867 -0.00537005
1.88194 -0.0108709 -0.00666681
1.85944 -0.0376024 -0.00386253
1.88357 -0.0593796 -0.00526801
1.85369 -0.0232391 -0.00598875
1.91221 -0.032886 -0.00597564
1.90574 0.00149059 -0.00831214
1.91976 -0.0163236 -0.0115844
1.93194 -0.0620165 -0.0107731
1.90962 -0.0362229 -0.0136153
1.93938 -0.0360193 -0.0130533
1.94591 -0.0345335 -0.0132727
1.93264 -0.0250101 -0.0140895
2.0117 -0.0154209 -0.0126702
1.9698 -0.023695 -0.0128249
1.99041 -0.0609488 -0.00838152
2.03822 -0.0145044 -0.00987664
2.02706 -0.0051198 -0.0118009
2.02494 0.0112596 -0.0073804
2.07632 0.0138087 -0.00896397
2.06189 -0.00727892 -0.00895181
2.07732 -0.0277256 -0.00947228
2.1725 0.000576258 -0.0113019
2.13278 -0.0145319 -0.0128223
2.12414 -0.0273023 -0.0149166
2.16418 -0.0294623 -0.0142106
2.17109 -0.07671 -0.0148937
2.18202 -0.0702858 -0.0137285
2.21293 -0.0505066 -0.0160247
2.15069 -0.0775313 -0.0111403
2.22237 -0.0492659 -0.0101172
2.20557 -0.0485249 -0.00869146
2.21093 0.00967121 -0.00890556
2.2751 -0.0343442 -0.00717464
2.23594 0.0319228 -0.00569859
2.23782 0.000272274 -0.00591961
2.26474 0.0265694 -0.00416866
2.18964 -0.00832748 -0.00714722
2.1752 -0.0197449 -0.00652352
2.08986 0.0507641 -0.00676695
2.18326 -0.014678 -0.00499097
2.08093 -0.0235615 -0.00408259
2.00521 -0.00383663 -0.00109807
1.98789 -0.0279534 -0.000767859
1.95318 -0.0205956 0.00162706
1.94384 -0.0346224 0.00017461
1.90387 0.0275285 2.96513e-05
1.91402 0.00452757 1.20084e-05
1.8515 -0.000744343 0.00286063
1.82893 0.0152998 0.00312599
1.76107 0.0423346 0.00453433
1.75684 0.0387754 0.00422272
1.63044 -0.0051055 0.00302252
1.6794 0.0162225 0.00243029
1.64578 0.0343776 0.0039607
1.56605 0.0100844 0.0013605
1.45667 0.0281878 0.00119075
1.46047 0.022655 0.000748007
1.3703 0.0172591 -0.000534685
1.3341 -0.00116873 0.000468818
1.2896 -0.0435748 -0.00120917
1.33633 0.046437 -0.00124732
1.34265 0.0202565 0.00090584
1.14111 0.00839949 0.000976173
1.20424 -0.015336 0.00102481
1.23032 -0.0478758 0.00295314
1.18181 -0.0188062 -0.000139149
1.13223 -0.0296295 -0.000252159
1.13285 0.0155973 -0.000144156
1.06826 0.0139189 0.00385603
0.987995 0.00212622 -0.00218359
1.01431 0.0151677 0.00253567
0.96907 0.00555325 0.00249466
0.988625 0.0129414 0.00392589
0.972757 0.00285816 0.0029498
0.982381 -0.0266695 0.00415262
0.971304 -0.0324593 0.00769576
0.939026 0.0129824 0.0120431
1.00312 0.0614033 0.0150963
1.03732 -0.03861 0.015379
1.03726 0.0176153 0.0170179
1.01979 -0.0379071 0.0172187
1.09343 0.00615454 0.0223034
1.14839 -0.00825882 0.0260504
1.03284 -0.000226974 0.0290044
1.1376 0.00730801 0.0397168
1.17785 0.0626094 0.0443767
1.22124 0.11381 0.0569194
1.20545 0.125143 0.0629214
1.19064 0.142861 0.0656429
1.32175 0.206299 0.0659951
1.26911 0.202336 0.0689441
1.24879 0.0726569 0.0727118
1.30572 0.165661 0.0728501
1.28816 0.084882 0.0709008
1.38387 0.158737 0.0729419
1.41291 0.145941 0.0717667
1.41871 0.121031 0.066018
1.49392 0.170779 0.0536295
1.47179 0.0652752 0.0395251
1.53013 0.103826 0.037418
1.49448 0.0540342 0.0340908
1.57287 0.122999 0.0312203
1.59004 0.0713034 0.0284892
1.53757 0.0243378 0.0248433
1.54551 0.0546012 0.0208534
1.50092 0.0474157 0.0125199
1.49417 -0.0294123 0.00368461
1.44957 -0.0644503 -0.00289169
1.37912 -0.0740938 0.000176517
1.39088 -0.0205078 0.00506624
1.34997 -0.00398493 0.00326952
1.30941 -0.000261784 0.0018669
1.29797 0.00794053 0.00671443
1.45595 0.0404066 0.00326571
1.26547 -0.0845485 0.0012885
1.15633 0.000760078 -0.000523003
1.29352 0.0074138 -0.00286213
1.32759 0.00253129 -0.00136939
1.26099 -0.0304227 -0.00176993
1.18802 -0.0285821 -0.00516644
1.1942 -0.0717225 -0.00531951
1.16874 -0.0274462 -0.00686804
1.02271 -0.010335 -0.00434128
1.06184 0.0204303 -0.000542553
1.10954 -0.039782 0.00112089
1.08802 0.0407943 0.00141272
0.910497 -0.0179527 0.00581869
1.03347 0.13671 0.00315866
1.08623 -0.00955939 0.00550684
1.24819 -0.330967 -0.00906673
0.962871 0.0861304 0.00317654
0.955172 0.060235 0.00441441
1.03014 0.0369871 0.00420388
1.1398 0.082111 0.0023261
1.19628 -0.0209715 -0.000437888
1.13217 0.0529741 0.0009118
1.28831 0.000671029 0.000551788
1.18166 0.0417527 0.00126633
1.21678 0.0987143 -0.0006229
1.32762 0.0184679 0.0034202
1.27171 -0.000691414 0.00191173
1.29648 0.0662811 0.0037063
1.2813 -0.0222793 -0.00164619
1.25307 0.0330924 0.000311224
1.19603 0.0368659 0.00089225
1.23741 0.0216551 -0.00411335
1.1489 -0.0051496 -0.000131043
1.24621 0.00271654 0.00333556
1.16298 0.0242105 -0.000198515
1.1377 -0.0589762 0.0019122
1.23513 0.0546758 0.00334057
0.922881 -0.123837 0.00642738
1.16211 0.0544482 -0.000523718
1.16465 0.113355 0.00451168
1.10029 -0.037576 0.00464806
0.709344 0.176775 0.00866088
1.03898 0.0423758 0.00527319
1.29487 -0.0107231 -0.003853
1.23763 0.0424156 -0.00311986
1.32071 0.00888824 -0.00027624
1.31406 -0.0255845 0.000899164
1.32991 0.0416331 3.48965e-05
1.29273 0.0575502 0.00105914
1.42839 0.000617981 0.00248846
1.44557 0.0119152 -0.000978144
1.41393 -0.0453362 -0.000708493
1.35248 0.0205002 0.00118097
1.40517 0.01898 -0.00464311
1.46494 0.0296416 -0.00269786
1.46948 0.0165639 0.00149879
1.44158 0.0490909 -0.000320347
1.41083 0.0117116 0.00457248
1.48628 -0.0173349 -0.00094405
1.44355 0.0821686 0.00216302
1.38204 0.0471992 0.00356898
1.41345 0.019536 -0.00133839
1.47248 -0.0255542 0.00192627
1.45262 -0.0173874 0.000758497
1.5357 0.0177102 5.96921e-05
1.43484 -0.0184975 0.000505535
1.51411 -0.0165339 0.004711
1.43087 -0.0166535 0.00051984
1.43115 -0.0177746 0.00110516
1.46741 0.0364366 0.00231227
1.42685 -0.0577521 0.000113813
1.41369 -0.0320158 0.000399915
1.40049 -0.0185015 -0.00266949
1.39275 -0.0105677 -0.00298491
1.34072 0.0573944 0.00156101
1.30528 -0.0514299 -0.00533262
1.30689 -0.0397553 -0.00168696
1.26145 0.00374317 0.00154337
1.05827 -0.00935006 -0.00121394
1.12722 0.0430689 -0.000381144
1.1089 0.00259256 0.00019416
1.09372 0.0205417 -0.000126036
1.12321 -0.00218201 0.00134978
1.04981 -0.0744739 -0.00840131
1.08589 0.0163212 0.00211701
1.00727 -0.0625715 -0.000574501
0.935617 -0.0156174 -0.000139149
0.970798 -0.0496111 0.00187096
0.921522 -0.0223494 0.00370559
0.786627 -0.000723839 0.00112971
0.831955 -0.0472536 0.00301656
0.754618 -0.0343561 0.00509009
0.79928 -0.0565147 0.00552186
0.7854 -0.036521 0.00221714
0.792425 0.00596189 0.00166854
0.767187 -0.0228028 0.002462
0.717775 -0.00243568 0.0023857
0.701483 -0.00824213 0.00117478
0.784641 -0.000554085 0.00244865
0.777586 -0.014668 0.00208077
0.73554 -0.0331354 -0.00353757
0.717717 0.0144606 -0.0033516
0.700983 0.00657463 0.00282582
0.649323 0.00275278 0.000431863
0.712289 -0.0244141 0.00108632
0.666384 -0.00216722 0.000478355
0.645586 0.00440884 0.000531046
0.621258 0.0120282 0.00270471
0.626318 0.0240159 0.00226006
0.620222 0.0205603 0.00330767
0.561062 0.019587 0.00763878
0.550703 0.0402985 0.0116135
0.636271 0.00136948 0.0189401
0.62965 0.0492301 0.0201455
0.62877 0.0176153 0.0318044
0.627621 0.0816764 0.0351773
0.663564 0.0824934 0.0423447
0.65261 0.12927 0.0532835
0.724529 0.107986 0.0548733
0.746103 0.150025 0.0613109
0.762737 0.12811 0.0658468
0.832943 0.153674 0.0738088
0.870224 0.134825 0.0762211
0.849261 0.142092 0.0756389
0.949246 0.139466 0.0841945
0.976933 0.168966 0.0854159
1.00359 0.204316 0.0863784
1.09746 0.143766 0.0889378
1.16195 0.18094 0.0936597
1.16469 0.173281 0.0936674
1.1609 0.224153 0.0931717
1.29222 0.160314 0.0913905
1.40144 0.275494 0.0785798
1.41242 0.187916 0.059142
1.44313 0.105457 0.0411535
1.46495 0.0282803 0.0320922
1.61088 0.104702 0.0314458
1.58685 0.0806236 0.0368145
1.68026 0.0936127 0.0389536
1.64541 0.0763721 0.0361594
1.79382 0.0632343 0.0322805
1.75761 0.0324745 0.021267
1.8956 0.0776024 0.0193039
1.84115 0.0659351 0.0168246
1.90068 0.0523777 0.015494
1.8433 0.0608978 0.0154403
1.77952 0.0529232 0.0134419
1.77681 0.0352898 0.0136903
1.85975 0.0552273 0.00632033
1.85236 0.0517197 0.00966176
1.87077 0.0167656 0.00636944
1.58301 0.0345106 0.00173649
1.82183 -0.0805321 -0.00017062
1.88063 0.0223999 -0.00457636
1.84795 0.00166702 -0.00595227
1.89022 -0.01581 -0.0012044
1.92684 -0.00339699 0.00089225
1.92288 -0.0109844 1.93993e-05
1.95815 -0.0492458 -0.000960263
1.99655 0.0763302 -1.63635e-05
2.06157 -0.0325022 0.000681488
2.05737 0.049612 -0.000746163
2.02172 -0.0271358 0.00242433
2.19387 -0.0102997 0.000426618
2.07498 -0.0436878 -0.00113836
2.02456 0.0456734 -0.00346795
2.13771 0.00306129 -0.00507847
2.11188 0.00646114 -0.00314036
2.14051 0.0411587 -0.00481525
2.10843 -0.000907898 -0.00852123
2.04244 -0.0174961 -0.0038251
2.02871 -0.0332394 -0.00308982
2.05882 -0.0226841 -0.00478903
2.06956 -0.0161438 -0.00282183
2.02776 -0.0179167 -0.00305906
2.02808 0.0204248 -0.00272003
2.04985 -0.0139914 -0.00140444
2.00382 0.0130587 0.00162968
2.02966 -0.0381289 0.0015324
2.01928 0.0103226 0.00415906
1.98692 0.0427208 0.00328001
1.82136 -0.0161328 0.00246534
1.96725 0.0493851 6.18378e-05
1.95878 0.0453186 -0.00212136
1.92313 -0.0199203 0.000228969
1.80593 -0.0163774 -0.000450047
1.78686 -0.0347471 -0.00310293
1.65082 0.01754 0.000153391
1.75167 -0.0455666 -0.00702039
1.75992 -0.0489178 0.000320045
1.62518 -0.0139265 -0.00239364
1.72618 -0.025919 -0.0016121
1.67706 -0.0410056 -0.000944527
1.52501 -0.0651984 0.000300256
1.45512 0.0565939 -0.00228134
1.40284 0.0250578 -0.00121537
1.49849 -0.048048 -0.00492493
1.44937 0.0105791 -0.00104585
1.48349 0.011241 -0.00658718
1.46004 -0.0147142 -0.00368634
1.48477 -0.0526886 -0.00666371
1.61928 -0.0105028 -0.00831929
1.66259 -0.0483694 -0.00500217
1.69045 0.0520592 -0.00351182
1.72102 0.00434494 -0.00302497
1.72679 -0.0216713 0.00261101
1.77649 -0.0274372 0.00153383
1.87864 0.0121908 0.00170716
1.85478 0.0232143 -0.00238696
1.93246 -0.0530272 0.000130026
1.94761 0.00101566 -0.00197378
1.9677 0.0161486 -0.00465575
2.04335 0.0291929 -0.00233355
2.10247 0.0166864 -0.00347296
2.12737 0.0138779 -0.00669685
2.17296 -0.00556469 -0.00424066
2.20376 0.0143566 -0.0065054
2.54927 0.0535059 -0.0131702
2.20923 -0.0246472 0.00126704
2.31556 0.0633287 -0.00107995
2.31221 0.0923204 0.00279841
2.37771 0.00629711 -0.0044438
2.42756 0.0814781 -0.000229748
2.35883 0.0854778 -0.000161084
2.43074 0.0291634 -0.00309411
2.45365 0.00481129 -0.00303617
2.40538 0.0533781 -0.00236741
2.43594 -0.0191946 -0.00355664
2.3918 0.00906754 0.000700323
2.4004 0.0344305 -0.00225464
2.39909 0.0562201 -0.00255099
2.38176 -0.0288572 -0.00189844
2.38119 -0.00131035 -0.00253788
2.85445 0.0267801 -0.00224701
2.52191 0.00219059 0.00269446
2.51123 0.102283 0.00241479
2.54618 0.0546246 -0.00240293
2.55019 0.0816555 -0.00179282
2.6089 0.0283699 -0.000885399
2.62778 0.00820351 -0.00260702
2.62586 0.0372887 0.00228175
2.63896 0.057312 0.000131218
2.63418 -0.00848007 0.0008696
2.71803 -0.00565434 0.00311431
2.67936 0.0128584 0.00364861
2.64964 -0.00368977 0.00331315
2.67209 0.0407801 0.00352177
2.69558 -0.00926256 0.0025576
2.68178 0.0712574 0.00262436
2.6885 0.0342865 -0.000107678
2.67798 0.0457439 0.000209419
2.64721 0.0350887 -0.00136891
2.64279 0.0583282 -0.000858219
2.61932 -0.022548 -0.000572356
2.62409 0.0461729 -0.00314751
2.6967 -0.0641661 -0.00250927
2.51711 0.0602269 -0.011229
2.81875 0.0669484 0.00814566
2.67405 0.00130415 -0.00879875
2.68782 0.0840514 -0.00169483
2.79337 0.0346112 0.00630125
2.77054 0.0281944 0.00299153
2.7575 0.0625968 0.00586709
2.69922 0.0474586 0.00641474
2.73929 -0.00372076 0.00151333
2.70921 0.0216203 0.00397047
2.69398 -0.00597799 0.00102314
2.74588 -0.00378132 0.00204691
2.64031 0.00663185 0.00174817
2.65867 -0.00141859 0.00158533
2.6703 0.010396 0.00180229
2.6498 -0.0151701 0.0010117
2.60149 0.0500445 0.000739185
2.5905 -0.0627321 0.005833
2.75461 0.289926 -0.0120854
2.58628 0.225477 -0.00451103
2.44295 0.126484 -0.00271049
2.62824 -0.0534956 0.00511321
2.62389 0.0494843 0.00029978
2.54472 0.00841618 0.00371298
2.58437 -0.00956941 0.00304946
2.49126 0.00138211 -0.00475756
2.51465 -0.00660038 -0.00647417
2.52048 -0.0424063 -0.00641003
2.45015 -0.0678296 -0.00967375
2.44223 -0.0505638 -0.0122971
2.47875 -0.0895481 -0.0102591
2.31485 -0.0983129 -0.00743452
2.41382 -0.0544844 -0.00524631
2.44421 -0.0665817 -0.00140491
2.34415 -0.0207994 0.00131807
2.37608 -0.0175283 -0.0015389
2.38861 0.138065 -0.00126806
2.30981 -0.0167796 0.00270042
2.33256 -0.00623855 0.00315508
2.3461 0.0147469 0.00285372
2.34425 -0.0159196 0.00395164
2.34408 -0.00921774 0.00461253
2.35611 0.0209475 0.00304469
2.32674 -0.00279713 0.000891296
2.34016 0.0194416 0.000165073
2.35273 0.00748825 -0.000966461
2.36365 0.0204048 -0.000185402
2.40005 0.103557 -0.000940951
2.33369 -0.000984669 -0.00635186
2.35563 -0.00199842 -0.00877705
2.33161 -0.0458946 -0.00663653
2.23656 -0.145752 -0.00559202
2.41201 0.0705729 0.0010837
2.4708 0.19609 0.00435123
2.33871 -0.0557094 0.00897845
2.32463 0.00453496 0.00489363
2.45928 0.0773349 0.00691446
2.43929 0.0928798 0.0066081
2.41367 0.0213337 0.00816497
2.46363 0.0224023 0.00459418
2.40262 0.0494566 0.00423702
2.52397 0.0239778 0.00234565
2.40252 -0.03686 -0.00103727
2.56953 -0.0663102 -0.000333937
2.50444 0.0130177 0.00149092
2.50997 0.0029583 0.00134381
2.53268 0.066335 -3.63906e-05
2.56626 -0.024461 0.001834
2.55852 -0.0215778 0.00182256
2.56884 0.0119753 0.00118837
2.59999 -0.0456829 0.00197324
2.57008 -0.0809865 -0.00117365
2.60183 0.090879 -0.000526102
2.54513 -0.00255108 0.00363311
2.57608 -0.035033 0.00146779
2.52554 -0.0349455 0.00277409
2.50199 0.0252988 0.00109109
2.56249 0.00859261 0.0026544
2.45389 -0.0106618 0.000596611
2.45458 0.00857174 0.00184473
2.4187 -0.0250521 -0.00164381
2.31799 0.0545354 -0.000955017
2.29496 -0.0530603 -0.00146118
2.24539 -0.0299783 -0.00283638
2.2377 -0.0218229 -0.000861319
2.12559 0.0138878 -0.00209537
2.05182 -0.000741426 0.00376591
2.06395 0.0598264 0.0017477
2.04343 0.0228786 -0.000207575
2.07946 -0.0173402 0.000478355
2.06822 0.039536 0.003378
2.07432 -0.0305064 0.00223431
2.02868 -0.0488663 0.00285706
2.05682 0.0162203 0.000472633
2.00774 -0.054172 -0.00211778
2.11469 0.0487208 -0.00519434
2.07917 -0.106723 0.0014461
2.05744 -0.0509801 -0.00258103
2.06143 0.0234051 0.00081238
2.07014 -0.00661135 0.00148758
2.13733 -0.0332818 0.00319275
2.11685 0.00300312 0.00293168
2.12903 0.0624294 0.00362763
2.16308 0.0251904 0.0110751
2.1625 0.0645046 0.0154627
2.16919 0.0724983 0.0142551
2.23375 0.0337772 0.0130104
2.20797 0.0579405 0.0131935
2.22778 0.0602055 0.0133708
2.24183 0.0228376 0.0156511
2.25395 0.0535364 0.0137061
2.28903 0.0944042 0.00969729
2.28142 0.0407944 0.00704226
2.24448 0.0789824 0.00792822
2.33732 0.0189238 0.00485334
2.27988 0.0324717 0.00335297
2.2842 0.0622339 0.00220069
2.21935 -0.027441 -0.00120846
2.25257 0.0194769 0.00335511
2.23878 0.00115204 0.00412974
2.22941 -0.00412178 0.00239047
2.22513 -0.00933075 0.00260767
2.24703 -0.0165749 0.00776848
2.1754 0.0577679 0.0105394
2.19336 0.009161 0.0111283
2.19664 0.00596333 0.0134793
2.13214 0.0722466 0.00969657
2.13411 0.0528984 0.0128413
2.13671 0.0415974 0.013224
2.14598 0.0465202 0.0122841
2.08344 0.0107803 0.0108839
2.12859 -0.0144877 0.00641689
2.05543 0.0566025 0.00792393
2.07204 -0.0418735 0.00240573
2.02305 0.0073185 0.0014964
1.9826 -0.00882745 -0.00170818
1.90186 -0.0630159 -0.0179421
1.80334 -0.0384511 -0.0202903
1.83581 -0.080374 -0.0215894
1.80277 -0.0679435 -0.0182754
1.70239 -0.0282445 -0.0126809
1.70001 -0.051034 -0.0109958
1.56174 -0.0452902 -0.00741449
1.46032 -0.0430937 -0.0077776
1.41616 -0.0756631 -0.00260225
1.22556 -0.0138922 -0.00166074
1.18225 -0.0668397 -0.00307575
1.18014 0.0263736 -0.00368563
1.17959 -0.0100584 -0.00475493
1.09144 0.0617514 0.000382511
1.04081 0.0285673 0.0191115
1.02229 0.0335217 0.0413643
1.0131 0.16377 0.0630659
0.89926 0.166825 0.0858127
0.768843 0.250699 0.102721
0.762026 0.241002 0.121895
0.639885 0.23862 0.146165
0.651646 0.311992 0.14942
0.669079 0.293967 0.162562
0.64996 0.220104 0.163761
0.633972 0.29739 0.163534
0.703474 0.344977 0.163318
0.656815 0.271444 0.168628
0.672566 0.288188 0.166304
0.729078 0.374876 0.171198
0.674858 0.349621 0.170596
0.702976 0.290195 0.164978
0.711946 0.320547 0.16033
0.642025 0.375763 0.159832
0.81666 0.259315 0.152455
0.819257 0.248406 0.133972
0.979222 0.129326 0.11338
0.943075 0.175464 0.095815
0.971668 0.12295 0.0839318
1.01553 0.136929 0.0561236
1.06171 0.0628958 0.0360869
1.09363 0.0567598 0.0240835
1.18837 0.0205235 0.0100037
1.19402 0.0175567 0.000510542
1.20396 0.0254841 -0.00437537
1.29471 -0.0126477 -0.00464049
1.34476 0.0261651 -0.00280228
1.41287 -0.00394422 -0.00224701
1.47747 0.0101871 -0.00288478
1.4949 0.00115097 -0.00197664
1.5453 -0.0261314 -0.000475796
1.59626 0.0418633 0.00252256
1.65394 -0.0194647 0.00387296
1.7068 -0.0289173 0.00206074
1.72677 0.0107346 0.00193748
1.79783 -0.015295 0.00236258
1.79205 0.0269279 0.00139484
1.85941 -0.0908895 0.00320348
1.91907 -0.0359955 0.00516161
1.88645 -0.0169611 0.00187787
1.9016 -0.0192776 0.0017353
2.03131 0.0437164 0.00327191
1.95201 -0.00764275 0.00173077
2.00154 -0.0383816 0.00140437
2.01873 -0.0297546 -0.00060335
1.93981 -0.0535927 -0.00198785
1.98654 -0.0511932 0.000479309
1.98563 0.0175743 0.00191411
1.92071 -0.063343 0.000407068
2.00038 -0.00954723 0.0021213
1.92993 -0.00543022 0.00133213
1.984 -0.0971947 0.00301084
1.92386 -0.0113935 0.00163755
1.97579 -0.0132885 0.00062832
1.98443 -0.0407991 0.00106916
1.80825 0.0841303 0.00579318
1.99893 -0.0366573 0.000249473
1.98308 -0.0511723 0.00394782
2.04238 -0.049964 -0.000419768
1.88012 -0.0597801 -6.28551e-05
1.90712 -0.0576181 -7.38223e-05
1.95075 -0.0387392 -0.00105182
1.82843 0.0100222 -0.00207702
1.94239 -0.0353365 0.00159296
1.93652 0.000613213 0.00201139
1.89161 0.0287428 -0.000286253
1.96799 -0.0359793 -0.000824841
1.92297 -0.0199852 -0.000787886
1.93207 -0.0051899 -0.00116292
1.95545 -0.0101032 4.51485e-05
1.92202 0.000923157 -0.00072399
1.88386 -0.0569592 -0.0022389
1.86966 -0.00980663 -0.00121013
1.83442 0.00845051 -0.000821503
1.85482 0.00864315 -0.00266901
1.8553 -0.057313 -0.00163093
1.86297 -0.0273371 -0.00245658
1.8536 -0.0302925 -0.00350419
1.81049 0.0052042 -0.00221697
1.78456 -0.0582371 -0.00119654
1.83053 0.0289373 -0.000431689
1.80438 0.00232363 -0.00143972
1.84152 0.0141306 -0.00240484
1.89602 -0.017462 -0.00164238
1.89492 -0.0286899 -0.00296989
1.93499 -0.0092876 -0.00312796
1.96903 -0.0235977 -0.000717314
1.95307 -0.0298846 -0.00246993
2.01282 -0.0615346 -0.00669638
1.97549 -0.0347528 -0.00503269
2.07346 -0.0508627 -0.00431147
2.05235 -0.0190153 -0.00163999
2.03931 -0.02247 -0.00192395
2.13227 -0.0768318 -0.00728384
2.12436 -0.0492504 -0.00715104
2.10371 -0.00305939 -0.00688949
2.14985 -0.0245013 -0.00569144
2.18322 0.00302553 -0.0046939
2.19356 -0.0214071 -0.0054628
2.26152 0.015029 -0.00671521
2.21409 -0.0793238 -0.00439874
2.31609 0.0194521 0.000146953
2.30344 -0.000437737 -0.000166806
2.29348 0.0457449 0.00098571
2.32209 0.0317707 0.000107853
2.36029 0.00037384 0.00192031
2.37132 -0.0337553 0.00207934
2.39773 0.0103989 0.00264057
2.39683 0.0239363 0.00331577
2.44295 -0.0402584 0.00134858
2.42861 -0.0980568 0.000246374
2.36246 0.0543985 0.00138148
2.38755 -0.0243473 0.00128445
2.3532 -0.0175018 -0.0003666
2.35998 -0.0792856 0.00129327
2.35587 -0.148905 0.000798313
2.30247 -0.0695467 -0.000874432
2.25184 -0.0625 0.000849573
2.24353 0.0125122 -0.00175587
2.20713 0.000686646 0.00253519
2.2383 -0.039464 0.00361475
2.21957 -0.0570974 0.0070444
2.1327 -0.00542736 0.000676004
2.12252 0.0773926 -0.000991019
2.07655 -0.0868816 -0.000601681
2.12971 -0.0754013 -0.000358256
2.2754 0.391835 -0.00769463
1.92092 -0.307601 -0.00176826
2.18781 -0.201738 0.00577745
2.20404 0.165065 8.68718e-05
2.11897 -0.142112 -0.000366839
2.15989 -0.0558968 -0.00226584
2.14465 -0.0919952 -0.00316325
2.18273 -0.106832 -0.000327261
2.13588 0.00295162 -0.00217644
2.12524 -0.072866 -0.00276962
2.16019 -0.000989914 0.00272402
2.12353 -0.0737405 0.00117907
2.10406 -0.0164776 0.000161258
2.15595 -0.0341959 0.00260743
2.14418 -0.0703588 -0.000145586
2.17246 -0.0702586 0.00184926
2.18478 0.0100062 -0.00165287
2.08194 -0.0950181 -0.000101956
2.2271 -0.0984321 0.000227777
2.1173 0.0311612 0.00278172
2.22232 -0.0620053 0.000314085
2.16898 0.011838 0.00390133
2.19388 -0.0418744 0.0013493
2.18135 0.0634313 0.00343546
2.2164 -0.0456551 0.00236234
2.13842 -0.039794 0.00171599
2.17675 -0.00207186 0.00488195
2.13766 -0.049005 0.000350801
2.10465 -0.0765929 -0.00126139
2.16798 -0.0171857 0.00337085
2.147 -0.0303717 0.000440447
2.08632 -0.039381 0.00133762
2.11669 -0.0187068 0.00136885
2.04216 -0.0746841 0.0002695
1.9488 -0.0394707 -0.00173584
1.87503 -0.0155644 -0.0014197
1.8722 -0.0619426 -0.0024623
1.73654 -0.147724 -0.00651303
1.87871 0.0466073 -0.00118914
2.02363 0.171593 0.00908479
1.73015 -0.0921803 4.22875e-05
1.75416 -0.0645723 -0.00374833
1.96981 0.0529966 0.00483641
1.91738 0.0595155 0.00433406
1.8752 -0.0365787 0.00464496
1.91003 0.00621319 0.00468144
1.98776 -0.0222855 0.00437745
1.91553 0.0113115 0.0044845
1.98518 -0.0368445 0.00323233
1.97377 -0.0245178 0.00330528
2.0096 -0.00522113 0.00251969
2.0024 -0.026495 0.00442466
1.97223 0.0216339 0.00408849
2.03594 -0.0480442 0.00335488
2.05911 -0.0241213 -0.000628384
2.0559 -0.00261283 -0.000115307
1.97 -0.01893 0.00219807
1.89126 -0.0289843 -8.74122e-05
1.8804 -0.0223975 0.000182001
1.87777 -0.012881 -0.00133386
1.88881 -0.0535893 -0.00276557
1.85776 -0.0391351 0.000744192
1.82778 -0.0350648 0.000767318
1.80474 0.0155979 -0.00331131
1.84503 -0.0346805 -0.00413624
1.9475 -0.0693645 0.00630268
2.05806 -0.228931 0.0265516
1.75157 0.204232 -0.00921408
1.86388 0.0373039 -0.00069991
1.97098 -0.012063 0.00644526
1.94695 0.00714564 0.00545749
2.06972 -0.091819 0.00671539
1.92752 -0.0395586 0.00759801
1.95193 0.00928164 0.00507983
2.01449 -0.0715027 0.00364432
1.96079 0.0375638 0.00654444
1.98709 0.022856 0.00132403
2.00869 -0.00807476 0.00200376
2.03212 -0.017879 0.00042185
2.03618 -0.0100212 0.000357715
2.01418 -0.0188794 -0.00161496
2.03744 -0.0383391 -0.00142041
2.07862 -0.043529 -0.0014123
2.05768 -0.0017519 -0.000803145
2.04142 -0.0728283 0.000758497
2.16598 -0.00291348 0.00115475
1.99393 -0.0795975 -0.00139371
2.08442 -0.0325451 -0.000378998
2.03883 -0.0313911 -0.000969799
2.10916 -0.0654755 -0.000113638
1.98014 0.0382175 -0.00440183
2.00872 -0.062933 -0.00242821
1.97386 -0.0802937 -0.00311962
2.0029 -0.0988789 -0.0036625
1.98579 -0.057869 -0.00344029
1.87734 -0.124464 -0.00259891
1.86245 0.0416889 -0.000878485
2.08867 -0.117435 0.00109443
1.98792 -0.0645046 -0.00134698
1.87704 -0.103588 0.00341162
1.896 -0.0102539 0.00254068
1.9271 -0.0468235 0.00507816
1.91631 -0.0462475 0.00551852
1.85825 -0.0629215 0.00143274
1.89454 -0.0352535 0.00417504
1.91488 -0.0784836 0.00416621
1.88546 0.00420189 0.00295171
1.87979 0.00455379 0.00286111
1.85921 -0.0672102 0.00175962
1.8877 -0.0143604 0.00087556
1.86169 -0.0225449 0.00197443
1.90188 -0.0454502 0.00311145
1.87646 -0.0256844 0.00287565
1.87925 -0.0291462 0.00272068
1.91369 -0.0371351 0.00360593
1.79728 -0.0383768 0.00525006
1.86253 0.00634289 0.00612363
1.80249 -0.0108089 0.00418505
1.87697 -0.00706196 0.00150689
1.90582 -0.0387821 0.0029169
1.86515 0.0394154 0.00362286
1.8928 -0.027669 0.00207004
1.89531 -0.00708199 0.00239762
1.86822 -0.0300856 0.00250062
1.87037 0.0121508 0.00261649
1.89444 -0.0132475 0.00473293
1.90606 -0.0211544 0.00526294
1.81763 -0.00285721 0.00287804
1.87592 0.00261307 0.00314912
1.8931 -0.0469875 0.00411853
1.8861 -0.0260067 0.00411972
1.88317 -0.00896358 0.00477561
1.80764 -0.0402861 0.00474605
1.9136 -0.0118663 0.00479588
2.07376 -0.0600872 0.0060583
1.83051 0.0328554 0.00293001
1.78866 -0.0203123 0.00144562
2.00665 -0.000333548 0.00478849
1.9033 0.0160474 0.00596174
1.90938 -0.014575 0.0076302
1.95895 0.0438216 0.00315818
1.90018 -0.019013 0.00338515
1.95116 -0.0250207 0.00307783
1.87039 0.00971603 -0.00266257
1.85336 0.00580212 -0.00200668
1.85499 0.00139916 -0.00359717
1.78909 0.031479 -0.000402363
1.81501 0.00617629 -0.00669065
1.82669 0.0260241 -0.0051426
1.76822 -0.0139012 -0.00193992
1.69637 -0.103091 -0.00142136
1.88215 0.0751338 -0.00041333
1.79075 -0.029983 0.00425228
1.69493 0.0310621 0.00856194
1.73339 0.0582222 0.00554713
1.77516 -0.00131989 0.00449523
1.77064 0.00950718 0.00347742
1.75809 0.0119781 0.00408205
1.7354 0.0338993 0.00431689
1.85509 -0.00808525 0.00349363
1.8136 0.0147362 0.00438699
1.78912 0.0291576 0.00493845
1.86387 -0.00933838 0.00653538
1.79884 -0.00326538 0.00598725
1.77199 -0.0273609 0.00430617
1.78792 -0.0239277 0.00219974
1.76036 -0.0330181 0.00823292
1.74439 0.00566292 0.00540003
1.67437 -0.0153866 0.00432572
1.68021 -0.0103645 0.00521311
1.58572 -0.00806141 0.00425991
1.53977 0.0248032 0.00167402
1.44289 -0.00967407 0.00075802
1.43856 -0.0359707 -0.00124589
1.33271 -0.0475216 -0.00735942
1.38366 -0.0561447 -0.0125262
1.24064 -0.103193 -0.0310394
1.1444 -0.16473 -0.0515484
0.986757 -0.137512 -0.0683757
1.06789 -0.241343 -0.0808405
0.900783 -0.281788 -0.0981306
0.838528 -0.249716 -0.118644
0.787146 -0.215889 -0.125124
0.791092 -0.185928 -0.123645
0.788538 -0.252784 -0.125329
0.82129 -0.261485 -0.124622
0.866657 -0.272496 -0.124821
0.847754 -0.247497 -0.125084
0.749971 -0.339806 -0.124483
0.892235 -0.208721 -0.110435
0.895191 -0.261005 -0.0962946
0.980618 -0.186962 -0.0698678
0.959537 -0.182246 -0.0537707
1.0854 -0.105983 -0.0431284
1.09226 -0.0713596 -0.0301217
1.17705 -0.0179775 -0.0210613
1.19234 -0.0508685 -0.0183643
1.29788 -0.0311794 -0.0209765
1.30949 -0.0148511 -0.0152041
1.38149 -0.0055933 -0.0122801
1.37572 -0.032629 -0.0126599
1.39048 -0.0206666 -0.0139572
1.42348 -0.0483646 -0.00817815
1.43564 -0.108996 -0.00155679
1.48786 -0.00970268 -0.00402394
1.48269 -0.0163441 -0.00137225
1.52473 -0.00116301 0.00184473
1.54126 0.00944614 0.000843136
1.52345 0.018115 0.0030702
1.50572 -0.0906601 0.00697526
1.56112 0.0162497 0.00577482
1.53225 0.0503683 0.00529823
1.57067 0.0638113 0.00595626
1.5625 0.0180626 0.00433907
1.49135 0.0145884 0.00329909
1.5822 -0.00457382 0.00487074
1.51903 0.0420761 2.86977e-05
1.50458 -0.0202694 0.00159845
1.55448 -0.00130653 0.00038418
1.48152 0.071146 -0.00141421
1.4252 -0.00191116 -3.56754e-05
1.46276 0.0148392 -0.0010418
1.4255 0.028492 0.000305263
1.46348 -0.000171661 -0.00116745
1.41012 -0.00697708 -0.000242384
1.44028 -0.00543785 -0.00016156
1.36681 -0.00320625 -0.00148884
1.38956 0.00474739 -0.0022389
1.38995 0.0171833 -0.00123516
1.37315 0.0225716 -0.00213281
1.34383 -0.00365067 -0.000377329
1.34613 0.0115356 -0.000676783
1.37401 -0.0231304 -0.00126615
1.28649 -0.00825119 -0.00133887
1.3547 0.0484104 -0.00256863
1.32346 -0.0604839 -0.00115696
1.33384 -0.000646591 -0.00247446
1.28641 -0.00348282 -0.00175801
1.27812 -0.014967 -0.00194684
1.2534 -0.00824928 0.00132093
1.1408 -0.00371552 0.00340828
1.08515 0.00879097 0.00546703
0.996055 0.0227261 0.00756797
0.946724 0.0139484 0.00887546
0.871375 0.0215111 0.00098714
0.840842 -0.0318947 -0.000196608
0.706321 -0.00899315 -0.00713459
0.758148 -0.022768 -0.00450054
0.732952 0.0130405 -0.00194231
0.693275 0.0101833 0.00625619
0.694748 0.0127277 0.0141173
0.734728 0.0201187 0.0251852
0.691225 0.0871887 0.0408569
0.719725 0.184856 0.0582517
0.714571 0.130991 0.0684379
0.697363 0.189547 0.0759977
0.742361 0.168406 0.0866071
0.790935 0.148678 0.0956715
0.712565 0.251562 0.0969742
0.743809 0.214924 0.104551
0.756522 0.212645 0.112913
0.679881 0.240416 0.113422
0.715256 0.193521 0.114344
0.703163 0.225227 0.110066
0.663263 0.250696 0.104741
0.719852 0.143808 0.101677
0.649438 0.19339 0.0851186
0.629254 0.130454 0.0685264
0.587112 0.074729 0.0472601
0.532892 0.116888 0.0341144
0.538332 0.0907557 0.0216485
0.601908 0.0771217 0.017825
0.423564 -0.00949383 0.00706276
0.408647 0.0617747 0.00225338
0.430682 0.00223637 0.00213489
0.362361 0.0322967 -0.000425251
0.307384 -0.021467 -0.0024499
0.256792 0.000220299 0.00184473
0.144264 0.0131445 -0.00308743
0.0819292 -0.00523806 0.000422565
0.0531368 0.0169215 0.000287382
0.00494194 0.0332642 0.00108442
-0.0159101 -0.00619221 0.00176105
-0.00354004 -0.00283432 0.00186261
-0.00805473 -0.00410032 0.0018166
-0.00573063 0.0158005 0.00169
-0.0140839 0.0117135 0.00155124
-0.000526428 0.000806808 0.00202426
-0.0266151 0.00497437 0.00153026
0.0224123 -0.00899744 0.00155648
-0.00610828 0.0302753 0.00107321
0.0122213 0.0452466 0.000635711
-0.0296803 0.0271297 0.00064048
-0.00818157 0.00768518 0.00145468
-0.0063343 -0.00188446 0.00145086
0.0169945 -0.00394583 0.00106081
-0.00265789 0.00789499 0.000908701
-0.0166807 0.0382528 0.000540106
0.00514984 -0.0275164 0.00174889
