0 0 8.74228e-08
0.0570467 0.0134563 -0.000231894
0.0339732 0.0185681 -0.00173512
0.0715256 -0.00921274 -0.00306192
0.104128 -0.0195889 -0.00398913
0.104661 -0.00983346 -0.00554815
0.14022 -0.00645489 -0.00667539
0.135401 -0.0103505 -0.00802151
0.168931 -0.0353949 -0.00721231
0.200305 -0.0553971 -0.00631347
0.232258 -0.0878227 -0.00703517
0.249024 -0.0757233 -0.00838223
0.281175 -0.109111 -0.00893489
0.314462 -0.0893922 -0.00977126
0.352829 -0.106289 -0.0109681
0.378602 -0.11669 -0.0119165
0.392178 -0.128282 -0.0129403
0.384778 -0.173892 -0.0131144
0.420116 -0.172922 -0.0139751
0.453161 -0.191965 -0.0131671
0.515097 -0.186735 -0.0125028
0.58301 -0.185668 -0.0129632
0.741491 -0.177574 -0.0138308
0.893836 -0.176808 -0.0145923
1.0953 -0.191721 -0.013646
1.37501 -0.155652 -0.0131575
1.73178 -0.137395 -0.0131315
2.1322 -0.100298 -0.0129205
2.6241 -0.0793841 -0.0164076
3.15288 -0.155822 -0.0180101
3.75131 -0.132008 -0.0203842
4.41126 -0.185003 -0.0245091
5.16643 -0.204029 -0.0286261
5.92669 -0.243296 -0.0326766
6.76142 -0.291612 -0.0353238
7.71238 -0.363845 -0.0400983
8.7327 -0.422271 -0.0446977
9.78578 -0.486796 -0.0501353
10.8286 -0.54338 -0.0551161
11.9617 -0.602764 -0.0612115
13.1403 -0.72113 -0.0645124
14.2957 -0.815166 -0.0652334
15.5428 -0.926729 -0.0626129
16.861 -1.04324 -0.0632495
18.2116 -1.14113 -0.0633573
19.6363 -1.23685 -0.0599813
21.1185 -1.3159 -0.0585112
22.5851 -1.46929 -0.059677
24.0351 -1.62226 -0.0623566
25.6634 -1.70343 -0.0630704
27.4763 -1.56864 -0.0548183
29.1451 -1.74507 -0.0516497
30.8578 -2.05264 -0.056117
32.691 -2.17374 -0.05397
34.5917 -2.25239 -0.0541298
36.5177 -2.40005 -0.0542299
38.4863 -2.54252 -0.0557758
40.5486 -2.64474 -0.0540237
42.6534 -2.7425 -0.0480539
44.8338 -2.87337 -0.0437645
47.0467 -3.02295 -0.0418164
49.2816 -3.123 -0.0408928
51.5209 -3.26929 -0.0378129
53.6933 -3.3607 -0.0318073
55.88 -3.43376 -0.02746
58.0373 -3.52916 -0.022586
60.1892 -3.56612 -0.0176937
62.3729 -3.63596 -0.0132152
64.5083 -3.68817 -0.0123626
66.6454 -3.75753 -0.0107428
68.8121 -3.85344 -0.00713507
70.9413 -3.95752 -0.00589362
72.9735 -3.91884 -0.00911704
75.0741 -4.00267 -0.010076
77.1563 -4.09025 -0.0114237
79.3226 -4.30775 0.00693115
81.5013 -4.16482 0.00444993
83.4681 -4.08754 -0.0127498
85.6358 -4.13902 -0.00920144
87.7981 -4.1115 -0.0069007
90.001 -4.19427 -0.00189033
92.2111 -4.25892 -0.00221053
94.4039 -4.29955 -0.00296894
96.5884 -4.31844 -0.00295535
98.8229 -4.33334 -0.00168959
101.07 -4.35213 -0.000477703
103.362 -4.34805 0.000836221
105.667 -4.36238 0.00191578
107.932 -4.41232 0.00235233
110.218 -4.45149 0.00274595
112.534 -4.4533 0.00289282
114.815 -4.48887 0.00068721
117.126 -4.5269 0.000841228
119.427 -4.60413 -0.00201598
121.747 -4.6629 -0.00260297
124.043 -4.75969 -0.00371424
126.302 -4.7826 -0.00460234
128.501 -4.81157 -0.00596085
130.681 -4.8708 -0.00575128
132.851 -4.94652 -0.00564137
135.022 -5.043 -0.00623813
137.265 -5.04379 -0.0087556
139.54 -5.18093 -0.00940696
141.744 -5.2975 -0.00389758
144.034 -5.28434 -0.00193063
146.258 -5.39257 -0.00414744
148.467 -5.4528 -0.00453392
150.753 -5.48567 -0.00174228
153.05 -5.49145 0.00375375
155.299 -5.5603 0.0115713
157.564 -5.50931 0.0142089
159.922 -5.54089 0.0192297
162.199 -5.52895 0.0226038
164.511 -5.49754 0.0271641
166.827 -5.46447 0.0323039
169.144 -5.43392 0.0374525
171.513 -5.33835 0.0427252
173.912 -5.26166 0.043196
176.246 -5.19425 0.0434502
178.64 -5.09234 0.0486375
180.971 -5.02093 0.0495685
183.381 -4.93308 0.0540038
185.795 -4.83047 0.0564397
188.24 -4.75095 0.0610183
190.672 -4.66604 0.064364
193.066 -4.55315 0.0676073
195.481 -4.37117 0.0779887
197.888 -4.2264 0.0866342
200.203 -4.03031 0.0938717
202.546 -3.82491 0.100935
204.795 -3.62986 0.106251
207.008 -3.40974 0.113933
209.117 -3.12466 0.12236
211.274 -2.95971 0.128949
213.716 -2.67097 0.133487
215.697 -2.39378 0.134677
218.107 -2.05879 0.134986
220.315 -1.75992 0.141178
222.607 -1.3919 0.145774
224.896 -1.04812 0.149825
227.25 -0.670644 0.154276
229.577 -0.311778 0.158842
231.9 0.0734994 0.16194
234.248 0.465619 0.164292
236.599 0.834062 0.16682
239.016 1.23048 0.169497
241.364 1.62015 0.174488
243.964 2.01608 0.181029
246.424 2.40699 0.191676
248.953 2.81371 0.201565
251.347 3.29697 0.203808
253.703 3.79046 0.208297
256.164 4.30081 0.215526
258.537 4.77155 0.221559
261.002 5.27204 0.228009
263.411 5.85779 0.230357
265.897 6.39062 0.233924
268.364 6.9569 0.235183
270.762 7.51467 0.237335
273.181 8.04713 0.239896
275.558 8.6227 0.244649
277.96 9.18423 0.249029
280.331 9.72796 0.249853
282.687 10.2462 0.252812
284.946 10.8666 0.256282
287.221 11.4343 0.261274
289.369 11.9879 0.262003
291.54 12.5247 0.264152
293.617 13.0434 0.268436
295.661 13.5565 0.271031
297.639 14.0921 0.275953
299.571 14.5551 0.279335
301.554 15.1851 0.287971
303.764 15.7549 0.302785
305.493 16.3142 0.313173
307.02 16.9596 0.314691
308.751 17.5128 0.318109
310.513 18.0204 0.323831
312.209 18.5751 0.326967
313.928 19.0827 0.325606
315.506 19.5815 0.325436
317.06 20.0372 0.317958
318.521 20.4589 0.30314
319.927 20.7814 0.280583
321.425 21.0434 0.240289
322.752 21.1768 0.182318
323.939 21.2286 0.107682
325.2 21.1332 0.0330406
326.328 21.0287 -0.0531994
327.337 20.7206 -0.151633
328.372 20.3437 -0.262556
329.281 19.7815 -0.388747
330.108 19.1007 -0.523091
330.912 18.3335 -0.663761
331.483 17.4831 -0.806235
331.996 16.5282 -0.950998
332.368 15.5163 -1.09196
332.631 14.4098 -1.22465
332.794 13.2694 -1.33945
332.885 12.1638 -1.41666
332.95 10.8991 -1.46337
333.146 9.44874 -1.48837
333.27 7.98494 -1.50851
333.275 6.54866 -1.52173
333.307 5.14989 -1.52915
333.385 3.58335 -1.53133
333.43 2.00323 -1.52401
333.494 0.403109 -1.52241
333.596 -1.30068 -1.51968
333.738 -3.00946 -1.52086
333.808 -4.76526 -1.52325
333.935 -6.57154 -1.52291
334.01 -8.47778 -1.52613
334.102 -10.3518 -1.52977
334.135 -12.2809 -1.53177
334.219 -14.263 -1.534
334.316 -16.3064 -1.53581
334.4 -18.4214 -1.53584
334.494 -20.5424 -1.53806
334.487 -22.6738 -1.53819
334.611 -24.8589 -1.53924
334.698 -27.162 -1.5384
334.674 -29.4058 -1.54018
334.807 -31.7045 -1.53958
334.904 -33.9267 -1.53699
334.978 -36.1492 -1.53258
335.128 -38.3939 -1.52938
335.191 -40.5981 -1.52648
335.356 -42.6923 -1.52635
335.495 -44.8707 -1.52657
335.604 -46.9913 -1.5243
335.802 -49.0362 -1.52377
335.884 -51.0782 -1.52149
335.964 -53.1232 -1.51786
336.082 -54.903 -1.5212
336.198 -56.849 -1.51978
336.248 -58.6115 -1.51724
336.272 -60.4078 -1.51319
336.42 -62.1596 -1.51211
336.672 -63.967 -1.50426
336.977 -65.997 -1.50021
336.883 -67.5338 -1.49955
337.081 -69.4008 -1.49541
337.287 -71.145 -1.4925
337.36 -72.9146 -1.493
337.551 -74.7176 -1.49256
337.675 -76.5047 -1.49225
337.779 -78.3467 -1.49055
338.003 -80.1021 -1.49392
338.026 -81.8787 -1.49307
338.177 -83.6703 -1.49361
338.328 -85.4707 -1.49262
338.472 -87.213 -1.49446
338.544 -88.9524 -1.49554
338.643 -90.5958 -1.49798
338.631 -92.3093 -1.50092
338.792 -94.0509 -1.49946
338.814 -95.6543 -1.50375
339.007 -97.1978 -1.51419
339.119 -98.8646 -1.51692
339.108 -100.529 -1.51998
339.109 -102.269 -1.51892
339.101 -103.919 -1.51823
339.095 -105.465 -1.51768
339.103 -106.791 -1.51811
339.214 -108.191 -1.51724
339.225 -109.45 -1.51778
339.36 -110.619 -1.52101
339.463 -111.827 -1.51929
339.459 -112.841 -1.52007
339.468 -113.772 -1.51832
339.491 -114.663 -1.51813
339.517 -115.496 -1.51646
339.533 -116.312 -1.51439
339.564 -117.007 -1.51322
339.556 -117.654 -1.51309
339.581 -118.295 -1.51332
339.593 -118.928 -1.51344
339.645 -119.589 -1.51308
339.678 -120.257 -1.51287
339.728 -120.903 -1.51246
339.803 -121.56 -1.51333
339.839 -122.155 -1.51121
339.896 -122.774 -1.50822
339.918 -123.338 -1.50814
339.982 -123.939 -1.50825
340.069 -124.522 -1.50858
340.186 -125.038 -1.50838
340.233 -125.612 -1.50576
340.311 -126.142 -1.5084
340.35 -126.736 -1.51118
340.419 -127.328 -1.51506
340.471 -127.995 -1.52061
340.526 -128.752 -1.5294
340.497 -129.474 -1.54758
340.462 -130.211 -1.57383
340.423 -131.024 -1.60789
340.323 -131.885 -1.65153
340.154 -132.806 -1.70504
339.948 -133.769 -1.76499
339.7 -134.773 -1.82811
339.396 -135.808 -1.89318
338.851 -136.785 -1.95602
338.384 -137.652 -2.01699
337.835 -138.514 -2.07488
337.222 -139.423 -2.13273
336.556 -140.335 -2.19063
335.775 -141.264 -2.24484
335.026 -142.152 -2.29173
334.031 -143.04 -2.33489
333.074 -143.978 -2.38023
332 -144.853 -2.42229
330.827 -145.704 -2.46529
329.664 -146.582 -2.50853
328.343 -147.431 -2.5453
326.952 -148.197 -2.58243
325.54 -149.005 -2.62239
324.032 -149.676 -2.66046
322.528 -150.303 -2.6969
321.02 -150.979 -2.73058
319.436 -151.592 -2.7575
317.836 -152.247 -2.78044
316.257 -152.885 -2.79381
314.617 -153.496 -2.79665
312.916 -154.033 -2.79695
311.176 -154.717 -2.80114
309.428 -155.289 -2.80198
307.676 -155.888 -2.80199
305.79 -156.49 -2.80122
303.933 -157.125 -2.79913
301.992 -157.801 -2.79624
300.069 -158.493 -2.79364
298.092 -159.17 -2.79034
296.11 -159.898 -2.79024
294.112 -160.604 -2.78723
292.034 -161.354 -2.78658
289.95 -162.077 -2.78483
287.789 -162.821 -2.7845
285.691 -163.552 -2.78434
283.552 -164.362 -2.78595
281.371 -165.159 -2.78514
279.141 -165.925 -2.78229
276.968 -166.704 -2.78142
274.73 -167.536 -2.7769
272.524 -168.368 -2.7723
270.27 -169.214 -2.76742
268.023 -170.089 -2.76183
265.805 -171.003 -2.75518
263.529 -171.874 -2.74672
261.318 -172.787 -2.73713
259.046 -173.782 -2.7267
256.794 -174.774 -2.71736
254.55 -175.786 -2.70725
252.275 -176.853 -2.6995
250.041 -177.927 -2.68906
247.824 -179.024 -2.67859
245.613 -180.145 -2.66547
243.371 -181.27 -2.65182
241.223 -182.462 -2.63759
239.027 -183.702 -2.62189
236.907 -184.951 -2.60632
234.736 -186.304 -2.59129
232.66 -187.601 -2.57362
230.554 -188.947 -2.55975
228.49 -190.283 -2.54936
226.391 -191.758 -2.53613
224.296 -193.264 -2.52362
222.246 -194.774 -2.51262
220.19 -196.271 -2.50167
218.139 -197.825 -2.48938
216.222 -199.398 -2.47475
214.286 -200.969 -2.46167
212.389 -202.558 -2.44254
210.505 -204.231 -2.42771
208.64 -205.884 -2.41538
206.817 -207.564 -2.39976
205.015 -209.289 -2.38549
203.273 -210.993 -2.37284
201.473 -212.709 -2.36016
199.717 -214.481 -2.34994
198.016 -216.25 -2.33578
196.344 -217.986 -2.32476
194.705 -219.828 -2.31291
193.099 -221.654 -2.29694
191.532 -223.537 -2.28139
190.091 -225.368 -2.2637
188.679 -227.131 -2.24579
187.378 -228.859 -2.23468
186.123 -230.514 -2.22524
184.916 -232.12 -2.21683
183.786 -233.65 -2.20968
182.692 -235.16 -2.20349
181.659 -236.66 -2.19578
180.557 -238.173 -2.18695
179.512 -239.787 -2.17878
178.509 -241.259 -2.16933
177.462 -242.788 -2.15449
176.375 -244.536 -2.13969
175.324 -246.253 -2.12248
174.295 -248.01 -2.10738
173.275 -249.778 -2.09698
172.209 -251.623 -2.08803
171.134 -253.51 -2.08197
170.078 -255.365 -2.07763
169.033 -257.227 -2.07293
167.969 -259.175 -2.07063
166.819 -261.174 -2.07048
165.725 -263.171 -2.07158
164.691 -265.222 -2.06947
163.61 -267.265 -2.06373
162.516 -269.357 -2.06117
161.343 -271.47 -2.0534
160.158 -273.627 -2.04963
159.082 -275.821 -2.04005
157.964 -278.099 -2.02699
156.96 -280.355 -2.01173
155.918 -282.652 -1.99552
155.023 -285.008 -1.98081
154.03 -287.358 -1.96707
153.01 -289.81 -1.95215
152.098 -292.306 -1.93458
151.206 -294.864 -1.91849
150.349 -297.449 -1.89951
149.545 -300.049 -1.88228
148.722 -302.69 -1.86815
147.975 -305.264 -1.85516
147.27 -307.925 -1.83758
146.611 -310.564 -1.81868
145.926 -313.239 -1.80345
145.368 -315.905 -1.78742
144.822 -318.536 -1.77002
144.361 -321.236 -1.75404
143.898 -323.944 -1.73983
143.521 -326.644 -1.72369
143.095 -329.383 -1.70703
142.775 -332.074 -1.69059
142.498 -334.851 -1.66947
142.27 -337.597 -1.64991
142.143 -340.314 -1.63119
142.041 -343.179 -1.61031
141.984 -345.944 -1.59167
141.96 -348.696 -1.57002
142.014 -351.702 -1.55004
142.117 -354.687 -1.52455
142.33 -357.625 -1.5024
142.596 -360.495 -1.47596
143.024 -363.437 -1.45282
143.45 -366.445 -1.42776
143.916 -369.445 -1.40866
144.42 -372.39 -1.3963
144.905 -375.4 -1.38555
145.435 -378.321 -1.37413
145.932 -381.12 -1.37592
146.407 -383.961 -1.38192
146.839 -386.807 -1.38485
147.263 -389.606 -1.38618
147.691 -392.376 -1.38868
148.085 -395.041 -1.39901
148.397 -397.653 -1.41463
148.666 -400.174 -1.43708
148.864 -402.643 -1.46062
148.953 -405.038 -1.48247
149.02 -407.336 -1.50628
149.083 -409.626 -1.53302
149.072 -411.829 -1.56656
148.93 -413.936 -1.60684
148.734 -416.036 -1.64911
148.443 -418.052 -1.69605
148.035 -420.068 -1.75004
147.505 -422.046 -1.80891
146.873 -423.954 -1.8716
146.133 -425.785 -1.93487
145.236 -427.516 -1.98932
144.322 -429.203 -2.04126
143.325 -430.84 -2.09291
142.278 -432.311 -2.15292
141.196 -433.656 -2.21665
139.996 -434.891 -2.277
138.696 -436.124 -2.34391
137.347 -437.265 -2.39519
135.964 -438.372 -2.45447
134.395 -439.461 -2.51522
132.831 -440.417 -2.57754
131.191 -441.311 -2.63951
129.468 -442.09 -2.69955
127.666 -442.766 -2.75073
125.837 -443.36 -2.7935
123.893 -443.973 -2.81871
121.981 -444.643 -2.83436
120.047 -445.266 -2.84032
117.983 -445.86 -2.84236
115.869 -446.528 -2.84621
113.788 -447.173 -2.846
111.639 -447.817 -2.84851
109.469 -448.465 -2.85114
107.254 -449.145 -2.84909
104.995 -449.775 -2.84946
102.75 -450.498 -2.84959
100.458 -451.26 -2.85047
98.0935 -451.953 -2.85311
95.7205 -452.65 -2.86049
93.282 -453.311 -2.86931
90.814 -454.005 -2.88697
88.3157 -454.592 -2.90001
85.7388 -455.203 -2.91284
83.1282 -455.789 -2.92375
80.4809 -456.346 -2.93054
77.7086 -456.943 -2.93613
75.0327 -457.585 -2.93448
72.3375 -458.181 -2.93099
69.6094 -458.79 -2.92699
66.9131 -459.431 -2.92153
64.3023 -460.043 -2.91392
61.6456 -460.677 -2.90829
59.0416 -461.33 -2.89905
56.4441 -462.004 -2.89041
53.8383 -462.712 -2.88401
51.2382 -463.39 -2.87867
48.5124 -464.037 -2.87366
46.0307 -464.743 -2.86935
43.4555 -465.511 -2.8628
40.8396 -466.251 -2.85559
38.3208 -466.997 -2.85376
35.8091 -467.848 -2.84972
33.3874 -468.573 -2.84778
30.9924 -469.296 -2.84367
28.7516 -469.972 -2.8397
26.5379 -470.665 -2.83669
24.5963 -471.247 -2.83798
22.6717 -471.807 -2.83439
20.8348 -472.425 -2.83788
19.1519 -472.987 -2.83841
17.3836 -473.542 -2.83507
15.5625 -474.08 -2.82926
13.9481 -474.565 -2.83053
12.1736 -475.134 -2.82639
10.5779 -475.648 -2.82475
8.97651 -476.156 -2.8288
7.30459 -476.67 -2.82627
5.65862 -477.187 -2.82612
4.05542 -477.681 -2.82647
2.43143 -478.153 -2.82581
0.848897 -478.707 -2.82466
-0.675257 -479.193 -2.82614
-2.1525 -479.652 -2.82705
-3.51937 -480.091 -2.82765
-4.75991 -480.47 -2.8277
-5.86182 -480.848 -2.82703
-6.93854 -481.174 -2.82524
-7.81625 -481.43 -2.82251
-8.61389 -481.721 -2.80188
-9.36468 -482.111 -2.76324
-10.1069 -482.556 -2.69937
-10.8046 -483.096 -2.6218
-11.5108 -483.681 -2.53172
-12.1414 -484.443 -2.43303
-12.67 -485.237 -2.3295
-13.3014 -486.111 -2.22216
-13.6805 -487.092 -2.11072
-14.0034 -488.104 -1.99962
-14.2881 -489.206 -1.88603
-14.4189 -490.376 -1.77659
-14.4132 -491.598 -1.66975
-14.297 -492.801 -1.56974
-14.1234 -494.032 -1.48
-13.7645 -495.299 -1.40787
-13.3419 -496.615 -1.35659
-12.9916 -497.936 -1.31814
-12.5295 -499.313 -1.28749
-12.0523 -500.706 -1.25637
-11.5244 -502.123 -1.2274
-10.9172 -503.573 -1.20784
-10.3009 -505.101 -1.19666
-9.62547 -506.649 -1.18555
-8.95891 -508.232 -1.18186
-8.29475 -509.843 -1.18507
-7.66589 -511.524 -1.18794
-7.01482 -513.248 -1.19323
-6.32499 -515.032 -1.19619
-5.5925 -516.772 -1.19645
-4.84786 -518.577 -1.19707
-4.18434 -520.448 -1.19788
-3.43455 -522.409 -1.19857
-2.66436 -524.334 -1.19701
-1.89838 -526.384 -1.19372
-1.04449 -528.383 -1.19175
-0.170652 -530.479 -1.18899
0.679819 -532.562 -1.18726
1.56001 -534.705 -1.18542
2.44139 -536.873 -1.18258
3.36917 -539.055 -1.18019
4.28013 -541.348 -1.17938
5.24578 -543.605 -1.17758
6.18406 -545.846 -1.17674
7.18375 -548.151 -1.17394
8.0801 -550.436 -1.17172
9.07548 -552.606 -1.16919
10.0515 -554.856 -1.16762
11.0392 -557.157 -1.16464
12.0485 -559.434 -1.16116
12.9986 -561.682 -1.15998
13.9594 -563.968 -1.16043
14.9151 -566.298 -1.16408
15.9603 -568.634 -1.16175
16.9449 -570.982 -1.15963
17.9464 -573.311 -1.15425
19.0062 -575.612 -1.15451
20.0791 -577.902 -1.15002
21.0583 -580.308 -1.14933
22.1666 -582.795 -1.14031
23.2108 -585.095 -1.13662
24.3272 -587.535 -1.13101
25.4138 -590.015 -1.12813
26.5631 -592.4 -1.12624
27.6637 -594.889 -1.12436
28.8119 -597.299 -1.12274
29.8691 -599.681 -1.12356
31.0171 -602.021 -1.12504
32.0638 -604.379 -1.12593
33.0911 -606.681 -1.12658
34.2299 -608.876 -1.12802
35.3073 -611.071 -1.12483
36.3611 -613.228 -1.12509
37.3066 -615.418 -1.12588
38.2236 -617.57 -1.12877
39.1663 -619.643 -1.13248
40.0675 -621.739 -1.13457
41.081 -623.784 -1.1354
42.0016 -625.8 -1.13759
42.8834 -627.759 -1.13929
43.8194 -629.7 -1.14007
44.7555 -631.642 -1.14453
45.599 -633.523 -1.14883
46.5372 -635.384 -1.14917
47.3762 -637.25 -1.14694
48.2445 -638.978 -1.1462
49.1053 -640.707 -1.15773
49.8614 -642.386 -1.18117
50.4567 -644.012 -1.21864
50.9095 -645.482 -1.26607
51.2386 -646.943 -1.32961
51.3873 -648.475 -1.40082
51.2974 -649.971 -1.48672
51.2066 -651.365 -1.57946
50.9361 -652.869 -1.67937
50.5126 -654.355 -1.77752
49.959 -655.685 -1.87892
49.2422 -657.083 -1.98135
48.4626 -658.38 -2.07474
47.6691 -659.624 -2.15143
46.7502 -660.852 -2.19874
45.6896 -662.148 -2.24023
44.5972 -663.378 -2.27059
43.4313 -664.658 -2.29391
42.2593 -665.948 -2.30861
41.0325 -667.268 -2.32049
39.7886 -668.618 -2.32303
38.5 -669.959 -2.33011
37.164 -671.336 -2.32995
35.8258 -672.725 -2.32899
34.479 -674.121 -2.32828
33.1556 -675.513 -2.32866
31.7789 -676.971 -2.33042
30.3648 -678.455 -2.33101
28.971 -679.958 -2.33286
27.5755 -681.418 -2.33009
26.0951 -682.869 -2.33049
24.6182 -684.357 -2.32957
23.1053 -685.915 -2.32758
21.6249 -687.548 -2.32841
20.0292 -689.144 -2.32772
18.4403 -690.771 -2.32804
16.9005 -692.544 -2.32424
15.3081 -694.257 -2.32417
13.6937 -696.018 -2.32616
12.013 -697.713 -2.32775
10.3808 -699.465 -2.3289
8.66126 -701.24 -2.32699
6.86659 -703.054 -2.32438
5.0993 -704.924 -2.32096
3.28672 -706.792 -2.32134
1.40123 -708.72 -2.32218
-0.458448 -710.61 -2.32085
-2.29512 -712.568 -2.32008
-4.16311 -714.572 -2.31661
-6.1151 -716.591 -2.31436
-8.0679 -718.623 -2.31101
-10.0011 -720.689 -2.31024
-11.9452 -722.696 -2.30807
-13.8932 -724.742 -2.30721
-15.8414 -726.778 -2.3087
-17.7559 -728.773 -2.30969
-19.6338 -730.749 -2.31074
-21.5303 -732.625 -2.31566
-23.3818 -734.551 -2.3239
-25.2433 -736.429 -2.33829
-27.0916 -738.157 -2.35818
-28.9959 -739.943 -2.38463
-30.9753 -741.631 -2.41211
-32.9916 -743.27 -2.44532
-35.0558 -744.881 -2.48082
-37.161 -746.486 -2.51627
-39.2231 -747.85 -2.55444
-41.4285 -749.211 -2.58495
-43.596 -750.473 -2.61146
-45.7472 -751.68 -2.63151
-47.9529 -752.927 -2.63895
-50.2466 -754.187 -2.64176
-52.4884 -755.42 -2.63782
-54.7588 -756.638 -2.63534
-57.0673 -757.953 -2.63245
-59.4137 -759.25 -2.63187
-61.7006 -760.49 -2.62964
-64.02 -761.703 -2.62999
-66.3144 -762.961 -2.62865
-68.5511 -764.239 -2.62813
-70.7403 -765.525 -2.62741
-72.8921 -766.776 -2.62905
-75.0912 -768.042 -2.6313
-77.3272 -769.229 -2.63509
-79.4761 -770.392 -2.64951
-81.6015 -771.435 -2.67174
-83.8157 -772.443 -2.69962
-86.0092 -773.426 -2.73407
-88.2338 -774.27 -2.76746
-90.4823 -775.017 -2.80269
-92.7613 -775.633 -2.84047
-95.0271 -776.21 -2.87579
-97.2834 -776.7 -2.90316
-99.4952 -777.155 -2.92789
-101.71 -777.547 -2.95099
-103.924 -777.861 -2.97371
-106.083 -778.106 -3.00203
-108.213 -778.236 -3.03374
-110.298 -778.287 -3.07053
-112.369 -778.282 -3.11253
-114.451 -778.168 3.13372
-116.548 -777.995 3.09677
-118.627 -777.735 3.06051
-120.719 -777.428 3.02138
-122.769 -777.07 2.982
-124.77 -776.663 2.95128
-126.736 -776.212 2.9287
-128.7 -775.755 2.90293
-130.675 -775.068 2.88167
-132.58 -774.541 2.85572
-134.52 -773.884 2.83215
-136.481 -773.166 2.7982
-138.384 -772.388 2.76218
-140.27 -771.519 2.72799
-142.167 -770.582 2.69456
-144.007 -769.55 2.65659
-145.842 -768.401 2.61938
-147.653 -767.203 2.5864
-149.434 -765.949 2.54855
-151.291 -764.612 2.52393
-153.054 -763.211 2.49885
-154.843 -761.85 2.48253
-156.612 -760.37 2.46637
-158.357 -758.849 2.44005
-160.096 -757.284 2.42284
-161.804 -755.72 2.40196
-163.484 -754.08 2.38179
-165.124 -752.431 2.36239
-166.746 -750.736 2.3383
-168.297 -748.996 2.31171
-169.857 -747.178 2.28099
-171.295 -745.351 2.25052
-172.721 -743.417 2.21864
-174.075 -741.491 2.18285
-175.338 -739.537 2.14553
-176.549 -737.467 2.11206
-177.711 -735.37 2.08378
-178.873 -733.209 2.05731
-179.973 -731.008 2.02885
-181.005 -728.836 2.00842
-181.953 -726.616 1.99037
-182.944 -724.431 1.97453
-183.839 -722.333 1.9587
-184.621 -720.21 1.94805
-185.367 -718.115 1.9358
-186.092 -716.116 1.92674
-186.823 -714.099 1.91448
-187.443 -712.163 1.89874
-187.997 -710.237 1.8784
-188.427 -708.331 1.858
-188.917 -706.516 1.82792
-189.25 -704.709 1.7817
-189.504 -702.851 1.72655
-189.613 -701.042 1.66598
-189.615 -699.124 1.60428
-189.626 -697.271 1.54933
-189.469 -695.358 1.50063
-189.209 -693.427 1.46022
-188.847 -691.368 1.43002
-188.543 -689.345 1.40218
-188.152 -687.279 1.38286
-187.702 -685.121 1.36906
-187.176 -682.984 1.35979
-186.662 -680.977 1.34694
-186.074 -678.898 1.33449
-185.49 -676.796 1.3257
-184.912 -674.71 1.31479
-184.318 -672.719 1.29888
-183.68 -670.684 1.28075
-182.986 -668.714 1.25985
-182.259 -666.696 1.23455
-181.478 -664.753 1.21097
-180.726 -662.829 1.18247
-179.769 -660.991 1.15435
-178.83 -659.103 1.1259
-177.932 -657.26 1.09692
-176.971 -655.403 1.06386
-175.917 -653.671 1.0221
-174.857 -651.814 0.977316
-173.55 -650.145 0.921128
-172.268 -648.594 0.858094
-170.787 -647.157 0.790623
-169.184 -645.833 0.723105
-167.479 -644.644 0.657175
-165.748 -643.355 0.596654
-163.941 -642.292 0.548367
-162.093 -641.31 0.515976
-160.168 -640.266 0.502738
-158.277 -639.239 0.496073
-156.341 -638.249 0.493477
-154.404 -637.229 0.493616
-152.551 -636.162 0.496778
-150.652 -635.123 0.501174
-148.85 -634.141 0.507467
-147.092 -633.173 0.514238
-145.501 -632.241 0.519439
-143.88 -631.3 0.532885
-142.336 -630.349 0.554003
-140.802 -629.339 0.590238
-139.316 -628.206 0.642654
-138.043 -626.942 0.709794
-136.884 -625.616 0.787814
-135.759 -624.201 0.878817
-134.809 -622.644 0.982152
-134.072 -620.994 1.08515
-133.531 -619.311 1.19139
-133.189 -617.499 1.30189
-132.994 -615.688 1.41852
-133.013 -613.831 1.53411
-133.155 -611.923 1.6472
-133.487 -610.002 1.75035
-133.995 -608.137 1.84124
-134.721 -606.356 1.9167
-135.527 -604.633 1.9758
-136.401 -602.905 2.02797
-137.367 -601.175 2.06553
-138.368 -599.499 2.09154
-139.44 -597.715 2.11163
-140.596 -595.931 2.12825
-141.765 -594.138 2.13829
-142.961 -592.3 2.13956
-144.134 -590.443 2.13843
-145.361 -588.58 2.14096
-146.581 -586.719 2.14933
-147.828 -584.854 2.15563
-149.05 -583.021 2.16218
-150.285 -581.213 2.16581
-151.419 -579.535 2.16841
-152.595 -577.932 2.16788
-153.593 -576.378 2.16676
-154.541 -574.979 2.16666
-155.43 -573.606 2.1654
-156.296 -572.352 2.1652
-157.069 -571.237 2.1693
-157.759 -570.206 2.17526
-158.316 -569.402 2.1761
-158.774 -568.703 2.17825
-159.159 -568.11 2.18061
-159.437 -567.691 2.18235
-159.593 -567.407 2.18247
-159.705 -567.238 2.18314
-159.804 -567.101 2.18439
-159.856 -567.015 2.18498
-159.889 -566.96 2.18532
-159.891 -566.967 2.18756
-159.89 -566.966 2.18952
-159.901 -566.973 2.19139
-159.897 -566.99 2.19334
-159.901 -566.995 2.19532
-159.921 -567.004 2.19719
-159.922 -567 2.19911
-159.924 -566.97 2.20064
-159.93 -566.962 2.2027
-159.953 -566.929 2.20476
-159.994 -566.871 2.20808
-160.115 -566.805 2.21393
-160.229 -566.695 2.22483
-160.382 -566.552 2.24172
-160.618 -566.352 2.2666
-160.884 -566.181 2.30199
-161.191 -565.926 2.34727
-161.539 -565.697 2.40346
-161.937 -565.467 2.46654
-162.46 -565.216 2.53799
-163.048 -564.924 2.61725
-163.76 -564.715 2.70101
-164.584 -564.517 2.78755
-165.434 -564.34 2.87488
-166.453 -564.259 2.9657
-167.48 -564.248 3.05612
-168.626 -564.345 -3.13424
-169.768 -564.606 -3.03959
-170.91 -564.906 -2.94552
-172.17 -565.38 -2.85331
-173.488 -566.009 -2.76173
-174.865 -566.641 -2.69483
-176.151 -567.49 -2.65427
-177.48 -568.298 -2.62929
-178.849 -569.124 -2.61368
-180.288 -569.973 -2.59674
-181.749 -570.905 -2.60104
-183.214 -571.84 -2.60945
-184.742 -572.666 -2.62069
-186.322 -573.646 -2.6318
-188.049 -574.624 -2.64202
-189.832 -575.602 -2.65182
-191.66 -576.482 -2.66416
-193.536 -577.451 -2.68035
-195.492 -578.295 -2.70343
-197.52 -579.122 -2.72396
-199.562 -579.807 -2.74444
-201.704 -580.579 -2.77101
-203.775 -581.323 -2.80031
-205.933 -581.982 -2.83013
-208.062 -582.6 -2.85571
-210.27 -583.162 -2.87545
-212.432 -583.685 -2.89829
-214.664 -584.139 -2.91742
-216.9 -584.553 -2.93813
-219.137 -584.903 -2.96284
-221.454 -585.169 -2.98526
-223.776 -585.411 -3.00879
-226.042 -585.606 -3.03372
-228.289 -585.737 -3.05916
-230.548 -585.811 -3.0841
-232.818 -585.835 -3.11535
-234.978 -585.827 -3.14132
-237.119 -585.764 3.1166
-239.326 -585.666 3.09479
-241.635 -585.485 3.07632
-243.867 -585.236 3.05823
-246.076 -584.95 3.03558
-248.296 -584.654 3.01252
-250.506 -584.242 2.99017
-252.754 -583.813 2.97
-254.933 -583.323 2.9506
-257.119 -582.827 2.93026
-259.286 -582.239 2.90821
-261.448 -581.593 2.88387
-263.64 -580.908 2.86078
-265.824 -580.195 2.83633
-267.989 -579.331 2.81305
-270.087 -578.53 2.78513
-272.214 -577.659 2.75924
-274.305 -576.729 2.73412
-276.345 -575.749 2.70752
-278.403 -574.713 2.67801
-280.401 -573.604 2.64942
-282.454 -572.437 2.6235
-284.484 -571.184 2.59625
-286.444 -569.889 2.56644
-288.382 -568.604 2.53759
-290.265 -567.171 2.50463
-292.125 -565.729 2.47175
-293.993 -564.173 2.44083
-295.814 -562.56 2.41268
-297.622 -560.894 2.3836
-299.345 -559.115 2.35791
-301.066 -557.319 2.3349
-302.791 -555.452 2.31587
-304.507 -553.546 2.30342
-306.202 -551.639 2.29496
-307.887 -549.656 2.29083
-309.603 -547.674 2.28639
-311.337 -545.714 2.28281
-313.05 -543.782 2.28563
-314.856 -541.811 2.28999
-316.683 -539.817 2.2945
-318.479 -537.81 2.30011
-320.273 -535.774 2.29909
-322.097 -533.785 2.29988
-323.918 -531.67 2.29784
-325.772 -529.549 2.29479
-327.665 -527.301 2.28957
-329.471 -525.113 2.2869
-331.349 -522.926 2.28646
-333.253 -520.728 2.29174
-335.174 -518.544 2.29869
-337.122 -516.317 2.30091
-339.094 -514.144 2.3043
-341.048 -511.985 2.30751
-342.935 -509.761 2.31287
-344.975 -507.565 2.31483
-346.946 -505.407 2.31632
-349.041 -503.233 2.31604
-351.042 -501.028 2.31669
-353.113 -498.814 2.31308
-355.135 -496.614 2.30892
-357.18 -494.416 2.3076
-359.122 -492.232 2.30693
-361.083 -490 2.30984
-363.027 -487.833 2.30795
-364.928 -485.709 2.30706
-366.761 -483.657 2.31048
-368.572 -481.627 2.31524
-370.355 -479.718 2.31593
-372.128 -477.818 2.31629
-373.895 -475.875 2.31535
-375.615 -473.95 2.31475
-377.307 -472.106 2.31798
-378.895 -470.326 2.31857
-380.403 -468.651 2.32084
-381.791 -467.012 2.32521
-383.09 -465.625 2.32444
-384.288 -464.308 2.3265
-385.48 -463.074 2.32669
-386.585 -461.83 2.3241
-387.709 -460.567 2.32532
-388.848 -459.39 2.32781
-390.038 -458.012 2.32733
-391.092 -456.766 2.32333
-392.256 -455.543 2.31325
-393.463 -454.225 2.31282
-394.696 -452.796 2.31158
-395.838 -451.426 2.30747
-397.029 -450.054 2.30495
-398.29 -448.636 2.30692
-399.577 -447.191 2.31022
-400.886 -445.721 2.31169
-402.207 -444.212 2.31896
-403.487 -442.669 2.32329
-404.813 -441.288 2.32887
-406.101 -439.825 2.33441
-407.445 -438.426 2.33807
-408.65 -437.075 2.33894
-409.824 -435.866 2.34042
-410.985 -434.582 2.34478
-412.25 -433.407 2.34481
-413.334 -432.377 2.34521
-414.748 -431.143 2.34151
-415.908 -429.915 2.34192
-417.241 -428.837 2.32733
-418.472 -427.438 2.32765
-419.627 -426.103 2.32404
-420.884 -424.702 2.32558
-422.195 -423.377 2.32615
-423.435 -421.94 2.32557
-424.777 -420.567 2.3253
-426.153 -419.114 2.32837
-427.578 -417.721 2.32705
-428.975 -416.215 2.32514
-430.391 -414.695 2.32156
-431.773 -413.164 2.31784
-433.029 -411.586 2.31914
-434.357 -410.067 2.31885
-435.608 -408.591 2.31851
-436.828 -407.164 2.31788
-437.979 -405.874 2.31526
-439.069 -404.667 2.3143
-440.094 -403.48 2.31211
-441.102 -402.301 2.31237
-442.03 -401.27 2.31005
-442.979 -400.23 2.31304
-444.336 -398.678 2.34232
-445.304 -397.314 2.33024
-446.382 -396.139 2.32748
-447.668 -395.029 2.32618
-448.734 -393.824 2.32486
-449.974 -392.642 2.32372
-451.213 -391.417 2.32314
-452.421 -390.071 2.32059
-453.648 -388.699 2.31843
-454.861 -387.313 2.31793
-456.112 -385.949 2.3133
-457.416 -384.52 2.30662
-458.707 -382.991 2.30218
-460.114 -381.478 2.29576
-461.46 -379.96 2.28602
-462.754 -378.281 2.2766
-464.1 -376.669 2.25743
-465.363 -374.95 2.23254
-466.623 -373.181 2.20236
-467.812 -371.294 2.17437
-468.975 -369.408 2.14271
-470.137 -367.469 2.10981
-471.175 -365.428 2.07791
-472.272 -363.309 2.04567
-473.218 -361.154 2.01091
-474.177 -358.965 1.97989
-475.134 -356.708 1.95223
-475.916 -354.445 1.92608
-476.751 -352.062 1.90224
-477.466 -349.589 1.88138
-478.151 -347.15 1.8659
-478.853 -344.753 1.85555
-479.514 -342.25 1.84752
-480.2 -339.807 1.83699
-480.773 -337.381 1.83027
-481.334 -334.899 1.81955
-481.909 -332.522 1.82325
-482.516 -330.17 1.83315
-483.115 -327.805 1.83694
-483.729 -325.455 1.83927
-484.348 -323.132 1.84294
-484.965 -320.836 1.84824
-485.613 -318.557 1.85563
-486.245 -316.308 1.8631
-486.901 -314.079 1.87346
-487.583 -311.9 1.88745
-488.37 -309.616 1.91064
-489.172 -307.476 1.93259
-490.007 -305.279 1.96001
-490.841 -303.291 1.98295
-491.793 -301.299 2.01262
-492.677 -299.483 2.03943
-493.588 -297.797 2.06539
-494.472 -296.096 2.08563
-495.379 -294.558 2.10469
-496.231 -293.125 2.12243
-497.151 -291.737 2.14378
-498.039 -290.414 2.16279
-498.919 -289.163 2.18084
-499.803 -287.934 2.19782
-500.755 -286.642 2.21439
-501.655 -285.416 2.22783
-502.577 -284.28 2.23715
-503.488 -283.028 2.2416
-504.402 -281.853 2.24684
-505.26 -280.68 2.2508
-506.128 -279.599 2.24207
-506.848 -278.501 2.21854
-507.575 -277.391 2.17677
-508.269 -276.253 2.13094
-508.811 -275.148 2.07324
-509.245 -274.04 2.00973
-509.547 -272.88 1.94008
-509.793 -271.735 1.86327
-509.98 -270.508 1.77838
-510.038 -269.307 1.68771
-509.912 -268.117 1.58542
-509.68 -266.948 1.48298
-509.338 -265.785 1.37636
-508.87 -264.653 1.26915
-508.274 -263.561 1.16662
-507.575 -262.483 1.06971
-506.802 -261.377 0.988709
-505.937 -260.322 0.930215
-504.977 -259.229 0.890076
-503.977 -258.087 0.86606
-502.904 -256.867 0.847224
-501.756 -255.673 0.835213
-500.677 -254.415 0.820798
-499.449 -253.184 0.81137
-498.2 -251.922 0.806731
-496.854 -250.57 0.80754
-495.476 -249.186 0.804327
-494.123 -247.779 0.803746
-492.749 -246.345 0.804825
-491.296 -244.858 0.805778
-489.814 -243.371 0.805952
-488.327 -241.813 0.807414
-486.816 -240.22 0.810739
-485.257 -238.562 0.814802
-483.647 -236.884 0.816582
-481.962 -235.215 0.817289
-480.332 -233.514 0.817474
-478.735 -231.772 0.817
-477.023 -230.085 0.820355
-475.378 -228.385 0.822601
-473.747 -226.666 0.823678
-472.082 -224.945 0.825539
-470.41 -223.17 0.827363
-468.71 -221.431 0.825416
-467.004 -219.637 0.821778
-465.333 -217.89 0.819808
-463.643 -216.106 0.82031
-461.942 -214.354 0.821008
-460.295 -212.579 0.820244
-458.55 -210.729 0.823376
-456.768 -208.912 0.824574
-455.054 -207.149 0.824647
-453.37 -205.432 0.824487
-451.609 -203.642 0.824677
-449.931 -201.821 0.82319
-448.18 -200.014 0.822957
-446.484 -198.232 0.822305
-444.777 -196.473 0.822081
-443.1 -194.692 0.822342
-441.402 -192.91 0.82174
-439.707 -191.138 0.821302
-438.116 -189.447 0.820285
-436.479 -187.747 0.818732
-434.866 -186.034 0.81999
-433.268 -184.354 0.818384
-431.597 -182.673 0.816153
-429.984 -181.002 0.813138
-428.329 -179.346 0.808766
-426.729 -177.664 0.807312
-425.069 -176.03 0.804358
-423.433 -174.348 0.801237
-421.758 -172.653 0.796592
-420.01 -170.97 0.792012
-418.287 -169.266 0.788034
-416.509 -167.536 0.779223
-414.693 -165.825 0.770439
-412.844 -164.134 0.762877
-410.921 -162.438 0.752603
-409.029 -160.708 0.744127
-407.08 -158.982 0.735969
-405.099 -157.238 0.728589
-403.06 -155.575 0.724302
-401.017 -153.853 0.715127
-399.003 -152.156 0.708712
-396.885 -150.369 0.701325
-394.761 -148.619 0.700745
-392.677 -146.785 0.701436
-390.559 -144.986 0.701123
-388.478 -143.2 0.700813
-386.361 -141.421 0.702564
-384.231 -139.63 0.703359
-382.08 -137.854 0.703729
-380.003 -136.053 0.706314
-377.897 -134.279 0.703514
-375.82 -132.608 0.700978
-373.765 -130.907 0.69927
-371.745 -129.252 0.699302
-369.76 -127.583 0.69464
-367.693 -125.923 0.696152
-365.664 -124.342 0.696202
-363.633 -122.792 0.699066
-361.666 -121.239 0.699232
-359.755 -119.602 0.698278
-357.747 -118.061 0.700971
-355.808 -116.517 0.70333
-353.958 -115.055 0.703061
-352.049 -113.493 0.702893
-350.193 -112.155 0.708155
-348.399 -110.491 0.712897
-346.593 -108.845 0.714874
-344.756 -107.713 0.726728
-343.209 -105.953 0.725355
-341.318 -104.376 0.723262
-339.384 -102.926 0.72536
-337.541 -101.407 0.724746
-335.613 -99.8663 0.724193
-333.767 -98.2742 0.721913
-331.909 -96.6845 0.719292
-330.055 -95.0904 0.721566
-328.19 -93.5431 0.721672
-326.292 -91.9513 0.724281
-324.508 -90.3784 0.725936
-322.694 -88.7531 0.72692
-320.984 -87.1928 0.727062
-319.184 -85.7075 0.728818
-317.366 -84.1784 0.743217
-315.638 -82.547 0.745359
-313.815 -80.9388 0.747737
-312.095 -79.3574 0.747363
-310.354 -77.7482 0.745665
-308.516 -76.1588 0.742172
-306.655 -74.5724 0.738609
-304.846 -72.9877 0.740013
-303.088 -71.4231 0.73775
-301.328 -69.8703 0.734034
-299.533 -68.3834 0.732625
-297.825 -66.9215 0.728983
-296.169 -65.4923 0.727346
-294.555 -64.1065 0.729073
-292.976 -62.8053 0.728361
-291.522 -61.4937 0.729862
-290.05 -60.2975 0.730484
-288.614 -59.0555 0.729649
-287.285 -57.9411 0.726614
-285.931 -56.7873 0.729942
-284.565 -55.239 0.752933
-283.217 -54.112 0.754285
-281.88 -53.0268 0.747806
-280.493 -51.7371 0.754645
-279.099 -50.4182 0.761372
-277.712 -49.1576 0.764933
-276.317 -47.7965 0.769183
-274.851 -46.4865 0.771209
-273.429 -45.0608 0.772532
-271.984 -43.6407 0.773656
-270.503 -42.1992 0.775916
-269 -40.7826 0.776949
-267.538 -39.3337 0.778652
-266.044 -37.8943 0.782419
-264.458 -36.4102 0.78535
-262.952 -34.9047 0.787758
-261.431 -33.391 0.789999
-259.871 -31.8652 0.791852
-258.303 -30.3162 0.795253
-256.792 -28.7733 0.796439
-255.252 -27.2099 0.796719
-253.66 -25.6897 0.798669
-252.09 -24.1794 0.800556
-250.71 -22.6378 0.803
-249.207 -21.2042 0.803196
-247.702 -19.7783 0.803535
-245.941 -18.3332 0.823504
-244.656 -16.8003 0.816204
-243.405 -15.367 0.805029
-241.906 -13.8554 0.813809
-240.527 -12.3298 0.817017
-238.992 -10.7843 0.825228
-237.527 -9.1957 0.826393
-236.037 -7.61267 0.828625
-234.479 -5.98564 0.829113
-232.978 -4.32035 0.82937
-231.441 -2.65729 0.829907
-229.889 -1.00933 0.830661
-228.334 0.674526 0.831585
-226.773 2.35185 0.832018
-225.192 4.05816 0.831668
-223.574 5.71355 0.828276
-221.961 7.34496 0.827503
-220.293 8.98319 0.830718
-218.654 10.6681 0.829843
-217.114 12.3001 0.828689
-215.596 13.9586 0.828225
-214.061 15.5922 0.82825
-212.471 17.2036 0.82487
-210.864 18.8331 0.822924
-209.339 20.463 0.822708
-207.84 22.0438 0.825411
-206.289 23.6505 0.829874
-204.714 25.2144 0.834163
-203.297 26.8795 0.835583
-201.666 28.6186 0.838981
-200.132 30.3366 0.840051
-198.623 31.9983 0.842311
-197.054 33.6862 0.84252
-195.477 35.3684 0.842822
-193.913 37.0775 0.844091
-192.429 38.7275 0.843616
-190.837 40.4375 0.847971
-189.208 42.0953 0.854219
-187.72 43.8026 0.858901
-186.262 45.4415 0.86193
-184.81 47.1098 0.86556
-183.397 48.7726 0.868575
-182.009 50.366 0.87426
-180.621 51.9565 0.877427
-179.257 53.5589 0.878045
-177.858 55.1648 0.884107
-176.486 56.7656 0.889208
-175.177 58.2997 0.891964
-173.829 59.876 0.896187
-172.56 61.5253 0.90328
-171.273 63.0855 0.907713
-169.998 64.7303 0.91395
-168.817 66.2793 0.915639
-167.637 67.73 0.915314
-166.438 69.3023 0.919097
-165.26 70.816 0.916167
-164.135 72.1967 0.913431
-163.034 73.574 0.910357
-161.892 74.9405 0.906591
-160.774 76.2666 0.910103
-159.678 77.7426 0.912646
-158.627 79.0164 0.917453
-157.581 80.4717 0.921984
-156.47 82.0261 0.929246
-155.434 83.3339 0.936191
-154.441 84.7503 0.940306
-153.399 86.1581 0.944851
-152.341 87.6181 0.949539
-151.369 88.9547 0.956662
-150.383 90.3645 0.96303
-149.381 91.8435 0.964313
-148.394 93.3032 0.969639
-147.44 94.6731 0.974641
-146.456 96.1967 0.979371
-145.503 97.664 0.980672
-144.532 99.1278 0.981914
-143.58 100.602 0.984386
-142.584 102.122 0.988019
-141.601 103.616 0.991643
-140.618 105.097 0.993641
-139.65 106.544 0.99975
-138.716 108.028 1.00106
-137.745 109.644 0.995282
-136.841 110.992 0.995341
-135.805 112.405 1.00129
-134.878 113.939 1.00712
-133.907 115.44 1.01467
-132.945 117.035 1.01946
-132.108 118.593 1.02561
-131.054 120.272 1.02871
-130.078 121.863 1.02842
-129.099 123.477 1.02991
-128.073 125.147 1.03295
-127.077 126.846 1.03611
-126.069 128.538 1.03799
-125.003 130.259 1.03928
-123.941 132.023 1.04398
-122.906 133.747 1.04652
-121.897 135.477 1.04921
-120.887 137.197 1.05209
-119.871 138.915 1.05831
-118.912 140.613 1.06202
-117.94 142.278 1.06116
-116.996 143.956 1.06407
-116.005 145.568 1.06553
-115.158 147.139 1.0675
-114.211 148.718 1.06965
-113.371 150.252 1.07243
-112.497 151.801 1.07745
-111.741 153.238 1.07812
-111.001 154.618 1.08026
-110.167 156.091 1.08199
-109.466 157.497 1.08225
-108.685 158.756 1.08307
-108.005 160.081 1.08591
-107.222 161.525 1.08972
-106.426 162.794 1.09452
-105.818 164.023 1.0986
-105.25 165.082 1.10306
-104.646 166.247 1.1072
-104.21 167.286 1.10906
-103.697 168.237 1.10992
-103.154 169.263 1.11393
-102.664 170.207 1.11658
-102.206 171.081 1.11629
-101.755 171.963 1.11703
-101.294 172.832 1.11729
-100.828 173.686 1.11653
-100.447 174.427 1.11583
-99.9902 175.254 1.11486
-99.595 176.046 1.11073
-99.198 176.838 1.10352
-98.7861 177.619 1.09075
-98.3198 178.384 1.07398
-97.9015 179.143 1.04829
-97.3457 179.893 1.01688
-96.8244 180.604 0.972685
-96.2085 181.308 0.923084
-95.4764 181.991 0.870373
-94.7836 182.633 0.805436
-94.0389 183.136 0.72759
-93.2337 183.633 0.643365
-92.3893 184.003 0.553935
-91.4187 184.327 0.459368
-90.4226 184.531 0.357799
-89.36 184.681 0.24949
-88.2093 184.7 0.134994
-87.0798 184.625 0.015509
-85.983 184.355 -0.10389
-84.9029 183.938 -0.226737
-83.8094 183.387 -0.346569
-82.7433 182.808 -0.456967
-81.6422 182.122 -0.533017
-80.4972 181.294 -0.586614
-79.2018 180.391 -0.629357
-78.029 179.502 -0.659583
-76.9293 178.551 -0.686897
-75.6836 177.484 -0.702844
-74.385 176.333 -0.714442
-73.1181 175.231 -0.725073
-71.7851 173.966 -0.733001
-70.3976 172.744 -0.736189
-68.9854 171.412 -0.736279
-67.5512 170.064 -0.736026
-66.1048 168.716 -0.736945
-64.618 167.363 -0.737544
-63.0731 165.948 -0.731252
-61.4984 164.517 -0.724105
-59.8355 163.039 -0.718047
-58.1454 161.573 -0.710203
-56.4746 160.114 -0.705472
-54.6698 158.663 -0.701568
-52.943 157.153 -0.697134
-51.0549 155.537 -0.696928
-49.1954 154.018 -0.694001
-47.2904 152.455 -0.694734
-45.442 150.933 -0.696281
-43.5508 149.449 -0.696629
-41.6506 147.894 -0.695789
-39.8328 146.311 -0.693666
-38.0595 144.867 -0.696786
-36.4037 143.376 -0.695491
-34.7303 142.001 -0.693815
-33.0886 140.687 -0.693563
-31.5176 139.373 -0.691596
-30.0046 138.045 -0.693146
-28.4024 136.7 -0.69415
-26.9974 135.506 -0.694348
-25.5989 134.264 -0.690657
-24.1921 133.03 -0.689859
-22.5554 131.917 -0.684805
-20.66 130.686 -0.686152
-19.2904 129.44 -0.689383
-17.5683 128.227 -0.690073
-16.0326 126.99 -0.689985
-14.6866 125.663 -0.694766
-13.2113 124.478 -0.69159
-11.7294 123.222 -0.69102
-10.1606 121.945 -0.689222
-8.52326 120.638 -0.689834
-7.00843 119.341 -0.689892
-5.41468 117.984 -0.691065
-3.72175 116.569 -0.692947
-2.11328 115.23 -0.690154
-0.568739 113.862 -0.689737
1.0994 112.479 -0.689389
3.00372 110.79 -0.6844
4.60948 109.236 -0.691936
6.44189 107.622 -0.689853
8.08663 106.152 -0.691279
9.66103 104.644 -0.687596
11.3263 103.263 -0.68593
12.7568 101.931 -0.685035
14.2118 100.726 -0.687467
15.6107 99.5947 -0.690428
17.0542 98.4404 -0.691065
18.3074 97.3375 -0.69251
19.6014 96.1565 -0.694032
20.8394 95.0449 -0.698765
22.1743 93.9386 -0.704145
23.5295 92.773 -0.71494
24.8229 91.5986 -0.732651
26.0766 90.3691 -0.755146
27.2997 89.1207 -0.782343
28.4581 87.8399 -0.826389
29.4923 86.499 -0.881407
30.4751 85.0858 -0.943833
31.2959 83.6597 -1.00932
32.0389 82.1809 -1.08088
32.6267 80.5956 -1.15313
33.1266 79.0363 -1.22811
33.4999 77.3654 -1.29843
33.8617 75.6882 -1.36668
34.1423 74.026 -1.42731
34.2227 72.2626 -1.48488
34.2205 70.5659 -1.5394
34.1947 68.7773 -1.59247
34.0779 66.9272 -1.63856
33.848 65.0956 -1.68408
33.5359 63.2194 -1.72978
33.0734 61.2864 -1.77347
32.5492 59.4393 -1.82071
31.9398 57.6404 -1.86817
31.2538 55.9013 -1.9103
30.5944 54.2684 -1.93842
30.0322 52.6268 -1.95708
29.3463 51.0546 -1.96743
28.6396 49.5046 -1.97487
27.92 47.8859 -1.98184
27.2185 46.2759 -1.98762
26.4465 44.666 -1.99064
25.6397 42.9123 -1.98958
24.8796 41.2302 -1.98676
24.1128 39.5065 -1.98382
23.3012 37.6817 -1.98145
22.5054 35.8049 -1.97925
21.6124 33.9191 -1.97611
20.7819 32.0527 -1.97475
19.9264 30.1168 -1.97435
19.0483 28.1187 -1.97355
18.1494 26.0877 -1.97183
17.238 24.0364 -1.97183
16.3502 21.9988 -1.97001
15.4027 19.8872 -1.96771
14.4673 17.7108 -1.96579
13.5326 15.5198 -1.96566
12.555 13.2785 -1.96366
11.5664 10.9656 -1.96225
10.5733 8.60586 -1.96141
9.60559 6.22965 -1.95654
8.61864 3.8625 -1.95014
7.66426 1.47018 -1.94301
6.73182 -0.900389 -1.92942
5.87419 -3.34007 -1.91759
4.98233 -5.78992 -1.9024
4.13707 -8.19466 -1.88945
3.35448 -10.6145 -1.88075
2.58924 -13.0298 -1.86724
1.85486 -15.4841 -1.85393
1.13346 -17.9382 -1.84025
0.49815 -20.4484 -1.8262
-0.151849 -22.9435 -1.81513
-0.748457 -25.4745 -1.80226
-1.3267 -28.046 -1.78971
-1.83482 -30.604 -1.77682
-2.39159 -33.2093 -1.76665
-2.89816 -35.8069 -1.75501
-3.3589 -38.3924 -1.74067
-3.77642 -41.079 -1.72507
-4.13478 -43.7324 -1.71167
-4.44866 -46.3778 -1.70439
-4.85144 -49.0008 -1.6972
-5.13752 -51.6597 -1.68548
-5.39335 -54.2972 -1.67283
-5.57775 -56.9034 -1.66066
-5.75103 -59.4801 -1.64456
-5.91092 -62.093 -1.63422
-6.06288 -64.6935 -1.62358
-6.16723 -67.3102 -1.61545
-6.27754 -69.9483 -1.60504
-6.3179 -72.5503 -1.59269
-6.37674 -75.1775 -1.57892
-6.37576 -77.8051 -1.5645
-6.2976 -80.3314 -1.54269
-6.19962 -82.9114 -1.52805
-6.16839 -85.4333 -1.50601
-5.93149 -87.8278 -1.48987
-5.61566 -90.2173 -1.46874
-5.30734 -92.5485 -1.44905
-4.97266 -94.7538 -1.4334
-4.62947 -96.8474 -1.42199
-4.27145 -98.8485 -1.41583
-3.99784 -100.706 -1.40734
-3.683 -102.477 -1.39863
-3.37328 -104.179 -1.39271
-3.00669 -105.957 -1.38719
-2.64623 -107.552 -1.38207
-2.38537 -109.356 -1.37864
-2.05154 -111.049 -1.37582
-1.68495 -112.732 -1.36606
-1.37108 -114.44 -1.354
-0.932713 -116.296 -1.33835
-0.473936 -118.115 -1.32354
0.0697373 -119.941 -1.30863
0.603998 -121.777 -1.2962
1.18712 -123.703 -1.28764
1.72554 -125.724 -1.2862
2.29839 -127.657 -1.28371
2.87781 -129.659 -1.28626
3.43655 -131.704 -1.2885
4.00286 -133.816 -1.29072
4.55184 -135.972 -1.29105
5.13458 -138.146 -1.2891
5.77171 -140.345 -1.28206
6.42489 -142.637 -1.27079
7.15953 -144.948 -1.26497
7.92873 -147.23 -1.25335
8.67943 -149.501 -1.2411
9.50913 -151.849 -1.23026
10.3505 -154.161 -1.2178
11.2982 -156.469 -1.2069
12.2625 -158.827 -1.19588
13.2639 -161.177 -1.18281
14.3068 -163.518 -1.17104
15.331 -165.909 -1.15783
16.4232 -168.45 -1.14143
17.5775 -170.911 -1.12606
18.7841 -173.33 -1.10888
20.0023 -175.722 -1.09024
21.2961 -178.05 -1.07391
22.5693 -180.36 -1.06421
23.8784 -182.593 -1.05123
25.2101 -184.871 -1.03448
26.6012 -187.086 -1.01738
28.0065 -189.337 -1.00284
29.5065 -191.54 -0.986938
31.014 -193.743 -0.972727
32.5532 -195.91 -0.958632
34.1114 -198.097 -0.944512
35.7159 -200.207 -0.934469
37.291 -202.34 -0.922864
38.9573 -204.481 -0.913358
40.6526 -206.597 -0.902728
42.3115 -208.694 -0.888628
43.9589 -210.732 -0.87352
45.682 -212.706 -0.858142
47.4308 -214.654 -0.841194
49.2652 -216.598 -0.824047
51.1626 -218.582 -0.797013
53.1656 -220.541 -0.772472
55.1537 -222.416 -0.748862
57.2183 -224.208 -0.722304
59.3709 -225.932 -0.694874
61.5928 -227.703 -0.667157
63.8172 -229.379 -0.642602
65.9955 -231.014 -0.630211
68.1761 -232.562 -0.621892
70.3944 -234.21 -0.61066
72.5991 -235.836 -0.604136
74.8115 -237.39 -0.608569
76.9467 -238.903 -0.611796
79.0052 -240.438 -0.620547
81.0408 -241.981 -0.629473
83.1049 -243.546 -0.63598
85.048 -245.075 -0.638542
86.962 -246.576 -0.650845
88.8173 -248.075 -0.66624
90.7006 -249.617 -0.688024
92.4715 -251.26 -0.710693
94.2495 -252.926 -0.731936
95.913 -254.561 -0.756487
97.5965 -256.21 -0.78265
99.1782 -257.903 -0.810128
100.632 -259.69 -0.851791
101.966 -261.552 -0.897334
103.251 -263.411 -0.946939
104.421 -265.287 -0.997158
105.45 -267.196 -1.04332
106.347 -269.131 -1.09055
107.094 -270.914 -1.13783
107.826 -272.717 -1.18531
108.374 -274.492 -1.23233
108.812 -276.216 -1.28339
109.156 -277.96 -1.33702
109.42 -279.63 -1.39446
109.615 -281.312 -1.45307
109.589 -282.956 -1.51136
109.518 -284.705 -1.57793
109.386 -286.504 -1.63927
109.204 -288.207 -1.71186
108.73 -289.922 -1.78635
108.168 -291.633 -1.86254
107.508 -293.242 -1.9358
106.75 -294.854 -1.99561
105.891 -296.482 -2.04484
104.916 -298.108 -2.08832
103.892 -299.776 -2.11402
102.805 -301.47 -2.12759
101.705 -303.235 -2.13313
100.563 -305.004 -2.13735
99.3627 -306.799 -2.13921
98.146 -308.648 -2.13894
96.918 -310.57 -2.13758
95.6778 -312.55 -2.1349
94.4462 -314.597 -2.13599
93.1328 -316.619 -2.13715
91.8454 -318.652 -2.13629
90.5689 -320.879 -2.13478
89.2147 -323.011 -2.13377
87.8979 -325.178 -2.13315
86.5137 -327.422 -2.13119
85.1578 -329.696 -2.13226
83.7477 -332.027 -2.13495
82.3345 -334.35 -2.13553
80.8814 -336.683 -2.13403
79.3918 -339.09 -2.13201
77.8722 -341.529 -2.13586
76.3512 -343.998 -2.13748
74.8649 -346.486 -2.13802
73.4056 -348.941 -2.13898
71.8872 -351.313 -2.13945
70.3946 -353.737 -2.13763
68.9361 -356.133 -2.13475
67.4365 -358.507 -2.13791
65.9452 -360.832 -2.13644
64.5689 -363.191 -2.13515
63.1014 -365.508 -2.13157
61.6441 -367.795 -2.1264
60.0998 -370.145 -2.12042
58.6163 -372.392 -2.12106
57.2572 -374.706 -2.11859
55.8874 -377.136 -2.10988
54.5086 -379.384 -2.10531
53.2706 -381.656 -2.10023
52.0238 -383.835 -2.09757
50.8169 -385.89 -2.09512
49.7248 -387.878 -2.09548
48.6365 -389.875 -2.09896
47.4603 -391.72 -2.09941
46.488 -393.418 -2.1005
45.4623 -395.124 -2.09896
44.4172 -396.834 -2.09936
43.4573 -398.495 -2.09656
42.4991 -400.3 -2.08909
41.5819 -401.919 -2.08914
40.6167 -403.649 -2.08664
39.7243 -405.28 -2.07843
38.7596 -406.935 -2.07652
37.7871 -408.692 -2.0772
36.8582 -410.375 -2.07936
35.8586 -412.081 -2.08301
34.869 -413.838 -2.08408
33.827 -415.712 -2.08521
32.8522 -417.502 -2.08765
31.8039 -419.239 -2.0885
30.7599 -421.023 -2.08907
29.6902 -422.781 -2.0886
28.6859 -424.552 -2.08791
27.6505 -426.385 -2.08539
26.5996 -428.219 -2.08334
25.5951 -430.04 -2.08026
24.6197 -431.865 -2.07799
23.5843 -433.676 -2.07481
22.5891 -435.462 -2.07147
21.5827 -437.293 -2.06961
20.6002 -439.123 -2.06682
19.6943 -440.833 -2.06872
18.761 -442.701 -2.06222
17.7359 -444.661 -2.06394
16.7701 -446.711 -2.06997
15.7869 -448.642 -2.06765
14.6856 -450.66 -2.06634
13.6213 -452.585 -2.06518
12.5172 -454.597 -2.0655
11.3854 -456.622 -2.06742
10.2058 -458.752 -2.06703
9.07889 -460.811 -2.07135
7.91576 -462.934 -2.07303
6.72894 -465.079 -2.07734
5.57241 -467.159 -2.08027
4.30267 -469.391 -2.08344
3.06717 -471.609 -2.08338
1.78197 -473.823 -2.08239
0.536514 -475.992 -2.0798
-0.755677 -478.302 -2.08174
-2.04822 -480.543 -2.08237
-3.37666 -482.885 -2.08214
-4.72343 -485.256 -2.07977
-5.98415 -487.602 -2.07986
-7.32597 -489.985 -2.08066
-8.69867 -492.372 -2.08327
-10.0965 -494.775 -2.08663
-11.5053 -497.124 -2.08999
-12.9072 -499.618 -2.09267
-14.3106 -502.02 -2.09418
-15.81 -504.497 -2.09361
-17.2343 -506.946 -2.09146
-18.679 -509.448 -2.08968
-20.1141 -511.982 -2.08743
-21.5159 -514.42 -2.08721
-22.9356 -516.891 -2.08519
-24.379 -519.437 -2.08447
-25.7962 -521.942 -2.08285
-27.1692 -524.293 -2.08295
-28.5807 -526.834 -2.08266
-29.9127 -529.254 -2.08161
-31.2507 -531.596 -2.08009
-32.5072 -533.769 -2.07779
-33.6838 -535.845 -2.07888
-34.8103 -537.858 -2.08057
-35.9776 -539.864 -2.07914
-37.061 -541.735 -2.08027
-38.1663 -543.597 -2.07996
-39.1836 -545.378 -2.08053
-40.1684 -547.098 -2.08059
-41.1433 -548.727 -2.08061
-42.0928 -550.447 -2.08132
-43.0331 -552.034 -2.08032
-43.8879 -553.614 -2.07924
-44.7944 -555.259 -2.07741
-45.7002 -556.927 -2.07353
-46.5649 -558.483 -2.07536
-47.5118 -560.155 -2.07507
-48.4516 -561.83 -2.07278
-49.3836 -563.546 -2.07191
-50.2997 -565.27 -2.07005
-51.2861 -566.996 -2.06811
-52.2515 -568.702 -2.07007
-53.1949 -570.464 -2.07194
-54.1118 -572.187 -2.07279
-55.0654 -573.971 -2.0771
-55.9941 -575.688 -2.07854
-56.8951 -577.408 -2.08127
-57.9135 -579.112 -2.08652
-58.9582 -581.023 -2.09198
-59.9866 -582.784 -2.09654
-61.0341 -584.512 -2.11515
-62.1456 -586.31 -2.13479
-63.336 -588.094 -2.15436
-64.5142 -589.844 -2.17288
-65.7889 -591.56 -2.19314
-67.095 -593.266 -2.2159
-68.5006 -595.006 -2.23931
-69.9511 -596.689 -2.26112
-71.401 -598.298 -2.28189
-73.0074 -599.957 -2.30283
-74.5621 -601.596 -2.32974
-76.1482 -603.218 -2.35878
-77.8463 -604.722 -2.38628
-79.6459 -606.252 -2.4141
-81.4677 -607.739 -2.43889
-83.3799 -609.227 -2.45776
-85.4033 -610.723 -2.48235
-87.4086 -612.154 -2.51016
-89.53 -613.587 -2.53458
-91.6812 -614.955 -2.55842
-93.9426 -616.272 -2.58255
-96.1656 -617.542 -2.60948
-98.4322 -618.763 -2.63597
-100.779 -619.915 -2.66568
-103.176 -621.002 -2.69514
-105.535 -622.007 -2.72707
-107.946 -622.939 -2.75621
-110.52 -623.849 -2.78731
-113.06 -624.624 -2.81373
-115.561 -625.367 -2.83684
-118.133 -626.106 -2.85445
-120.689 -626.723 -2.87681
-123.204 -627.295 -2.90079
-125.735 -627.797 -2.92335
-128.235 -628.288 -2.948
-130.793 -628.684 -2.97024
-133.402 -628.978 -2.99701
-136.007 -629.212 -3.02798
-138.602 -629.338 -3.05637
-141.153 -629.437 -3.08945
-143.7 -629.432 -3.11965
-146.202 -629.359 3.13373
-148.694 -629.21 3.10302
-151.18 -629 3.07284
-153.662 -628.744 3.04722
-156.178 -628.415 3.01853
-158.677 -628.022 2.99129
-161.192 -627.575 2.95958
-163.731 -627.059 2.93359
-166.238 -626.384 2.90623
-168.728 -625.708 2.87862
-171.164 -624.955 2.85142
-173.724 -624.136 2.82401
-176.238 -623.25 2.79764
-178.762 -622.317 2.77747
-181.273 -621.257 2.76387
-183.766 -620.209 2.75541
-186.329 -619.163 2.74846
-188.855 -618.138 2.75126
-191.395 -617.169 2.75109
-194.029 -616.084 2.74689
-196.616 -615.038 2.7461
-199.207 -613.978 2.74526
-201.908 -612.813 2.74741
-204.56 -611.717 2.74864
-207.239 -610.638 2.74525
-209.938 -609.446 2.74485
-212.715 -608.332 2.74492
-215.554 -607.164 2.74781
-218.348 -605.995 2.75255
-221.1 -604.885 2.75461
-223.772 -603.746 2.75524
-226.492 -602.581 2.75537
-229.198 -601.461 2.75638
-231.784 -600.394 2.75613
-234.403 -599.319 2.75698
-237.138 -598.314 2.75746
-239.785 -597.241 2.76131
-242.363 -596.228 2.76531
-244.936 -595.28 2.76643
-247.43 -594.338 2.76869
-250.006 -593.326 2.76941
-252.603 -592.308 2.77243
-255.097 -591.383 2.77478
-257.571 -590.453 2.77653
-260.058 -589.512 2.77837
-262.549 -588.552 2.77501
-264.966 -587.58 2.77692
-267.365 -586.606 2.7787
-269.772 -585.652 2.78015
-272.118 -584.816 2.78155
-274.539 -583.851 2.78154
-276.945 -582.921 2.78489
-279.275 -582.018 2.78516
-281.552 -581.126 2.78701
-283.868 -580.273 2.78838
-286.089 -579.427 2.78713
-288.238 -578.582 2.7902
-290.275 -577.763 2.79279
-292.298 -577.011 2.79304
-294.23 -576.236 2.79509
-296.002 -575.589 2.79701
-297.64 -574.982 2.80029
-299.235 -574.308 2.79924
-300.652 -573.953 2.7935
-302.081 -573.356 2.79341
-303.619 -572.807 2.79202
-304.956 -572.163 2.79124
-306.271 -571.745 2.78757
-307.643 -571.211 2.7867
-308.898 -570.615 2.77932
-310.259 -570.03 2.75942
-311.515 -569.434 2.72715
-312.738 -568.695 2.68209
-313.887 -567.977 2.6324
-315.032 -567.187 2.58232
-316.134 -566.469 2.52415
-317.114 -565.563 2.46461
-318.06 -564.654 2.40352
-318.881 -563.637 2.33987
-319.715 -562.686 2.27062
-320.371 -561.578 2.19088
-320.921 -560.435 2.09902
-321.332 -559.29 2.01071
-321.558 -558.082 1.91398
-321.745 -556.84 1.81316
-321.769 -555.634 1.71043
-321.662 -554.389 1.60905
-321.487 -553.251 1.51631
-321.155 -552.003 1.44054
-320.785 -550.757 1.38455
-320.471 -549.427 1.34272
-320.238 -548.302 1.30882
-319.633 -547.016 1.27987
-319.343 -545.588 1.25983
-318.678 -544.196 1.25367
-318.494 -542.802 1.24444
-317.909 -541.272 1.23957
-317.377 -539.678 1.23556
-316.85 -538.004 1.23526
-316.259 -536.347 1.23475
-315.679 -534.574 1.23275
-315.074 -532.812 1.23157
-314.405 -530.968 1.23377
-313.747 -529.091 1.2339
-313.084 -527.165 1.23449
-312.389 -525.169 1.23627
-311.646 -523.118 1.2389
-310.911 -521.134 1.24021
-310.263 -519.034 1.24387
-309.547 -516.815 1.24933
-308.835 -514.621 1.24951
-308.105 -512.352 1.25493
-307.329 -510.07 1.25776
-306.598 -507.737 1.25714
-305.832 -505.401 1.25683
-305.002 -503.044 1.25643
-304.241 -500.618 1.25846
-303.454 -498.092 1.25814
-302.644 -495.586 1.26118
-301.813 -493.055 1.26067
-300.942 -490.583 1.25982
-300.176 -488.164 1.2581
-299.412 -485.646 1.25674
-298.586 -483.178 1.25543
-297.799 -480.715 1.25585
-297.007 -478.23 1.25567
-296.167 -475.703 1.25437
-295.324 -473.173 1.25201
-294.469 -470.617 1.25287
-293.611 -468.076 1.25302
-292.78 -465.482 1.25286
-291.95 -462.911 1.25325
-291.124 -460.302 1.25586
-290.278 -457.609 1.2561
-289.417 -454.895 1.25508
-288.516 -452.174 1.25355
-287.652 -449.495 1.25655
-286.751 -446.762 1.25833
-285.858 -443.994 1.25941
-285.016 -441.264 1.26052
-284.077 -438.475 1.26122
-283.225 -435.632 1.26316
-282.291 -432.843 1.26466
-281.378 -430.02 1.26608
-280.49 -427.123 1.26865
-279.576 -424.253 1.26992
-278.622 -421.388 1.27021
-277.697 -418.486 1.27243
-276.712 -415.538 1.27383
-275.71 -412.557 1.27536
-274.783 -409.61 1.27464
-273.847 -406.631 1.27781
-272.952 -403.657 1.28012
-272.104 -400.694 1.28211
-271.243 -397.791 1.28457
-270.36 -394.853 1.28851
-269.511 -391.962 1.29206
-268.675 -389.117 1.29751
-267.862 -386.342 1.3011
-267.061 -383.604 1.30194
-266.322 -381.046 1.30145
-265.598 -378.473 1.30436
-264.872 -376.016 1.30516
-264.182 -373.63 1.30741
-263.462 -371.175 1.30526
-262.796 -368.79 1.30217
-262.08 -366.517 1.30056
-261.419 -364.247 1.29616
-260.802 -362.089 1.29282
-260.195 -359.984 1.29542
-259.611 -357.843 1.29876
-258.966 -355.707 1.29892
-258.409 -353.631 1.30174
-257.745 -351.526 1.29733
-257.107 -349.525 1.2873
-256.494 -347.655 1.26451
-255.794 -345.87 1.22747
-255.117 -344.173 1.17427
-254.311 -342.571 1.10814
-253.375 -341.113 1.02755
-252.284 -339.775 0.939695
-251.164 -338.588 0.847648
-249.884 -337.541 0.757491
-248.548 -336.597 0.66693
-247.072 -335.865 0.576759
-245.605 -335.177 0.482526
-244.088 -334.631 0.388641
-242.515 -334.235 0.293331
-240.937 -333.966 0.199571
-239.329 -333.826 0.109264
-237.685 -333.937 0.0213502
-235.985 -334.139 -0.0567967
-234.39 -334.395 -0.120591
-232.701 -334.776 -0.158217
-231.055 -335.165 -0.183429
-229.391 -335.574 -0.197401
-227.579 -335.98 -0.211616
-225.837 -336.421 -0.217646
-224.011 -336.852 -0.224095
-222.138 -337.313 -0.226971
-220.272 -337.787 -0.227046
-218.296 -338.222 -0.228426
-216.357 -338.676 -0.229151
-214.339 -339.146 -0.230562
-212.414 -339.646 -0.229702
-210.416 -340.126 -0.228023
-208.415 -340.562 -0.228456
-206.393 -341.014 -0.228056
-204.443 -341.402 -0.226224
-202.483 -341.786 -0.219505
-200.522 -342.199 -0.212241
-198.66 -342.561 -0.203369
-196.783 -342.917 -0.189305
-195.024 -343.202 -0.16792
-193.304 -343.417 -0.138684
-191.675 -343.536 -0.099971
-190.062 -343.611 -0.0419726
-188.519 -343.5 0.0257624
-187.085 -343.27 0.105216
-185.755 -342.837 0.199027
-184.506 -342.32 0.30455
-183.427 -341.667 0.416761
-182.364 -340.941 0.537859
-181.571 -339.999 0.66532
-180.823 -339.012 0.803073
-180.201 -337.864 0.941301
-179.824 -336.677 1.08023
-179.631 -335.482 1.21942
-179.581 -334.24 1.35926
-179.684 -332.955 1.49402
-179.877 -331.708 1.6149
-180.17 -330.419 1.72158
-180.589 -329.166 1.81377
-181.107 -327.901 1.89787
-181.775 -326.636 1.95953
-182.463 -325.344 1.9998
-183.186 -323.966 2.02845
-183.953 -322.66 2.04564
-184.713 -321.305 2.063
-185.492 -319.907 2.07862
-186.312 -318.501 2.09059
-187.15 -317.03 2.10249
-187.936 -315.58 2.11391
-188.842 -314.108 2.1273
-189.73 -312.618 2.13699
-190.736 -311.196 2.14431
-191.717 -309.655 2.14986
-192.995 -307.909 2.16506
-194.113 -306.332 2.1679
-195.31 -304.676 2.17003
-196.428 -302.995 2.17302
-197.647 -301.304 2.17408
-198.855 -299.6 2.17426
-200.034 -297.884 2.17149
-201.215 -296.23 2.16854
-202.355 -294.559 2.1626
-203.44 -292.911 2.14945
-204.501 -291.212 2.12884
-205.473 -289.536 2.10407
-206.345 -287.795 2.07021
-207.206 -286.071 2.0335
-207.97 -284.349 1.98968
-208.592 -282.576 1.94579
-209.099 -280.765 1.90253
-209.571 -278.929 1.85719
-209.855 -276.924 1.81808
-210.225 -275.173 1.77094
-210.477 -273.23 1.71968
-210.62 -271.405 1.6723
-210.667 -269.457 1.62243
-210.672 -267.529 1.57339
-210.547 -265.59 1.52767
-210.328 -263.619 1.48924
-210.143 -261.566 1.46431
-209.797 -259.468 1.45011
-209.465 -257.383 1.43952
-209.187 -255.299 1.42901
-208.878 -253.14 1.41943
-208.574 -250.953 1.41181
-208.181 -248.752 1.4075
-207.795 -246.479 1.40771
-207.4 -244.228 1.40927
-207.045 -241.876 1.41028
-206.667 -239.542 1.41464
-206.242 -237.179 1.41968
-205.87 -234.814 1.42386
-205.531 -232.395 1.42619
-205.201 -230.016 1.42364
-204.832 -227.637 1.42328
-204.472 -225.229 1.42253
-204.089 -222.793 1.42344
-203.667 -220.28 1.42291
-203.234 -217.764 1.42004
-202.847 -215.291 1.42246
-202.506 -212.737 1.42214
-202.127 -210.349 1.41978
-201.789 -207.859 1.41965
-201.439 -205.4 1.41938
-201.079 -202.989 1.41941
-200.714 -200.646 1.42131
-200.297 -198.279 1.42034
-199.935 -195.925 1.42297
-199.545 -193.665 1.4224
-199.192 -191.321 1.426
-198.841 -188.984 1.42902
-198.564 -186.678 1.43532
-198.332 -184.353 1.43444
-198.086 -181.89 1.43971
-197.812 -179.534 1.44352
-197.61 -177.28 1.43794
-197.304 -174.999 1.43761
-197.002 -172.738 1.43848
-196.714 -170.454 1.44076
-196.436 -168.157 1.43894
-196.145 -165.891 1.44058
-195.914 -163.559 1.44465
-195.679 -161.32 1.44704
-195.427 -159.041 1.44707
-195.165 -156.801 1.45063
-194.924 -154.548 1.4503
-194.634 -152.399 1.45142
-194.397 -150.261 1.4525
-194.181 -148.082 1.44909
-193.871 -146.009 1.44897
-193.68 -143.924 1.4488
-193.48 -141.825 1.4454
-193.231 -139.813 1.43878
-192.946 -137.786 1.42506
-192.603 -135.857 1.40824
-192.219 -133.965 1.38049
-191.753 -132.104 1.34395
-191.202 -130.286 1.30544
-190.596 -128.499 1.26231
-189.852 -126.74 1.20871
-188.983 -125.004 1.15849
-188.155 -123.388 1.11325
-187.252 -121.8 1.07172
-186.312 -120.202 1.03942
-185.384 -118.67 1.01495
-184.416 -117.167 0.997015
-183.398 -115.674 0.985239
-182.397 -114.183 0.980605
-181.384 -112.744 0.980871
-180.416 -111.338 0.981002
-179.456 -109.902 0.984055
-178.57 -108.484 0.984331
-177.768 -107.212 0.983845
-176.937 -105.985 0.981436
-176.146 -104.839 0.979396
-175.419 -103.75 0.976358
-174.753 -102.833 0.976592
-174.14 -101.916 0.975149
-173.496 -101.109 0.965155
-172.895 -100.234 0.953744
-172.291 -99.5371 0.934352
-171.658 -98.8332 0.914858
-171.032 -98.0693 0.892408
-170.331 -97.296 0.871972
-169.683 -96.6231 0.855755
-169.088 -96.0363 0.834498
-168.531 -95.4732 0.815855
-168.012 -94.9282 0.798726
-167.507 -94.4391 0.794359
-167.083 -93.9444 0.797735
-166.758 -93.6098 0.808691
-166.49 -93.3178 0.82072
-166.304 -93.0675 0.834726
-166.159 -92.9039 0.844566
-166.062 -92.7841 0.852269
-166.004 -92.7046 0.857045
-165.984 -92.686 0.860222
-165.971 -92.6829 0.862316
-165.965 -92.6758 0.865009
-165.954 -92.6692 0.867282
-165.969 -92.659 0.869732
-165.969 -92.6545 0.872106
-165.896 -92.6255 0.872949
-165.846 -92.5715 0.872872
-165.792 -92.5215 0.872653
-165.74 -92.4726 0.872417
-165.683 -92.4281 0.872095
-165.622 -92.3856 0.871958
-165.562 -92.3405 0.871634
-165.506 -92.2958 0.871464
-165.451 -92.2421 0.871075
-165.389 -92.1971 0.871122
-165.334 -92.1444 0.870874
-165.273 -92.0883 0.870575
-165.23 -92.0366 0.870305
-165.178 -91.9732 0.870267
-165.141 -91.9258 0.869852
-165.098 -91.8567 0.869433
-165.055 -91.8066 0.869184
-165 -91.7563 0.869144
-164.927 -91.7073 0.869094
-164.909 -91.7112 0.872157
-164.862 -91.6926 0.87545
-164.819 -91.6489 0.878816
-164.745 -91.5287 0.885231
-164.648 -91.3951 0.891635
-164.493 -91.219 0.898914
-164.308 -90.9834 0.908605
-164.132 -90.7325 0.92217
-163.949 -90.3855 0.940737
-163.757 -90.039 0.971432
-163.591 -89.6774 1.01422
-163.411 -89.2356 1.06618
-163.236 -88.742 1.12602
-163.063 -88.1603 1.19359
-162.977 -87.4885 1.26817
-162.938 -86.7769 1.34866
-162.92 -86.0556 1.43201
-162.978 -85.2851 1.52068
-163.108 -84.5241 1.61284
-163.377 -83.7242 1.7039
-163.629 -82.9254 1.79301
-163.915 -82.0551 1.87454
-164.353 -81.1511 1.95218
-164.842 -80.3628 2.01924
-165.4 -79.4466 2.07649
-166.117 -78.4879 2.12084
-166.761 -77.5462 2.14736
-167.398 -76.5562 2.1652
-168.088 -75.5813 2.18092
-168.877 -74.5166 2.19449
-169.669 -73.4254 2.20453
-170.482 -72.3191 2.21192
-171.342 -71.2245 2.21693
-172.229 -70.0438 2.21862
-173.114 -68.8598 2.21254
-174.032 -67.5957 2.20569
-174.978 -66.2882 2.19739
-175.887 -64.9192 2.19045
-176.798 -63.5246 2.17973
-177.738 -62.0691 2.17251
-178.686 -60.5973 2.16393
-179.633 -59.0773 2.15617
-180.598 -57.5149 2.15061
-181.605 -55.8903 2.14135
-182.645 -54.2136 2.1377
-183.618 -52.6077 2.12941
-184.626 -50.9018 2.12401
-185.684 -49.2405 2.12009
-186.707 -47.581 2.11638
-187.65 -45.9199 2.11258
-188.651 -44.2291 2.10721
-189.666 -42.4995 2.10054
-190.633 -40.7694 2.09668
-191.586 -39.0016 2.09141
-192.547 -37.2755 2.08542
-193.52 -35.4842 2.07944
-194.51 -33.7109 2.07113
-195.476 -31.9071 2.05955
-196.385 -30.0579 2.04877
-197.287 -28.2326 2.03516
-198.179 -26.3669 2.02211
-199.05 -24.484 2.00883
-199.9 -22.6068 1.99474
-200.768 -20.645 1.98207
-201.584 -18.7097 1.96925
-202.348 -16.7284 1.96087
-203.16 -14.7123 1.95099
-203.957 -12.703 1.93919
-204.746 -10.6926 1.93181
-205.542 -8.62617 1.92285
-206.293 -6.55922 1.91389
-207.01 -4.4627 1.90442
-207.77 -2.27333 1.89312
-208.476 -0.110493 1.8803
-209.138 2.0567 1.86538
-209.778 4.27518 1.85117
-210.341 6.52368 1.83628
-210.879 8.78987 1.82255
-211.415 11.09 1.80652
-211.871 13.3408 1.79538
-212.348 15.6644 1.78527
-212.798 17.9752 1.77657
-213.29 20.2828 1.76767
-213.729 22.6711 1.76049
-214.213 25.0083 1.7548
-214.65 27.3565 1.74888
-215.106 29.7307 1.74471
-215.502 32.0343 1.73756
-215.866 34.3277 1.73104
-216.276 36.5215 1.72427
-216.617 38.8274 1.71928
-216.92 41.0284 1.7152
-217.224 43.1478 1.7141
-217.498 45.2529 1.71333
-217.773 47.3205 1.71496
-218.034 49.3801 1.71513
-218.356 51.388 1.71516
-218.655 53.4102 1.71517
-218.938 55.3672 1.71803
-219.241 57.2971 1.72116
-219.568 59.1502 1.72569
-219.898 60.998 1.72992
-220.169 62.7186 1.73294
-220.475 64.4864 1.73537
-220.8 66.2149 1.73933
-221.091 67.8626 1.74069
-221.384 69.3915 1.74188
-221.673 70.9252 1.74263
-221.942 72.3647 1.7421
-222.184 73.7697 1.74256
-222.373 75.1356 1.74135
-222.665 76.5346 1.74011
-222.928 77.9454 1.74101
-223.143 79.146 1.74199
-223.346 80.4171 1.74301
-223.521 81.7216 1.74597
-223.722 82.9691 1.74583
-223.901 84.1666 1.74558
-224.128 85.3564 1.74543
-224.341 86.4785 1.74929
-224.531 87.5177 1.7471
-224.737 88.5826 1.74964
-224.928 89.6013 1.75213
-225.132 90.6387 1.75606
-225.327 91.6606 1.75901
-225.495 92.698 1.76316
-225.66 93.7243 1.77086
-225.873 94.7059 1.7829
-226.163 95.741 1.798
-226.373 96.8314 1.81338
-226.657 97.904 1.83039
-226.898 98.9688 1.84761
-227.224 100.092 1.86992
-227.578 101.269 1.89597
-227.931 102.316 1.92497
-228.36 103.455 1.96469
-228.906 104.593 2.00906
-229.571 105.725 2.06598
-230.302 106.797 2.12891
-231.106 107.796 2.19455
-232.112 108.816 2.26054
-233.143 109.726 2.32949
-234.119 110.642 2.4022
-235.271 111.453 2.47505
-236.411 112.234 2.54595
-237.733 112.925 2.61889
-239.122 113.545 2.69066
-240.545 114.09 2.75668
-242.096 114.521 2.81031
-243.609 114.968 2.84983
-245.211 115.332 2.88725
-246.774 115.679 2.92134
-248.447 115.918 2.95256
-250.133 116.163 2.98105
-251.763 116.401 3.00589
-253.411 116.567 3.02675
-255.014 116.701 3.03927
-256.603 116.896 3.04295
-258.142 117.117 3.04006
-259.603 117.346 3.04024
-261.084 117.519 3.0453
-262.523 117.662 3.04857
-263.92 117.792 3.05044
-265.306 117.911 3.05715
-266.864 117.999 3.06042
-268.208 118.199 3.06171
-269.443 118.297 3.06118
-270.826 118.401 3.05832
-272.244 118.516 3.05695
-273.588 118.663 3.05518
-274.854 118.804 3.05002
-276.122 118.997 3.0447
-277.366 119.148 3.03783
-278.455 119.272 3.03349
-279.589 119.373 3.03294
-280.767 119.545 3.03407
-281.932 119.626 3.03548
-282.901 119.749 3.0413
-284.018 119.714 3.04446
-285.176 119.837 3.04996
-286.477 120.313 3.0409
-287.513 120.325 3.04407
-288.539 120.361 3.04849
-289.643 120.424 3.05269
-290.869 120.445 3.05502
-292.145 120.578 3.05458
-293.36 120.627 3.05549
-294.737 120.745 3.05604
-296.004 120.809 3.05731
-297.314 120.813 3.05669
-298.735 120.914 3.06011
-300.095 121.026 3.06202
-301.487 121.066 3.06572
-302.856 121.194 3.06408
-304.2 121.262 3.06439
-305.483 121.322 3.06528
-306.809 121.4 3.06117
-308.037 121.505 3.06104
-309.371 121.609 3.06437
-310.618 121.68 3.06417
-311.83 121.837 3.06609
-313.157 121.879 3.06943
-314.136 122.083 3.07585
-315.385 122.107 3.07533
-316.64 122.068 3.07984
-317.817 122.181 3.08449
-318.588 122.035 3.09315
-319.705 122.044 3.09842
-321.094 122.115 3.09457
-322.424 122.132 3.09145
-323.841 122.194 3.09118
-325.249 122.292 3.09207
-326.678 122.318 3.09211
-328.068 122.325 3.09317
-329.601 122.399 3.09566
-331.152 122.457 3.09468
-332.668 122.577 3.09397
-334.12 122.624 3.09515
-335.629 122.674 3.09051
-337.203 122.723 3.08781
-338.781 122.79 3.08931
-340.33 122.818 3.08899
-341.845 122.885 3.09356
-343.44 122.981 3.09262
-344.994 122.968 3.09478
-346.48 122.987 3.09835
-347.999 123.032 3.09701
-349.579 123.13 3.09894
-351.138 123.215 3.0997
-352.788 123.265 3.09976
-354.329 123.35 3.10026
-355.954 123.435 3.10497
-357.491 123.509 3.10549
-359.028 123.583 3.1066
-360.607 123.6 3.10891
-362.138 123.712 3.10902
-363.657 123.796 3.10942
-365.161 123.864 3.10675
-366.658 123.928 3.10377
-368.101 123.92 3.10533
-369.502 124.027 3.1
-370.905 124.128 3.09831
-372.261 124.182 3.09985
-373.398 124.24 3.09864
-374.612 124.246 3.09826
-375.804 124.295 3.09845
-376.98 124.323 3.09833
-378.188 124.378 3.09968
-379.313 124.505 3.09127
-380.481 124.547 3.09339
-381.56 124.666 3.09282
-382.565 124.732 3.09268
-383.606 124.836 3.09455
-384.596 124.907 3.09825
-385.442 124.944 3.09938
-386.334 125.033 3.1024
-387.145 125.102 3.10749
-388.003 125.192 3.11301
-388.847 125.255 3.11523
-389.7 125.272 3.1169
-390.525 125.316 3.11936
-391.297 125.336 3.12175
-392.052 125.36 3.12292
-392.897 125.377 3.12537
-393.734 125.406 3.12745
-394.526 125.453 3.12391
-395.299 125.451 3.12056
-396.054 125.46 3.12339
-396.753 125.469 3.12382
-397.52 125.509 3.1249
-398.238 125.524 3.12538
-398.933 125.53 3.12591
-399.603 125.528 3.12862
-400.278 125.511 3.13088
-400.946 125.496 3.13419
-401.551 125.479 -3.14136
-402.144 125.435 -3.12975
-402.83 125.426 -3.11081
-403.506 125.352 -3.09066
-404.182 125.298 -3.05886
-404.849 125.155 -3.02368
-405.549 124.982 -2.98133
-406.221 124.733 -2.92805
-406.96 124.453 -2.87318
-407.692 124.084 -2.81187
-408.425 123.687 -2.74602
-409.19 123.188 -2.67221
-409.961 122.634 -2.59599
-410.664 122.028 -2.52035
-411.409 121.31 -2.43616
-412.093 120.488 -2.35074
-412.697 119.564 -2.26436
-413.335 118.555 -2.17543
-413.887 117.413 -2.08177
-414.338 116.226 -1.9881
-414.624 114.983 -1.89493
-414.904 113.607 -1.80354
-414.964 112.067 -1.72496
-414.997 110.531 -1.66581
-415.032 108.97 -1.62466
-415.087 107.39 -1.59257
-415.011 105.65 -1.56112
-414.908 103.939 -1.52431
-414.723 102.133 -1.48535
-414.489 100.371 -1.4492
-414.187 98.4575 -1.41691
-413.861 96.5885 -1.39565
-413.422 94.5886 -1.37634
-412.968 92.6526 -1.35952
-412.483 90.6586 -1.34403
-411.972 88.7347 -1.32859
-411.455 86.8836 -1.31514
-410.933 85.0374 -1.30145
-410.342 83.118 -1.29513
-409.744 81.2088 -1.28547
-409.158 79.2758 -1.2791
-408.631 77.6494 -1.27736
-408.145 75.7412 -1.27754
-407.535 73.8041 -1.28211
-406.965 71.8916 -1.28806
-406.412 69.9265 -1.28927
-405.837 67.9264 -1.28838
-405.27 65.9286 -1.28836
-404.731 63.8825 -1.28932
-404.053 61.8336 -1.28933
-403.468 59.6845 -1.28865
-402.798 57.5648 -1.2894
-402.22 55.4584 -1.28697
-401.567 53.1798 -1.28655
-400.983 51.0146 -1.28769
-400.325 48.9279 -1.29115
-399.684 46.7087 -1.29623
-399.058 44.5139 -1.29937
-398.395 42.2973 -1.30419
-397.796 40.0989 -1.31271
-397.251 37.9597 -1.31653
-396.734 35.8284 -1.31962
-396.205 33.6668 -1.32441
-395.676 31.4929 -1.32723
-395.166 29.3609 -1.33029
-394.623 27.2368 -1.33301
-394.115 25.0794 -1.33442
-393.594 22.9765 -1.33279
-393.117 20.8341 -1.33126
-392.588 18.7156 -1.3271
-392.025 16.6417 -1.32382
-391.56 14.7275 -1.32135
-390.983 12.679 -1.32129
-390.412 10.6383 -1.32341
-389.924 8.61629 -1.32318
-389.462 6.71816 -1.32363
-389.026 4.83487 -1.32674
-388.576 3.1066 -1.32658
-388.166 1.25594 -1.3336
-387.77 -0.60718 -1.33328
-387.371 -2.31967 -1.33568
-386.963 -4.1425 -1.33729
-386.586 -5.91815 -1.33823
-386.275 -7.54017 -1.33793
-385.852 -9.05818 -1.34021
-385.478 -10.53 -1.34143
-385.16 -12.121 -1.34635
-384.8 -13.6478 -1.3474
-384.432 -15.2109 -1.35399
-384.108 -16.7577 -1.35767
-383.824 -18.3406 -1.36434
-383.475 -20.0587 -1.37266
-383.172 -21.8337 -1.37766
-382.766 -23.619 -1.38117
-382.41 -25.448 -1.3842
-382.086 -27.2896 -1.38158
-381.754 -29.1845 -1.38005
-381.355 -31.1794 -1.37834
-380.946 -33.1461 -1.38073
-380.607 -35.212 -1.3806
-380.207 -37.2831 -1.38257
-379.791 -39.3734 -1.38723
-379.356 -41.5437 -1.38956
-378.928 -43.7805 -1.39304
-378.506 -46.046 -1.39973
-378.111 -48.3667 -1.40397
-377.699 -50.7185 -1.41048
-377.201 -53.4357 -1.42365
-376.877 -55.8074 -1.42238
-376.438 -58.2787 -1.42346
-375.971 -60.7424 -1.42066
-375.579 -63.289 -1.42511
-375.109 -65.879 -1.42534
-374.647 -68.395 -1.4255
-374.235 -70.9972 -1.42859
-373.853 -73.629 -1.43163
-373.434 -76.2031 -1.434
-373.094 -78.8217 -1.43755
-372.74 -81.3903 -1.43685
-372.355 -83.9642 -1.43911
-371.953 -86.5347 -1.44166
-371.652 -89.0996 -1.44356
-371.326 -91.6607 -1.44609
-370.912 -94.7282 -1.44834
-370.576 -97.4422 -1.44565
-370.126 -100.13 -1.44323
-369.715 -102.862 -1.44564
-369.282 -105.595 -1.44743
-368.904 -108.399 -1.44831
-368.547 -111.227 -1.45092
-368.166 -114.05 -1.44864
-367.755 -116.884 -1.44851
-367.416 -119.721 -1.44764
-367.06 -122.648 -1.44452
-366.68 -125.53 -1.44088
-366.311 -128.382 -1.43756
-365.882 -131.249 -1.43404
-365.493 -134.148 -1.43148
-365.013 -137.02 -1.42886
-364.563 -139.903 -1.42897
-364.103 -142.773 -1.42876
-363.659 -145.612 -1.43013
-363.194 -148.443 -1.43098
-362.822 -151.262 -1.43156
-362.377 -154.076 -1.4347
-362.049 -156.986 -1.43721
-361.62 -159.685 -1.44844
-361.174 -162.714 -1.4403
-360.795 -165.592 -1.44909
-360.35 -168.478 -1.45079
-359.95 -171.485 -1.44449
-359.54 -174.466 -1.4415
-359.087 -177.426 -1.43563
-358.641 -180.324 -1.42922
-358.225 -183.27 -1.4277
-357.782 -186.179 -1.42373
-357.36 -189.075 -1.42271
-356.924 -192.026 -1.42066
-356.488 -194.86 -1.41891
-356.052 -197.716 -1.41733
-355.597 -200.581 -1.41553
-355.168 -203.428 -1.41451
-354.675 -206.212 -1.41377
-354.302 -209.003 -1.40794
-353.506 -211.905 -1.42003
-352.841 -214.647 -1.42454
-352.318 -217.254 -1.42725
-351.967 -220.089 -1.42214
-351.492 -222.901 -1.42184
-351.072 -225.635 -1.41812
-350.655 -228.414 -1.41507
-350.234 -231.089 -1.41983
-349.83 -233.792 -1.4263
-349.481 -236.511 -1.43271
-349.187 -239.159 -1.44239
-348.902 -241.8 -1.45469
-348.686 -244.488 -1.46494
-348.526 -247.003 -1.47238
-348.327 -249.621 -1.47763
-348.152 -252.274 -1.47903
-347.941 -254.815 -1.47771
-347.72 -257.39 -1.47925
-347.333 -259.963 -1.48052
-347.125 -262.467 -1.47782
-346.896 -264.994 -1.47466
-346.635 -267.533 -1.47181
-346.4 -270.073 -1.46786
-346.148 -272.611 -1.46325
-345.85 -275.157 -1.4602
-345.574 -277.673 -1.45931
-345.269 -280.202 -1.45915
-344.976 -282.745 -1.46011
-344.67 -285.299 -1.4603
-344.27 -287.883 -1.46124
-343.993 -290.408 -1.46759
-343.731 -292.958 -1.47637
-343.541 -295.49 -1.483
-343.486 -297.929 -1.4886
-343.194 -300.539 -1.48751
-342.757 -303.202 -1.48316
-342.595 -305.744 -1.47418
-342.346 -308.262 -1.46929
-341.991 -310.918 -1.46237
-341.603 -313.547 -1.45577
-341.278 -316.156 -1.4476
-340.924 -318.815 -1.44301
-340.537 -321.404 -1.43877
-340.149 -324.125 -1.43642
-339.839 -326.724 -1.43746
-339.538 -329.507 -1.43779
-339.162 -332.21 -1.4363
-338.792 -334.919 -1.43496
-338.347 -337.643 -1.435
-337.995 -340.416 -1.43316
-337.636 -343.181 -1.43134
-337.234 -345.951 -1.43015
-336.886 -348.763 -1.42818
-336.575 -351.548 -1.42935
-336.078 -354.341 -1.42988
-335.691 -357.087 -1.42624
-335.324 -359.871 -1.42478
-334.961 -362.6 -1.422
-334.53 -365.293 -1.42091
-334.103 -368.053 -1.41826
-333.708 -370.699 -1.41766
-333.291 -373.342 -1.41582
-332.911 -375.952 -1.41746
-332.466 -378.44 -1.41841
-332.144 -380.922 -1.41988
-331.808 -383.348 -1.42271
-331.471 -385.765 -1.42357
-331.116 -388.055 -1.42567
-330.794 -390.27 -1.4219
-330.395 -392.486 -1.42016
-330.036 -394.686 -1.42036
-329.715 -396.931 -1.41989
-329.333 -399.155 -1.41651
-329.018 -401.396 -1.41427
-328.726 -403.59 -1.41142
-328.352 -405.803 -1.41094
-328.062 -407.975 -1.41306
-327.647 -410.245 -1.41826
-327.417 -412.506 -1.41681
-327.128 -414.733 -1.41939
-326.763 -416.953 -1.41858
-326.428 -419.187 -1.41709
-326.107 -421.497 -1.4139
-325.742 -423.779 -1.41097
-325.305 -426.062 -1.40734
-324.894 -428.387 -1.39626
-324.415 -430.7 -1.3808
-323.89 -433.01 -1.36655
-323.359 -435.391 -1.35353
-322.778 -437.731 -1.34034
-322.158 -440.084 -1.32697
-321.543 -442.454 -1.31132
-320.855 -444.818 -1.29761
-320.081 -447.197 -1.28792
-319.343 -449.577 -1.28087
-318.56 -451.901 -1.27295
-317.791 -454.336 -1.26809
-317.014 -456.702 -1.26474
-316.198 -459.061 -1.26254
-315.491 -461.38 -1.26375
-314.727 -463.719 -1.26039
-313.979 -466.048 -1.25626
-313.229 -468.365 -1.25387
-312.481 -470.679 -1.25126
-311.727 -473.015 -1.2435
-310.903 -475.246 -1.23296
-310.099 -477.504 -1.22183
-309.272 -479.758 -1.20835
-308.372 -481.909 -1.19865
-307.47 -484.06 -1.18581
-306.551 -486.208 -1.17259
-305.595 -488.35 -1.1603
-304.675 -490.434 -1.14942
-303.738 -492.564 -1.143
-302.749 -494.583 -1.13508
-301.835 -496.656 -1.13267
-300.889 -498.656 -1.13118
-299.975 -500.621 -1.13288
-299.155 -502.534 -1.15083
-298.39 -504.352 -1.17112
-297.69 -506.236 -1.19271
-297.031 -508.095 -1.21098
-296.404 -509.849 -1.22366
-295.824 -511.616 -1.23466
-295.307 -513.246 -1.24207
-294.836 -514.773 -1.24985
-294.426 -516.269 -1.25245
-294.021 -517.547 -1.25411
-293.687 -518.799 -1.25719
-293.262 -520.018 -1.26087
-292.878 -521.251 -1.26563
-292.455 -522.37 -1.26525
-292.083 -523.447 -1.24614
-291.691 -524.495 -1.20477
-291.127 -525.467 -1.14171
-290.551 -526.286 -1.05589
-289.898 -526.883 -0.953171
-289.2 -527.41 -0.831277
-288.535 -527.752 -0.685112
-287.766 -527.939 -0.535692
-286.972 -528.036 -0.373131
-286.222 -528.071 -0.209369
-285.475 -527.897 -0.0458349
-284.688 -527.555 0.117484
-284.009 -527.175 0.286111
-283.391 -526.664 0.452416
-282.853 -525.946 0.623614
-282.476 -525.204 0.79421
-282.163 -524.432 0.959188
-282.003 -523.592 1.11952
-282.067 -522.779 1.27935
-282.082 -521.841 1.4318
-282.227 -520.914 1.56578
-282.363 -519.841 1.67916
-282.666 -518.834 1.77497
-283.014 -517.819 1.8589
-283.474 -516.794 1.91503
-283.931 -515.723 1.95111
-284.434 -514.633 1.9752
-284.967 -513.444 1.9852
-285.512 -512.254 1.98571
-286.069 -511.058 1.98134
-286.623 -509.751 1.97669
-287.231 -508.408 1.97389
-287.835 -506.981 1.97165
-288.477 -505.494 1.96876
-289.114 -503.984 1.96678
-289.741 -502.409 1.96631
-290.458 -500.812 1.96883
-291.141 -499.132 1.9727
-291.844 -497.397 1.97476
-292.599 -495.66 1.9767
-293.362 -493.842 1.97906
-294.17 -492.05 1.98046
-294.891 -490.139 1.98366
-295.699 -488.195 1.98882
-296.522 -486.296 1.9907
-297.353 -484.382 1.99244
-298.309 -482.369 1.99571
-299.185 -480.414 1.99744
-300.055 -478.397 1.99884
-300.945 -476.368 1.99824
-301.774 -474.407 1.99625
-302.622 -472.398 1.99673
-303.54 -470.421 1.99865
-304.352 -468.474 1.99905
-305.254 -466.472 2.00118
-306.133 -464.545 2.00251
-306.947 -462.522 2.00552
-307.825 -460.601 2.00716
-308.729 -458.629 2.00778
-309.61 -456.636 2.00885
-310.536 -454.877 2.01465
-311.442 -452.878 2.0149
-312.327 -450.887 2.01884
-313.249 -448.842 2.01842
-314.084 -446.952 2.01836
-314.933 -445.036 2.01829
-315.822 -443.086 2.01724
-316.699 -441.279 2.01516
-317.581 -439.336 2.01675
-318.5 -437.417 2.01876
-319.428 -435.558 2.01848
-320.328 -433.592 2.01765
-321.222 -431.677 2.01686
-322.132 -429.759 2.0157
-323.047 -427.815 2.01575
-323.957 -425.909 2.01502
-324.79 -424.012 2.01278
-325.66 -422.15 2.01157
-326.528 -420.331 2.01075
-327.405 -418.49 2.00808
-328.212 -416.616 2.00645
-329.049 -414.747 2.004
-329.874 -412.883 2.00049
-330.708 -411.076 1.99827
-331.463 -409.264 1.99708
-332.325 -407.444 1.99665
-333.147 -405.638 1.99521
-333.995 -403.799 1.9928
-334.831 -401.889 1.99116
-335.653 -399.974 1.98819
-336.506 -398.024 1.98506
-337.354 -396.031 1.98434
-338.187 -394.051 1.98187
-339.01 -391.994 1.97518
-339.83 -389.981 1.97015
-340.665 -387.858 1.96583
-341.515 -385.766 1.96419
-342.352 -383.684 1.96227
-343.169 -381.483 1.95499
-343.995 -379.295 1.94783
-344.845 -377.141 1.94095
-345.675 -374.926 1.93525
-346.535 -372.682 1.93056
-347.363 -370.414 1.9251
-348.242 -368.085 1.91838
-348.99 -365.764 1.91398
-349.868 -363.37 1.91413
-350.721 -360.982 1.91396
-351.618 -358.621 1.91495
-352.514 -356.226 1.91506
-353.391 -353.78 1.91698
-354.242 -351.311 1.91906
-355.154 -348.833 1.9217
-356.086 -346.364 1.92501
-356.978 -343.825 1.92636
-357.808 -341.28 1.92661
-358.771 -338.861 1.92799
-359.665 -336.388 1.92927
-360.556 -333.954 1.92891
-361.386 -331.488 1.9302
-362.145 -329.001 1.931
-362.968 -326.6 1.93012
-363.776 -324.253 1.93097
-364.66 -321.945 1.92922
-365.514 -319.667 1.93175
-366.344 -317.344 1.93537
-367.157 -315.036 1.94241
-368.005 -312.844 1.94309
-368.936 -310.696 1.9421
-369.677 -308.528 1.9415
-370.45 -306.31 1.94114
-371.76 -304.128 1.93344
-372.195 -302.028 1.93167
-372.838 -299.693 1.93745
-373.879 -297.49 1.93754
-374.571 -295.252 1.93717
-375.367 -293.007 1.93491
-376.114 -290.761 1.93174
-376.854 -288.467 1.93142
-377.688 -286.264 1.92924
-378.435 -284.041 1.92647
-379.264 -281.807 1.92919
-380.009 -279.585 1.93037
-380.809 -277.406 1.93053
-381.611 -275.167 1.93314
-382.377 -272.927 1.933
-383.154 -270.658 1.93484
-384.022 -268.41 1.93319
-384.739 -266.224 1.93309
-385.508 -263.888 1.93332
-386.369 -261.716 1.9361
-387.181 -259.4 1.93641
-388.049 -257.169 1.94032
-388.88 -254.895 1.94166
-389.818 -252.676 1.9451
-390.666 -250.381 1.94746
-391.493 -248.169 1.94918
-392.379 -245.935 1.95406
-393.211 -243.726 1.95441
-394.003 -241.54 1.95315
-394.878 -239.312 1.95652
-395.739 -237.103 1.95696
-396.566 -234.952 1.9583
-397.431 -232.78 1.95967
-398.209 -230.662 1.95994
-398.986 -228.654 1.9582
-399.752 -226.73 1.95678
-400.467 -224.788 1.95432
-401.034 -222.948 1.94781
-401.846 -221.038 1.94662
-402.842 -219.028 1.9557
-403.466 -217.218 1.95574
-404.127 -215.395 1.952
-404.992 -213.396 1.95683
-405.85 -211.458 1.96117
-406.601 -209.527 1.96581
-407.42 -207.581 1.97049
-408.252 -205.548 1.97487
-409.096 -203.606 1.97935
-409.93 -201.576 1.98259
-410.779 -199.566 1.98589
-411.669 -197.531 1.98841
-412.54 -195.495 1.99284
-413.455 -193.516 1.99693
-414.338 -191.445 2.00028
-415.261 -189.363 1.99965
-416.204 -187.295 1.99954
-417.091 -185.305 2.00173
-417.935 -183.391 2.00165
-418.781 -181.491 2.00183
-419.636 -179.598 2.00049
-420.452 -177.675 1.99773
-421.264 -175.786 1.99847
-422.067 -173.93 1.99924
-422.912 -172.121 1.99593
-423.719 -170.246 1.99179
-424.53 -168.248 1.9981
-425.243 -166.071 2.02465
-426.296 -164.428 2.01543
-427.22 -162.584 2.01473
-428.145 -160.608 2.02118
-429.09 -158.672 2.02664
-430.007 -156.571 2.03335
-430.92 -154.642 2.04095
-431.908 -152.72 2.04603
-432.858 -150.701 2.04967
-433.895 -148.794 2.05622
-434.944 -146.86 2.05754
-435.976 -144.89 2.05955
-437.015 -142.895 2.05997
-438.064 -140.899 2.06032
-439.095 -138.921 2.05871
-440.115 -136.908 2.05729
-441.148 -134.851 2.05588
-442.209 -132.834 2.05507
-443.191 -130.795 2.05583
-444.306 -128.671 2.05699
-445.26 -126.678 2.05559
-446.305 -124.618 2.05521
-447.326 -122.603 2.05424
-448.348 -120.5 2.05413
-449.405 -118.577 2.04973
-450.368 -116.57 2.0473
-451.293 -114.586 2.04418
-452.207 -112.56 2.04052
-453.146 -110.569 2.03708
-453.958 -108.648 2.03448
-454.922 -106.823 2.0336
-455.84 -104.693 2.0347
-456.762 -102.691 2.03335
-457.587 -100.777 2.03676
-458.521 -98.8945 2.0393
-459.44 -96.9648 2.04438
-460.363 -95.0506 2.0499
-461.251 -93.1901 2.05133
-462.188 -91.3092 2.05551
-463.1 -89.3899 2.05967
-464.086 -87.5461 2.06262
-465.075 -85.7108 2.06548
-465.988 -83.8606 2.06724
-466.971 -82.0121 2.06812
-467.935 -80.1853 2.07009
-468.901 -78.309 2.07321
-469.878 -76.4709 2.07608
-470.859 -74.6309 2.0788
-471.856 -72.7558 2.08241
-472.795 -70.9962 2.08766
-473.822 -69.2029 2.09378
-474.811 -67.4642 2.09797
-475.852 -65.6601 2.09947
-476.882 -63.8121 2.10239
-477.969 -62.0499 2.10601
-479.014 -60.2272 2.10808
-480.084 -58.4158 2.11048
-481.121 -56.6196 2.11298
-482.204 -54.848 2.1156
-483.281 -53.0417 2.12033
-484.366 -51.2249 2.12559
-485.427 -49.5078 2.12847
-486.531 -47.742 2.13162
-487.605 -45.9341 2.13574
-488.702 -44.1496 2.13986
-489.821 -42.3824 2.14464
-490.873 -40.6721 2.14938
-492.024 -38.8855 2.15418
-493.237 -36.9263 2.16024
-494.398 -35.2563 2.16317
-495.489 -33.5953 2.16461
-496.736 -31.7475 2.1694
-497.942 -30.0106 2.17536
-499.135 -28.256 2.18299
-500.425 -26.5026 2.18615
-501.627 -24.7663 2.18953
-502.862 -22.9839 2.19261
-504.081 -21.3006 2.18995
-505.282 -19.627 2.18794
-506.476 -17.9465 2.18435
-507.65 -16.3407 2.18394
-508.817 -14.6947 2.17725
-509.998 -13.0427 2.17211
-511.097 -11.413 2.17017
-512.066 -9.79114 2.16875
-513.313 -8.10863 2.16834
-514.406 -6.44378 2.17259
-515.501 -4.90975 2.18115
-516.659 -3.36733 2.1867
-517.799 -1.7551 2.19119
-518.952 -0.159004 2.19467
-520.105 1.42022 2.19875
-521.27 2.96008 2.20307
-522.482 4.62997 2.20656
-523.693 6.24351 2.21095
-524.908 7.82039 2.21589
-526.146 9.48354 2.22242
-527.357 11.077 2.22841
-528.538 12.6561 2.23272
-529.74 14.2418 2.23492
-530.919 15.807 2.24315
-532.133 17.3218 2.24855
-533.288 18.7841 2.25287
-534.458 20.243 2.25809
-535.57 21.613 2.26235
-536.685 22.9155 2.26402
-537.703 24.1579 2.26478
-538.696 25.4145 2.26353
-539.603 26.59 2.25617
-540.53 27.8222 2.24365
-541.301 28.9741 2.21261
-541.917 30.1047 2.16106
-542.401 31.1028 2.09268
-542.761 32.2677 2.01184
-542.906 33.3088 1.91371
-542.958 34.2819 1.79507
-542.918 35.1901 1.66995
-542.799 36.0875 1.5463
-542.496 36.9587 1.42097
-542.072 37.8199 1.29635
-541.518 38.667 1.17153
-540.897 39.43 1.04644
-540.151 39.9638 0.921962
-539.364 40.6155 0.811527
-538.467 41.1388 0.715232
-537.505 41.6982 0.645364
-536.529 42.1791 0.591594
-535.459 42.7557 0.548466
-534.378 43.3226 0.518344
-533.229 43.9552 0.497282
-532.034 44.5394 0.478918
-530.734 45.1753 0.457941
-529.417 45.8058 0.442737
-528.022 46.4601 0.430457
-526.613 47.0671 0.417797
-525.187 47.6751 0.40384
-523.706 48.2493 0.395662
-522.182 48.7542 0.394105
-520.645 49.3813 0.390081
-519.109 49.9933 0.388709
-517.535 50.6366 0.390554
-515.949 51.3008 0.391397
-514.386 51.9678 0.394467
-512.796 52.52 0.401443
-511.2 53.2172 0.407217
-509.653 53.9459 0.412515
-508.076 54.7137 0.418472
-506.491 55.4406 0.422811
-504.98 56.1383 0.42611
-503.37 56.8635 0.430981
-501.849 57.6143 0.431009
-500.314 58.2953 0.432608
-498.739 59.0214 0.432992
-497.271 59.7874 0.431578
-495.825 60.4509 0.431542
-494.349 61.149 0.4305
-492.916 61.8421 0.430806
-491.431 62.5242 0.429638
-489.996 63.173 0.429395
-488.531 63.837 0.429234
-487.142 64.4689 0.427745
-485.732 65.1175 0.425506
-484.326 65.7757 0.424271
-482.939 66.43 0.422138
-481.568 67.0413 0.421761
-480.202 67.6686 0.421084
-478.79 68.2723 0.419818
-477.474 68.8497 0.418479
-476.113 69.5142 0.415911
-474.733 70.0498 0.414754
-473.369 70.6497 0.412279
-472.051 71.2221 0.410521
-470.734 71.7767 0.408574
-469.445 72.3248 0.409895
-468.274 72.8291 0.413303
-467.167 73.3252 0.41877
-466.161 73.8011 0.426338
-465.204 74.2529 0.435214
-464.33 74.6854 0.436201
-463.463 75.0502 0.436004
-462.743 75.3746 0.42887
-461.962 75.7039 0.424369
-461.221 76.0547 0.422427
-460.519 76.3829 0.428683
-459.818 76.7188 0.4428
-459.085 77.0911 0.467986
-458.439 77.5269 0.508843
-457.837 78.0996 0.567094
-457.242 78.6525 0.635532
-456.74 79.2862 0.71153
-456.234 79.9712 0.798137
-455.735 80.7209 0.893809
-455.455 81.5186 0.990783
-455.2 82.3465 1.09533
-455.024 83.208 1.20825
-455.006 84.0148 1.32167
-455.019 84.8439 1.43601
-455.163 85.6575 1.54608
-455.425 86.4066 1.65082
-455.65 87.1968 1.7525
-455.994 87.8727 1.83762
-456.32 88.5136 1.90614
-456.616 89.1068 1.9534
-456.96 89.6114 1.98752
-457.297 90.1214 2.00917
-457.661 90.6949 2.02699
-457.86 91.1254 2.03405
-458.127 91.5039 2.03631
-458.345 91.9337 2.03844
-458.561 92.2797 2.03802
-458.694 92.5979 2.03557
-458.823 92.8549 2.03741
-458.909 92.9926 2.03432
-458.945 93.0773 2.03475
-458.989 93.122 2.03503
-459.025 93.1103 2.03612
-459.01 93.0975 2.03788
-459.006 93.0954 2.03974
-458.998 93.0894 2.04156
-459.01 93.0757 2.04325
-459.015 93.0556 2.0448
-459.015 93.0547 2.04682
-459.007 93.0256 2.04835
-459.009 93.0526 2.04991
-459.036 93.0308 2.05098
-459.088 93.0196 2.05162
-459.099 92.976 2.05226
-459.103 92.9639 2.05371
-459.097 92.9586 2.05517
-459.102 92.9775 2.05623
-459.109 92.9707 2.05713
-459.138 92.9341 2.05767
-459.113 92.9537 2.05942
