-245.038 -0.20998 0.0944611
-245.03 -0.150716 0.0938753
-245.034 -0.153112 0.0954026
-245.028 -0.157433 0.0964824
-245.033 -0.159628 0.0950411
-245.018 -0.164355 0.0936166
-245.015 -0.178249 0.0916
-245.004 -0.16032 0.089954
-244.985 -0.152357 0.0883072
-244.979 -0.145505 0.0866536
-244.97 -0.149561 0.0848175
-245.04 -0.160078 0.0854805
-245.047 -0.137347 0.0872549
-245.061 -0.117249 0.0889283
-245.065 -0.122904 0.0910312
-245.068 -0.132581 0.0930484
-245.07 -0.108405 0.0948289
-245.081 -0.104119 0.0966319
-245.067 -0.127163 0.0984395
-244.999 -0.112346 0.0977217
-244.938 -0.0956857 0.0969683
-244.852 -0.0919217 0.0965603
-244.659 -0.0588714 0.0963875
-244.427 -0.0468138 0.0970307
-244.161 0.0163521 0.0971533
-243.802 0.0436632 0.0990506
-243.434 0.0991377 0.10023
-242.924 0.130427 0.101465
-242.353 0.179883 0.102252
-241.648 0.2475 0.102582
-240.919 0.316142 0.103833
-240.098 0.388673 0.104529
-239.194 0.449102 0.103224
-238.262 0.577562 0.10409
-237.198 0.665924 0.106997
-236.113 0.739399 0.107666
-234.902 0.859525 0.10903
-233.668 0.987824 0.110199
-232.402 1.20803 0.112988
-231.074 1.32954 0.113765
-229.659 1.47628 0.113926
-228.159 1.61035 0.115375
-226.618 1.79031 0.114091
-225.057 1.93616 0.112136
-223.403 2.14265 0.108681
-221.754 2.32962 0.106152
-220.08 2.52113 0.103936
-218.277 2.69455 0.102158
-216.479 2.86128 0.0989839
-214.611 3.06217 0.0970181
-212.734 3.23361 0.0944334
-210.79 3.36398 0.0910595
-208.86 3.51896 0.0894612
-206.882 3.68125 0.0864848
-204.884 3.89756 0.0893019
-202.869 4.00901 0.0899425
-200.825 4.27483 0.0923818
-198.725 4.4099 0.0947183
-196.741 4.56664 0.0965436
-194.742 4.8022 0.100235
-192.643 4.99025 0.102503
-190.681 5.21127 0.10468
-188.713 5.34324 0.104476
-186.848 5.49843 0.104108
-184.936 5.62475 0.103973
-183.012 5.76798 0.104127
-181.162 5.94325 0.102515
-179.237 6.14444 0.0996471
-177.391 6.27239 0.0939506
-175.559 6.46252 0.0905565
-173.775 6.59224 0.0883828
-171.944 6.75882 0.0846911
-170.102 6.92671 0.0817853
-168.168 7.09723 0.0795287
-166.41 7.17689 0.0806189
-164.556 7.3415 0.0798026
-162.782 7.47272 0.0788248
-160.967 7.6038 0.0778454
-159.174 7.73069 0.0770284
-157.346 7.88096 0.0732883
-155.426 7.97934 0.0680054
-153.493 8.10838 0.0672928
-151.654 8.18988 0.0613314
-149.741 8.2808 0.0572861
-147.791 8.35219 0.052465
-145.844 8.42066 0.0476738
-143.856 8.48278 0.0434037
-141.807 8.50879 0.0374247
-139.806 8.57956 0.0361699
-137.727 8.68415 0.0308441
-135.61 8.69722 0.0259162
-133.553 8.72785 0.0213486
-131.398 8.75959 0.0154711
-129.213 8.74388 0.00795397
-127.086 8.71271 0.00270232
-124.906 8.73085 -0.0010666
-122.664 8.73233 -0.00277153
-120.472 8.64314 -0.00820866
-118.238 8.63609 -0.0135521
-116.067 8.6249 -0.0156662
-113.845 8.56244 -0.0208751
-111.594 8.51731 -0.0250293
-109.365 8.51663 -0.0282766
-107.097 8.4965 -0.0311174
-104.827 8.46323 -0.0338148
-102.545 8.36019 -0.0346104
-100.276 8.27853 -0.0347041
-97.9838 8.23032 -0.0345437
-95.6885 8.13995 -0.0328523
-93.4748 8.1071 -0.0314073
-91.2211 7.93975 -0.0291113
-89.0057 7.86995 -0.0278257
-86.8617 7.75681 -0.0257696
-84.7127 7.62322 -0.0255608
-82.5734 7.53134 -0.02233
-80.4111 7.42021 -0.0223514
-78.2712 7.31044 -0.0221473
-76.1794 7.35546 -0.0223106
-74.0132 7.26999 -0.0261959
-71.9565 7.12756 -0.0265166
-69.9189 7.03642 -0.029962
-67.9653 7.00264 -0.0282821
-66.0099 6.99966 -0.0333366
-64.0581 6.86585 -0.0319704
-62.1454 6.77515 -0.0273708
-60.2545 6.66073 -0.0276827
-58.3048 6.44989 -0.0284585
-56.1774 6.64304 -0.0308692
-54.1336 6.51742 -0.0290407
-52.1679 6.33052 -0.0321108
-50.0863 6.29847 -0.0315639
-47.9825 6.17853 -0.0359134
-45.9358 5.99161 -0.0345379
-43.8299 5.85358 -0.0356113
-41.7204 5.75308 -0.0354516
-39.6686 5.67666 -0.0375878
-37.5498 5.53984 -0.0378591
-35.5116 5.47236 -0.0380737
-33.4074 5.35715 -0.0379812
-31.434 5.26133 -0.0359298
-29.4414 5.10192 -0.0349435
-27.4192 5.04195 -0.0323729
-25.3615 4.86161 -0.0329601
-23.4339 4.77649 -0.0307385
-21.5033 4.6558 -0.0285319
-19.5239 4.4978 -0.0255353
-17.4404 4.44921 -0.0171241
-15.5268 4.44456 -0.0191936
-13.6157 4.40051 -0.0173966
-11.6308 4.29677 -0.0177404
-9.73771 4.29485 -0.0190932
-7.76013 4.29643 -0.0220648
-5.79551 4.25754 -0.020455
-3.76145 4.19654 -0.0198177
-1.82437 4.13125 -0.01671
0.208119 4.09055 -0.0194158
2.15063 3.95909 -0.0194773
4.07969 3.84821 -0.0208041
6.03476 3.74853 -0.0205309
8.0853 3.67076 -0.0170387
10.0137 3.60175 -0.0147447
11.901 3.51975 -0.0154273
13.8405 3.49666 -0.0131609
15.7343 3.44613 -0.0097343
17.6166 3.40358 -0.00846949
19.4831 3.392 -0.00767151
21.2375 3.29399 -0.00772682
22.8834 3.1002 -0.0119578
24.7333 3.11049 -0.0106107
26.8359 3.29146 0.00219878
28.4974 3.11331 -0.00782147
30.1682 2.95063 -0.0164928
32.018 2.94274 -0.0158121
33.8583 2.93088 -0.0174703
35.6169 2.8739 -0.0150453
37.4144 2.8345 -0.0133688
39.2724 2.801 -0.00986782
41.1356 2.79676 -0.00724951
42.9583 2.77769 -0.0028638
44.7842 2.68596 0.00164541
46.6461 2.66461 0.00375876
48.5348 2.67097 0.00170979
50.4128 2.63805 0.00587138
52.2918 2.60751 0.00938424
54.2293 2.59216 0.0140057
56.1578 2.59937 0.0174366
58.0794 2.61789 0.0215052
60.0004 2.65274 0.0264634
61.9361 2.70487 0.0291062
63.8904 2.77905 0.0341795
65.7184 2.83809 0.0398723
67.5593 2.90441 0.0451389
69.3906 2.92035 0.051587
71.1804 3.09306 0.0519224
72.9666 3.15032 0.0477904
74.6796 3.25774 0.0432001
76.6596 3.21302 0.0465756
78.6385 3.11665 0.0623709
80.4152 3.34628 0.0457769
82.2238 3.5198 0.0340205
84.1428 3.50735 0.0355636
86.0223 3.52451 0.0328384
87.9679 3.53744 0.0335251
89.8752 3.54328 0.0348164
91.8168 3.56309 0.0391892
93.7638 3.56077 0.0434545
95.6812 3.71487 0.0463766
97.5504 3.78665 0.0498567
99.5542 3.88768 0.0551997
101.615 3.95957 0.0552228
103.669 4.0495 0.0555933
105.669 4.20103 0.0545247
107.682 4.30212 0.0541318
109.737 4.40755 0.0550893
111.788 4.5157 0.0555266
113.867 4.57285 0.057243
115.925 4.71739 0.0591625
118.026 4.83877 0.0595444
120.11 4.93461 0.0584467
122.194 5.0277 0.057437
124.241 5.14388 0.0553156
126.369 5.23548 0.0568357
128.449 5.32182 0.058178
130.62 5.42415 0.0604945
132.816 5.448 0.0597757
135.025 5.62631 0.0643271
137.249 5.80031 0.069862
139.4 5.99125 0.0693062
141.675 6.11196 0.0712341
143.87 6.30714 0.0718924
146.101 6.47156 0.0725273
148.339 6.62274 0.0731414
150.572 6.67496 0.0754777
152.802 6.79356 0.0781713
154.941 6.95981 0.0771347
157.009 7.07055 0.0753139
159.105 7.10911 0.0803293
161.134 7.30188 0.0860554
163.226 7.47796 0.0909203
165.314 7.61605 0.0966655
167.345 7.81586 0.100239
169.407 7.96708 0.10475
171.462 8.12293 0.108601
173.548 8.39912 0.11041
175.57 8.57387 0.113005
177.657 8.78816 0.113202
179.718 8.9761 0.113296
181.842 9.17288 0.115477
183.93 9.39286 0.11805
186.057 9.6133 0.122428
188.169 9.88512 0.127503
190.285 10.1301 0.129133
192.352 10.4299 0.131334
194.427 10.6909 0.138856
196.463 10.9318 0.14212
198.447 11.2194 0.146167
200.402 11.4856 0.147182
202.359 11.7675 0.148994
204.34 12.079 0.15342
206.141 12.3609 0.158499
207.94 12.6775 0.162621
209.878 13.0345 0.164572
211.649 13.3025 0.16639
213.37 13.6458 0.169989
215.209 13.9364 0.174307
217.099 14.2831 0.177095
218.946 14.5978 0.181819
220.822 14.9707 0.185802
222.779 15.3717 0.189052
224.703 15.6918 0.19403
226.646 16.1035 0.195684
228.517 16.4905 0.196962
230.465 16.8894 0.199531
232.271 17.2795 0.206596
234.129 17.6967 0.211151
235.961 18.1164 0.213313
237.741 18.5737 0.214258
239.612 18.9279 0.217329
241.369 19.3913 0.217515
243.08 19.708 0.221109
244.937 19.9301 0.230941
246.748 20.3361 0.233514
248.528 20.8171 0.237413
250.322 21.2552 0.241011
252.063 21.7409 0.243091
253.92 22.2107 0.245799
255.754 22.6677 0.248124
257.598 23.1427 0.249935
259.48 23.6403 0.252958
261.355 24.1293 0.256056
263.235 24.6007 0.260036
265.089 25.1165 0.265004
266.99 25.6532 0.268052
268.938 26.1643 0.27184
270.889 26.7041 0.273475
272.81 27.2071 0.275123
274.798 27.7584 0.276447
276.781 28.3403 0.279957
278.667 28.8885 0.282311
280.575 29.3715 0.288159
282.514 29.9027 0.29213
284.43 30.3896 0.299044
286.338 30.9258 0.302504
288.109 31.4833 0.308846
289.882 32.0456 0.31461
291.612 32.6182 0.320374
293.396 33.1501 0.326396
295.024 33.735 0.329376
296.641 34.3254 0.333501
298.263 34.9486 0.33838
300.189 35.5139 0.342741
301.778 36.0445 0.34657
303.271 36.6522 0.345299
304.941 37.2257 0.347073
306.505 37.7518 0.347496
308.04 38.2719 0.346803
309.563 38.8058 0.348434
311.079 39.372 0.349279
312.545 39.859 0.347854
313.913 40.3451 0.336635
315.268 40.7476 0.317629
316.532 41.1045 0.286072
317.853 41.3753 0.247897
319.092 41.5197 0.201899
320.197 41.6212 0.145115
321.226 41.5212 0.0820619
322.237 41.4618 0.0109964
323.232 41.2418 -0.0624124
324.179 40.9802 -0.148431
325.066 40.6598 -0.247255
325.98 40.1834 -0.350396
326.829 39.6044 -0.466846
327.57 38.9512 -0.592109
328.242 38.2218 -0.718924
328.698 37.3242 -0.846389
329.164 36.3869 -0.981149
329.427 35.4785 -1.11244
329.668 34.4602 -1.22682
329.946 33.4228 -1.30832
330.149 32.3815 -1.37091
330.295 31.2219 -1.41233
330.486 29.9987 -1.44136
330.566 28.6346 -1.46089
330.636 27.342 -1.47415
330.729 26.0002 -1.48641
330.823 24.5592 -1.48818
330.944 23.0911 -1.48931
331.048 21.6143 -1.48776
331.1 20.1441 -1.48562
331.193 18.5686 -1.48451
331.307 16.9966 -1.48145
331.45 15.3602 -1.47992
331.563 13.7562 -1.48029
331.684 12.0671 -1.48201
331.801 10.4147 -1.48372
331.94 8.69181 -1.48567
332.049 6.89206 -1.49021
332.238 5.10307 -1.49207
332.341 3.28156 -1.49023
332.484 1.3846 -1.4882
332.611 -0.524379 -1.48651
332.714 -2.4089 -1.48557
332.814 -4.29024 -1.48427
332.97 -6.26177 -1.48021
333.205 -8.31209 -1.48087
333.383 -10.3703 -1.47882
333.628 -12.4242 -1.47913
333.838 -14.4657 -1.48047
333.993 -16.6173 -1.48139
334.269 -18.6897 -1.48169
334.407 -20.7149 -1.48531
334.524 -22.6553 -1.48535
334.747 -24.6924 -1.48867
334.877 -26.6739 -1.48713
335.054 -28.5448 -1.4849
335.23 -30.3699 -1.48251
335.415 -32.0854 -1.48685
335.565 -33.7233 -1.48985
335.724 -35.3104 -1.48749
335.879 -36.8029 -1.4908
335.899 -38.2363 -1.48828
336.039 -39.6891 -1.48669
336.112 -41.1008 -1.48819
336.116 -42.4371 -1.49109
336.332 -44.0199 -1.48881
336.438 -45.6285 -1.48781
336.382 -46.9606 -1.49361
336.581 -48.5438 -1.49365
336.76 -50.2305 -1.49322
336.887 -51.7297 -1.49491
336.95 -53.3173 -1.49607
337.044 -54.9409 -1.4975
337.184 -56.5735 -1.49808
337.298 -58.1889 -1.49974
337.368 -59.8695 -1.49947
337.38 -61.5279 -1.49824
337.429 -63.1106 -1.49658
337.638 -64.7477 -1.49518
337.813 -66.3844 -1.49498
337.973 -67.8797 -1.49131
338.057 -69.3764 -1.48996
338.052 -70.8338 -1.49452
338.245 -72.4196 -1.49478
338.607 -74.1385 -1.49912
338.641 -75.6457 -1.50176
338.969 -77.0404 -1.51035
339.039 -78.6561 -1.51231
339.03 -80.1641 -1.51467
339.074 -81.6133 -1.52024
339.041 -83.168 -1.52104
339.11 -84.6103 -1.52314
339.077 -86.0942 -1.52133
339.111 -87.6734 -1.52059
339.187 -89.136 -1.52242
339.259 -90.6589 -1.52028
339.394 -92.2019 -1.51903
339.34 -93.6516 -1.51989
339.324 -95.2202 -1.5198
339.396 -96.7777 -1.5244
339.379 -98.3478 -1.52495
339.401 -99.8842 -1.52858
339.42 -101.421 -1.53232
339.393 -102.924 -1.53866
339.463 -104.37 -1.55214
339.41 -105.848 -1.56831
339.365 -107.292 -1.59619
339.167 -108.761 -1.62958
339.013 -110.195 -1.67126
338.722 -111.587 -1.71565
338.412 -112.942 -1.76127
338.124 -114.304 -1.8114
337.605 -115.647 -1.86299
337.094 -117.019 -1.91693
336.482 -118.285 -1.97352
335.789 -119.549 -2.03156
335.122 -120.793 -2.09574
334.266 -122.015 -2.15796
333.31 -123.115 -2.21846
332.285 -124.174 -2.27949
331.288 -125.182 -2.34218
330.129 -126.15 -2.39598
328.896 -127.036 -2.44476
327.552 -127.902 -2.49448
326.166 -128.704 -2.54525
324.784 -129.481 -2.59408
323.331 -130.222 -2.63992
321.929 -130.932 -2.68182
320.468 -131.577 -2.71859
318.926 -132.184 -2.74871
317.463 -132.749 -2.77264
315.962 -133.321 -2.79283
314.465 -133.868 -2.80657
313.077 -134.341 -2.81149
311.527 -134.918 -2.81232
309.882 -135.446 -2.80845
308.382 -135.944 -2.80613
306.768 -136.536 -2.80043
305.091 -137.094 -2.79367
303.483 -137.697 -2.78981
301.819 -138.294 -2.78564
300.099 -138.877 -2.78116
298.394 -139.566 -2.78045
296.689 -140.197 -2.77673
294.97 -140.841 -2.77618
293.235 -141.501 -2.77468
291.425 -142.176 -2.77405
289.624 -142.818 -2.77214
287.813 -143.501 -2.7736
285.986 -144.148 -2.7732
284.109 -144.838 -2.77212
282.243 -145.554 -2.76985
280.321 -146.281 -2.76851
278.385 -147.02 -2.76922
276.472 -147.748 -2.77041
274.535 -148.514 -2.76851
272.661 -149.244 -2.76551
270.742 -149.978 -2.76029
268.78 -150.767 -2.75505
266.838 -151.556 -2.74595
264.863 -152.35 -2.7359
262.952 -153.183 -2.72878
261.006 -154.049 -2.71869
259.072 -154.939 -2.70779
257.127 -155.847 -2.69589
255.218 -156.811 -2.68419
253.309 -157.719 -2.67227
251.413 -158.706 -2.65789
249.498 -159.716 -2.64608
247.626 -160.787 -2.63084
245.747 -161.884 -2.61706
243.803 -162.989 -2.60604
241.928 -164.105 -2.59919
240.05 -165.289 -2.59013
238.166 -166.439 -2.58475
236.306 -167.584 -2.57745
234.407 -168.817 -2.56847
232.616 -170.033 -2.55586
230.789 -171.177 -2.54723
228.964 -172.502 -2.53401
227.102 -173.781 -2.52141
225.282 -175.126 -2.51029
223.476 -176.489 -2.49598
221.673 -177.888 -2.48431
219.857 -179.267 -2.47165
218.102 -180.686 -2.45996
216.368 -182.131 -2.44514
214.673 -183.558 -2.43131
212.976 -185.046 -2.41984
211.343 -186.528 -2.40771
209.709 -188.062 -2.39622
208.089 -189.598 -2.38624
206.497 -191.089 -2.37529
204.964 -192.62 -2.36365
203.458 -194.17 -2.35215
201.959 -195.746 -2.33668
200.491 -197.293 -2.33144
199.194 -198.631 -2.32266
197.913 -199.951 -2.31949
196.746 -201.241 -2.31631
195.59 -202.461 -2.31429
194.537 -203.715 -2.31056
193.451 -204.839 -2.31199
192.511 -205.954 -2.3098
191.533 -207.06 -2.30846
190.666 -208.092 -2.30638
189.761 -209.098 -2.30204
188.856 -210.143 -2.28999
188.033 -211.191 -2.27281
187.151 -212.23 -2.24983
186.302 -213.348 -2.22853
185.488 -214.455 -2.20503
184.669 -215.626 -2.18396
183.925 -216.842 -2.16728
183.17 -218.015 -2.15346
182.395 -219.269 -2.14102
181.58 -220.467 -2.13056
180.806 -221.814 -2.12426
179.929 -223.226 -2.11797
179.158 -224.506 -2.11598
178.229 -225.875 -2.1141
177.328 -227.332 -2.11308
176.402 -228.861 -2.11235
175.486 -230.393 -2.11077
174.541 -231.933 -2.10946
173.595 -233.568 -2.10607
172.624 -235.294 -2.10318
171.607 -236.969 -2.09737
170.538 -238.723 -2.09586
169.51 -240.451 -2.09312
168.501 -242.193 -2.09218
167.455 -243.933 -2.09016
166.475 -245.693 -2.08709
165.437 -247.51 -2.08374
164.411 -249.387 -2.07334
163.43 -251.281 -2.06543
162.322 -253.229 -2.05218
161.262 -255.217 -2.03941
160.3 -257.207 -2.02994
159.257 -259.248 -2.01472
158.329 -261.346 -1.99928
157.414 -263.499 -1.98052
156.551 -265.685 -1.96313
155.811 -267.9 -1.94913
155.04 -270.087 -1.93441
154.231 -272.29 -1.92216
153.43 -274.51 -1.91023
152.72 -276.704 -1.90141
151.963 -278.965 -1.88976
151.22 -281.289 -1.88005
150.527 -283.558 -1.86873
149.907 -285.85 -1.85659
149.295 -288.182 -1.84389
148.615 -290.463 -1.83217
147.992 -292.816 -1.8233
147.406 -295.168 -1.80576
146.834 -297.536 -1.79301
146.341 -299.842 -1.77723
145.959 -302.182 -1.76274
145.66 -304.376 -1.74379
145.254 -306.658 -1.72667
144.941 -309.009 -1.70926
144.628 -311.222 -1.68804
144.401 -313.517 -1.66829
144.257 -315.719 -1.64425
144.199 -318.017 -1.6177
144.089 -320.291 -1.59333
144.067 -322.566 -1.57324
144.145 -324.817 -1.54896
144.228 -327.091 -1.52368
144.39 -329.406 -1.50036
144.589 -331.648 -1.48156
144.857 -333.966 -1.46323
145.123 -336.227 -1.44542
145.493 -338.47 -1.43317
145.849 -340.73 -1.42456
146.248 -343.041 -1.41534
146.671 -345.244 -1.40853
147.027 -347.496 -1.40537
147.39 -349.764 -1.4057
147.788 -352.006 -1.40702
148.086 -354.245 -1.41146
148.439 -356.488 -1.41581
148.714 -358.818 -1.41587
149.102 -361.081 -1.41912
149.44 -363.317 -1.42107
149.718 -365.549 -1.42634
150.046 -367.747 -1.42739
150.33 -369.908 -1.43428
150.606 -372.085 -1.44152
150.823 -374.269 -1.44826
151.051 -376.427 -1.45407
151.295 -378.534 -1.46266
151.496 -380.647 -1.46636
151.709 -382.801 -1.47082
151.901 -384.912 -1.48526
151.994 -387.007 -1.5035
152.062 -389.063 -1.52295
152.175 -391.059 -1.54391
152.15 -393.101 -1.57098
152.102 -395.013 -1.59656
151.961 -396.862 -1.62811
151.775 -398.677 -1.66301
151.483 -400.467 -1.70244
151.085 -402.19 -1.74641
150.663 -403.89 -1.79264
150.131 -405.534 -1.83577
149.652 -407.107 -1.87853
149.048 -408.661 -1.91935
148.4 -410.209 -1.96176
147.728 -411.546 -2.00087
147.031 -412.856 -2.04174
146.268 -414.048 -2.07987
145.526 -415.173 -2.11866
144.775 -416.282 -2.15858
144.011 -417.276 -2.19906
143.193 -418.259 -2.23865
142.337 -419.195 -2.27722
141.457 -420.202 -2.32054
140.556 -420.99 -2.36098
139.621 -421.736 -2.41078
138.606 -422.512 -2.45972
137.525 -423.243 -2.51145
136.441 -423.896 -2.56616
135.299 -424.525 -2.61906
134.11 -425.114 -2.66971
132.9 -425.601 -2.7194
131.635 -426.027 -2.76604
130.331 -426.459 -2.80003
128.965 -426.894 -2.82596
127.61 -427.319 -2.84531
126.18 -427.775 -2.8602
124.762 -428.155 -2.87507
123.268 -428.533 -2.88562
121.764 -428.865 -2.89333
120.243 -429.262 -2.89618
118.634 -429.679 -2.89409
117.023 -430.061 -2.89239
115.361 -430.446 -2.88966
113.795 -430.939 -2.88766
112.053 -431.325 -2.88461
110.404 -431.789 -2.88312
108.668 -432.206 -2.88097
107.011 -432.732 -2.88212
105.222 -433.25 -2.88181
103.44 -433.811 -2.88013
101.663 -434.25 -2.87501
99.8391 -434.78 -2.87226
97.9871 -435.367 -2.86876
96.1537 -435.949 -2.87344
94.2266 -436.422 -2.87394
92.284 -436.982 -2.87581
90.2859 -437.56 -2.87916
88.3085 -438.077 -2.8819
86.3249 -438.617 -2.8861
84.3379 -439.181 -2.89018
82.274 -439.702 -2.89231
80.2068 -440.227 -2.89303
78.1064 -440.786 -2.89337
75.9885 -441.343 -2.89293
73.8869 -441.942 -2.89176
71.7553 -442.518 -2.89152
69.6725 -443.089 -2.89103
67.6246 -443.621 -2.88998
65.6296 -444.154 -2.88952
63.6427 -444.703 -2.88765
61.6485 -445.238 -2.87929
59.729 -445.805 -2.87508
57.7589 -446.335 -2.86967
55.8111 -446.889 -2.86551
53.7172 -447.408 -2.86069
51.6883 -447.951 -2.86087
49.7552 -448.558 -2.85703
47.8046 -449.178 -2.85749
45.7906 -449.768 -2.85977
43.7904 -450.393 -2.85868
41.7637 -451.01 -2.8582
39.755 -451.614 -2.85788
37.7798 -452.156 -2.85653
35.8463 -452.761 -2.8553
33.92 -453.339 -2.85682
31.9809 -453.973 -2.85934
30.1023 -454.563 -2.85882
28.2944 -455.077 -2.86136
26.5958 -455.536 -2.8627
24.916 -456.022 -2.86469
23.2653 -456.432 -2.86366
21.7985 -456.867 -2.86871
20.1559 -457.304 -2.86656
18.5985 -457.759 -2.86568
17.0609 -458.224 -2.85844
15.5539 -458.68 -2.85513
13.9992 -459.188 -2.84802
12.521 -459.614 -2.83692
10.9405 -460.155 -2.82991
9.41265 -460.623 -2.82553
7.88436 -461.105 -2.82163
6.3645 -461.627 -2.81687
4.93084 -462.046 -2.8165
3.48722 -462.534 -2.81538
2.11309 -463.009 -2.81485
0.732415 -463.444 -2.81475
-0.542541 -463.868 -2.81062
-1.71024 -464.24 -2.80313
-2.73293 -464.709 -2.78959
-3.71009 -465.146 -2.76645
-4.65953 -465.575 -2.73143
-5.54711 -466.076 -2.68858
-6.37974 -466.628 -2.63595
-7.18689 -467.255 -2.57624
-7.98411 -467.938 -2.50769
-8.64658 -468.672 -2.43696
-9.2901 -469.41 -2.36126
-9.97265 -470.253 -2.28129
-10.4822 -471.105 -2.20126
-10.9459 -472.004 -2.11801
-11.3572 -472.957 -2.03368
-11.6653 -474.038 -1.95009
-11.852 -475.057 -1.86778
-12.0108 -476.116 -1.78222
-12.041 -477.194 -1.70252
-12.0309 -478.262 -1.62091
-11.9353 -479.379 -1.54406
-11.7214 -480.407 -1.4785
-11.4671 -481.495 -1.42178
-11.1876 -482.631 -1.37399
-10.8722 -483.762 -1.33375
-10.4743 -484.923 -1.30597
-10.0798 -486.114 -1.28536
-9.70783 -487.257 -1.26957
-9.31291 -488.479 -1.25646
-8.87695 -489.669 -1.24682
-8.43814 -490.875 -1.23635
-7.97643 -492.113 -1.23183
-7.6011 -493.369 -1.22843
-7.11716 -494.648 -1.22689
-6.68093 -495.975 -1.22759
-6.19295 -497.307 -1.23075
-5.74534 -498.66 -1.2361
-5.3041 -500.023 -1.24146
-4.8111 -501.431 -1.24701
-4.31872 -502.837 -1.25253
-3.83218 -504.261 -1.25662
-3.37073 -505.752 -1.25916
-2.85945 -507.276 -1.25784
-2.38003 -508.82 -1.25666
-1.90435 -510.376 -1.25519
-1.4126 -511.988 -1.25118
-0.885748 -513.522 -1.24817
-0.378353 -515.085 -1.24628
0.159072 -516.738 -1.24376
0.76112 -518.304 -1.24243
1.30752 -519.924 -1.23971
1.87287 -521.622 -1.23612
2.45887 -523.278 -1.23312
3.01993 -524.995 -1.23171
3.64138 -526.692 -1.23108
4.31819 -528.433 -1.23126
4.90205 -530.175 -1.23431
5.47116 -531.991 -1.23449
6.09757 -533.772 -1.2351
6.70179 -535.524 -1.23608
7.32143 -537.343 -1.23778
7.96239 -539.075 -1.23781
8.5155 -540.913 -1.238
9.06278 -542.664 -1.23983
9.63938 -544.412 -1.242
10.1844 -546.189 -1.24241
10.7616 -547.91 -1.24284
11.2848 -549.693 -1.2417
11.8979 -551.417 -1.23931
12.4575 -553.141 -1.23698
13.0496 -554.869 -1.23201
13.6615 -556.616 -1.2235
14.2534 -558.316 -1.21417
14.919 -560.034 -1.20352
15.6145 -561.785 -1.19419
16.2516 -563.482 -1.18634
16.9579 -565.248 -1.17911
17.71 -566.938 -1.17282
18.4091 -568.64 -1.1721
19.0927 -570.456 -1.16833
19.8019 -572.196 -1.16977
20.4686 -573.927 -1.17121
21.1934 -575.7 -1.17673
21.885 -577.444 -1.17735
22.5641 -579.235 -1.18172
23.2514 -580.981 -1.1829
23.9225 -582.723 -1.18566
24.5256 -584.497 -1.19191
25.1884 -586.282 -1.19529
25.8692 -587.993 -1.19572
26.5102 -589.817 -1.1939
27.1991 -591.556 -1.19506
27.8156 -593.278 -1.19931
28.4981 -595.033 -1.1972
29.1903 -596.793 -1.19582
29.8595 -598.484 -1.19322
30.5934 -600.233 -1.18957
31.3053 -601.94 -1.185
31.9025 -603.672 -1.1874
32.5372 -605.403 -1.18642
33.2042 -607.11 -1.18559
33.8894 -608.83 -1.18242
34.5676 -610.514 -1.17963
35.2822 -612.186 -1.17747
35.9498 -613.881 -1.17576
36.6 -615.517 -1.17361
37.237 -617.121 -1.17287
37.9202 -618.671 -1.17088
38.5798 -620.285 -1.16681
39.2369 -621.768 -1.16661
39.8868 -623.323 -1.16658
40.4804 -624.803 -1.16833
41.1116 -626.274 -1.17
41.7633 -627.761 -1.17752
42.3046 -629.202 -1.19059
42.9036 -630.566 -1.20892
43.3755 -631.953 -1.23862
43.7679 -633.37 -1.28623
43.9815 -634.823 -1.34576
44.0404 -636.157 -1.41748
43.9379 -637.539 -1.49755
43.8539 -638.894 -1.57701
43.6563 -640.227 -1.65862
43.3332 -641.571 -1.73931
42.9907 -642.739 -1.82171
42.5023 -643.863 -1.9031
41.9579 -645.058 -1.98605
41.2865 -646.153 -2.06202
40.5638 -647.304 -2.12368
39.82 -648.367 -2.17807
38.983 -649.349 -2.23356
38.0329 -650.358 -2.28291
37.0308 -651.319 -2.32291
36.0701 -652.257 -2.35183
35.0531 -653.283 -2.37022
33.9459 -654.248 -2.3812
32.8825 -655.219 -2.38915
31.7825 -656.2 -2.39462
30.7039 -657.212 -2.39887
29.5097 -658.233 -2.40563
28.4255 -659.256 -2.40867
27.2975 -660.26 -2.41195
26.1386 -661.336 -2.41457
24.9574 -662.393 -2.41519
23.7904 -663.45 -2.41695
22.5496 -664.506 -2.41564
21.3352 -665.633 -2.41576
20.08 -666.759 -2.41551
18.8714 -667.91 -2.41531
17.5703 -669.07 -2.41263
16.2709 -670.222 -2.41169
14.9244 -671.406 -2.40836
13.5597 -672.639 -2.4081
12.1618 -673.878 -2.40953
10.7484 -675.084 -2.40969
9.33961 -676.272 -2.40552
7.91648 -677.562 -2.4052
6.47735 -678.834 -2.40498
5.08111 -680.134 -2.40222
3.55851 -681.482 -2.39842
2.05734 -682.827 -2.39592
0.563339 -684.189 -2.38999
-0.912608 -685.538 -2.39051
-2.42752 -686.983 -2.38757
-3.95904 -688.396 -2.3849
-5.53921 -689.891 -2.38652
-7.15948 -691.403 -2.38604
-8.71816 -692.931 -2.3871
-10.3965 -694.483 -2.3848
-12.1268 -695.966 -2.38987
-13.7978 -697.489 -2.39667
-15.5874 -699.002 -2.39876
-17.3444 -700.547 -2.4024
-19.1053 -702.117 -2.40651
-20.9141 -703.736 -2.41145
-22.6702 -705.287 -2.41405
-24.4343 -706.846 -2.41854
-26.1788 -708.374 -2.42424
-27.9338 -709.926 -2.42793
-29.6255 -711.362 -2.43036
-31.3854 -712.808 -2.43908
-33.2116 -714.36 -2.44285
-34.9723 -715.749 -2.44855
-36.7913 -717.227 -2.45268
-38.5652 -718.661 -2.45568
-40.3663 -720.158 -2.45863
-42.0615 -721.485 -2.46331
-43.8689 -722.888 -2.47461
-45.6344 -724.168 -2.49786
-47.3795 -725.382 -2.52554
-49.2613 -726.635 -2.55328
-51.1846 -727.835 -2.58137
-53.1105 -728.966 -2.60964
-55.0083 -730.06 -2.6394
-57.0654 -731.113 -2.66658
-59.0805 -732.171 -2.69188
-61.1713 -733.189 -2.71224
-63.311 -734.113 -2.72885
-65.4022 -734.997 -2.73968
-67.488 -735.869 -2.74776
-69.6275 -736.719 -2.75214
-71.6194 -737.611 -2.75454
-73.665 -738.426 -2.75698
-75.667 -739.247 -2.75917
-77.6752 -740.062 -2.75978
-79.6339 -740.854 -2.7601
-81.5952 -741.605 -2.75946
-83.5334 -742.403 -2.75674
-85.3985 -743.195 -2.75269
-87.3024 -744.033 -2.75022
-89.2053 -744.821 -2.7487
-91.1044 -745.636 -2.74804
-93.0641 -746.444 -2.74759
-94.8853 -747.141 -2.74902
-96.7336 -747.925 -2.75517
-98.5574 -748.647 -2.76534
-100.439 -749.317 -2.77965
-102.342 -749.986 -2.79751
-104.311 -750.626 -2.81638
-106.21 -751.192 -2.8448
-108.141 -751.689 -2.87411
-110.14 -752.105 -2.91082
-112.119 -752.49 -2.94701
-114.069 -752.726 -2.98391
-116.06 -752.922 -3.02139
-118.029 -753.066 -3.05753
-120.004 -753.122 -3.08904
-121.931 -753.021 -3.11464
-123.961 -752.935 -3.13512
-125.835 -752.884 3.12413
-127.766 -752.722 3.09523
-129.855 -752.557 3.06529
-131.804 -752.285 3.03286
-133.777 -751.957 2.9977
-135.754 -751.511 2.96102
-137.769 -751.027 2.92129
-139.739 -750.482 2.87748
-141.715 -749.836 2.839
-143.664 -749.115 2.8053
-145.432 -748.351 2.7779
-147.247 -747.531 2.75097
-149.161 -746.628 2.72565
-150.953 -745.779 2.70067
-152.733 -744.887 2.67141
-154.486 -743.942 2.63998
-156.247 -742.891 2.61106
-157.958 -741.817 2.58227
-159.622 -740.669 2.55681
-161.201 -739.473 2.52646
-162.759 -738.204 2.49854
-164.332 -736.955 2.46968
-165.911 -735.586 2.44597
-167.461 -734.255 2.42436
-168.987 -732.831 2.40802
-170.497 -731.373 2.39279
-172.053 -729.899 2.38034
-173.625 -728.457 2.35809
-175.092 -726.937 2.34303
-176.563 -725.378 2.32647
-178.068 -723.785 2.30772
-179.462 -722.149 2.28809
-180.832 -720.529 2.26777
-182.159 -718.899 2.24582
-183.423 -717.21 2.22088
-184.671 -715.514 2.19293
-185.816 -713.827 2.16489
-186.942 -712.049 2.13125
-188.044 -710.22 2.09973
-189.036 -708.482 2.06666
-189.939 -706.68 2.03967
-190.813 -704.846 2.00911
-191.617 -702.944 1.98275
-192.378 -701.097 1.95296
-193.106 -699.165 1.92568
-193.799 -697.219 1.90623
-194.484 -695.257 1.89005
-195.117 -693.301 1.87909
-195.713 -691.362 1.86516
-196.248 -689.455 1.85092
-196.795 -687.612 1.83774
-197.28 -685.781 1.82199
-197.709 -683.827 1.81441
-198.141 -681.965 1.80519
-198.556 -680.055 1.79486
-198.939 -678.213 1.77504
-199.227 -676.391 1.75384
-199.407 -674.624 1.72416
-199.521 -672.877 1.68823
-199.566 -671.23 1.64274
-199.591 -669.588 1.59825
-199.458 -667.925 1.54857
-199.303 -666.132 1.49702
-199.09 -664.358 1.44592
-198.761 -662.594 1.39743
-198.417 -660.875 1.34944
-198.016 -659.109 1.31001
-197.446 -657.368 1.28249
-196.812 -655.531 1.26433
-196.279 -653.728 1.24805
-195.692 -651.885 1.23189
-195.056 -650.107 1.21524
-194.366 -648.419 1.20608
-193.609 -646.604 1.1901
-192.781 -644.843 1.18064
-192.036 -643.123 1.17105
-191.237 -641.4 1.15834
-190.447 -639.756 1.14489
-189.623 -638.128 1.13433
-188.809 -636.414 1.11971
-187.957 -634.833 1.10297
-187.078 -633.245 1.08824
-186.238 -631.712 1.07378
-185.381 -630.208 1.05247
-184.554 -628.823 1.03007
-183.667 -627.493 1.01097
-182.712 -626.271 0.99216
-181.939 -625.031 0.970493
-181.003 -623.858 0.945792
-180.128 -622.691 0.915075
-179.191 -621.529 0.881874
-178.115 -620.501 0.837032
-177.004 -619.422 0.78784
-175.935 -618.464 0.736319
-174.795 -617.606 0.684061
-173.597 -616.675 0.629019
-172.347 -615.869 0.573893
-171.015 -615.176 0.521106
-169.681 -614.497 0.477168
-168.244 -613.881 0.445115
-166.783 -613.224 0.415088
-165.288 -612.643 0.388979
-163.768 -612.039 0.371049
-162.208 -611.479 0.360229
-160.66 -610.934 0.352455
-159.048 -610.401 0.346262
-157.479 -609.854 0.339697
-155.883 -609.27 0.337791
-154.289 -608.697 0.337191
-152.783 -608.164 0.338194
-151.259 -607.674 0.342276
-149.796 -607.127 0.348049
-148.319 -606.578 0.35386
-146.888 -606.091 0.361939
-145.466 -605.533 0.372124
-144.019 -604.983 0.384789
-142.651 -604.411 0.397438
-141.299 -603.797 0.418971
-139.99 -603.187 0.44967
-138.746 -602.483 0.487264
-137.536 -601.75 0.5307
-136.419 -600.955 0.583418
-135.25 -600.077 0.649831
-134.286 -599.131 0.725899
-133.402 -598.079 0.810713
-132.663 -596.925 0.899256
-132.148 -595.768 0.992892
-131.504 -594.506 1.09346
-131.201 -593.153 1.19162
-130.868 -591.692 1.29188
-130.65 -590.224 1.39088
-130.556 -588.624 1.47636
-130.471 -587.001 1.54421
-130.471 -585.449 1.6031
-130.646 -583.925 1.6561
-130.845 -582.401 1.70809
-131.197 -580.924 1.75583
-131.598 -579.37 1.80506
-132.081 -577.854 1.85248
-132.522 -576.332 1.89231
-133.094 -574.816 1.92332
-133.761 -573.285 1.94387
-134.488 -571.706 1.9616
-135.253 -570.081 1.97463
-135.938 -568.52 1.98604
-136.671 -566.921 1.98763
-137.362 -565.342 1.98983
-138.08 -563.78 1.99007
-138.762 -562.22 1.98968
-139.425 -560.683 1.98696
-140.103 -559.14 1.98254
-140.735 -557.69 1.9805
-141.337 -556.31 1.97868
-141.885 -555.013 1.97515
-142.37 -553.839 1.97443
-142.795 -552.789 1.9754
-143.253 -551.807 1.97784
-143.664 -550.896 1.97959
-144.067 -550.017 1.98218
-144.488 -549.067 1.98431
-144.878 -548.195 1.98614
-145.276 -547.251 1.99062
-145.748 -546.324 1.99606
-146.146 -545.438 2.00177
-146.612 -544.528 2.00671
-147.048 -543.659 2.01267
-147.466 -542.815 2.01931
-147.836 -542.06 2.02443
-148.168 -541.394 2.02803
-148.431 -540.812 2.03229
-148.689 -540.35 2.03636
-148.937 -539.873 2.04044
-149.167 -539.418 2.045
-149.404 -538.923 2.05427
-149.707 -538.473 2.06694
-150.049 -537.989 2.08857
-150.379 -537.597 2.12967
-150.75 -537.143 2.18681
-151.244 -536.71 2.25477
-151.759 -536.269 2.33479
-152.398 -535.845 2.42109
-153.083 -535.464 2.5176
-153.86 -535.103 2.61841
-154.745 -534.86 2.72377
-155.66 -534.709 2.83035
-156.639 -534.635 2.93248
-157.656 -534.646 3.03289
-158.708 -534.687 3.12449
-159.782 -534.938 -3.07031
-160.923 -535.167 -2.99198
-162.155 -535.457 -2.93263
-163.333 -535.859 -2.88353
-164.49 -536.319 -2.84686
-165.752 -536.807 -2.82003
-167.003 -537.268 -2.80062
-168.266 -537.84 -2.78957
-169.635 -538.409 -2.78184
-171.048 -538.905 -2.78087
-172.385 -539.462 -2.78706
-173.853 -539.988 -2.79213
-175.353 -540.513 -2.79146
-176.85 -541.094 -2.79953
-178.467 -541.661 -2.80776
-180.076 -542.198 -2.81842
-181.746 -542.667 -2.83264
-183.418 -543.138 -2.84753
-185.164 -543.647 -2.86628
-186.885 -544.114 -2.88516
-188.661 -544.521 -2.90876
-190.435 -544.917 -2.93601
-192.363 -545.258 -2.95803
-194.233 -545.578 -2.97922
-196.051 -545.842 -3.00039
-197.99 -546.012 -3.01522
-199.89 -546.237 -3.03149
-201.782 -546.428 -3.04896
-203.698 -546.546 -3.0644
-205.653 -546.652 -3.08075
-207.637 -546.738 -3.1029
-209.639 -546.71 -3.12753
-211.66 -546.681 3.13169
-213.697 -546.615 3.10914
-215.874 -546.456 3.08462
-217.946 -546.303 3.0614
-220.061 -546.029 3.03997
-222.175 -545.669 3.01744
-224.31 -545.313 2.99275
-226.431 -544.882 2.966
-228.52 -544.467 2.94268
-230.712 -544.012 2.92367
-232.883 -543.477 2.89819
-235.067 -542.907 2.87226
-237.249 -542.189 2.85149
-239.355 -541.44 2.82218
-241.571 -540.618 2.79563
-243.757 -539.759 2.7702
-245.904 -538.824 2.74509
-248.139 -537.801 2.71855
-250.249 -536.734 2.69564
-252.365 -535.592 2.67257
-254.444 -534.422 2.64905
-256.523 -533.174 2.62535
-258.638 -531.869 2.599
-260.746 -530.512 2.57795
-262.795 -529.124 2.55075
-264.76 -527.629 2.5221
-266.659 -526.078 2.49263
-268.628 -524.518 2.46132
-270.484 -522.862 2.42843
-272.318 -521.193 2.39769
-274.093 -519.451 2.36855
-275.808 -517.657 2.34024
-277.56 -515.771 2.31042
-279.257 -513.858 2.28196
-280.89 -511.869 2.2532
-282.468 -509.867 2.22367
-283.981 -507.814 2.19325
-285.444 -505.701 2.16727
-286.85 -503.547 2.14764
-288.241 -501.304 2.13131
-289.582 -499.121 2.11563
-290.871 -496.827 2.10695
-292.223 -494.592 2.10444
-293.525 -492.314 2.10404
-294.897 -490.064 2.10079
-296.214 -487.761 2.09565
-297.525 -485.511 2.09103
-298.884 -483.175 2.08518
-300.219 -480.815 2.08573
-301.52 -478.411 2.08184
-302.819 -476.058 2.07624
-304.103 -473.728 2.07216
-305.377 -471.309 2.07382
-306.684 -468.91 2.0761
-308.032 -466.488 2.08086
-309.416 -464.051 2.08553
-310.712 -461.68 2.08988
-312.085 -459.276 2.09382
-313.393 -456.96 2.09544
-314.722 -454.638 2.09677
-316.089 -452.361 2.09844
-317.397 -450.059 2.10077
-318.767 -447.843 2.1004
-320.142 -445.534 2.09502
-321.462 -443.328 2.08969
-322.728 -441.07 2.08728
-324.023 -438.83 2.08351
-325.273 -436.518 2.08317
-326.545 -434.279 2.08331
-327.872 -432.013 2.08496
-329.097 -429.781 2.08782
-330.445 -427.527 2.08706
-331.644 -425.305 2.08928
-332.805 -423.11 2.09241
-334.016 -420.851 2.09476
-335.218 -418.671 2.097
-336.464 -416.608 2.09804
-337.642 -414.499 2.09898
-338.812 -412.36 2.1003
-340 -410.338 2.10497
-341.187 -408.346 2.10898
-342.285 -406.326 2.11092
-343.374 -404.435 2.1093
-344.336 -402.636 2.11505
-345.335 -400.9 2.11425
-346.345 -399.249 2.1163
-347.286 -397.64 2.11511
-348.149 -396.139 2.11745
-348.998 -394.619 2.12023
-349.821 -393.171 2.12177
-350.607 -391.839 2.12497
-351.481 -390.359 2.12066
-352.304 -388.961 2.12263
-352.978 -387.517 2.13507
-353.799 -386.112 2.13499
-354.653 -384.715 2.12214
-355.523 -383.356 2.12563
-356.337 -381.942 2.125
-357.115 -380.5 2.12498
-357.987 -379.059 2.12003
-358.863 -377.599 2.12042
-359.695 -376.179 2.1184
-360.516 -374.8 2.11929
-361.321 -373.318 2.11861
-362.134 -371.857 2.12001
-362.948 -370.455 2.12201
-363.781 -368.993 2.12248
-364.581 -367.529 2.12118
-365.438 -366.165 2.12331
-366.298 -364.754 2.12473
-367.131 -363.415 2.12791
-367.96 -362.115 2.13143
-368.747 -360.767 2.135
-369.61 -359.478 2.13876
-370.467 -358.367 2.13816
-371.204 -357.077 2.13766
-372.249 -355.645 2.13021
-373.05 -354.338 2.12817
-373.881 -353.025 2.12473
-374.694 -351.688 2.12951
-375.492 -350.364 2.12849
-376.28 -348.971 2.12747
-377.137 -347.621 2.12661
-377.944 -346.254 2.12501
-378.838 -344.938 2.12151
-379.638 -343.561 2.11894
-380.516 -342.136 2.11548
-381.297 -340.76 2.11092
-382.218 -339.35 2.11106
-383.021 -337.889 2.11077
-383.869 -336.446 2.11073
-384.741 -334.98 2.11016
-385.604 -333.481 2.10982
-386.486 -331.937 2.10842
-387.322 -330.503 2.10631
-388.186 -328.995 2.1072
-389.097 -327.467 2.11061
-389.997 -325.975 2.11299
-390.921 -324.47 2.11528
-391.79 -323.033 2.1158
-392.606 -321.545 2.11592
-393.437 -320.141 2.1081
-394.369 -318.628 2.11347
-395.276 -317.066 2.1092
-396.138 -315.724 2.10002
-397.214 -314.179 2.0973
-398.067 -312.665 2.09539
-399.061 -311.092 2.09699
-400.069 -309.515 2.09795
-401.061 -307.906 2.09662
-401.996 -306.251 2.09511
-402.874 -304.515 2.09385
-403.786 -302.91 2.08915
-404.667 -301.209 2.08618
-405.556 -299.53 2.07798
-406.483 -297.781 2.07081
-407.341 -296.031 2.06017
-408.202 -294.197 2.04161
-409.015 -292.324 2.02008
-409.779 -290.5 1.99939
-410.53 -288.593 1.97699
-411.247 -286.674 1.95349
-411.991 -284.685 1.92962
-412.674 -282.656 1.90223
-413.276 -280.622 1.87287
-413.864 -278.514 1.84328
-414.388 -276.358 1.8125
-414.834 -274.183 1.77935
-415.194 -271.988 1.7465
-415.522 -269.82 1.71555
-415.757 -267.673 1.68683
-415.971 -265.471 1.66707
-416.124 -263.229 1.64454
-416.254 -260.887 1.62653
-416.273 -258.546 1.61131
-416.332 -256.337 1.59656
-416.351 -254.042 1.58717
-416.304 -251.817 1.58492
-416.211 -249.507 1.5795
-416.211 -247.239 1.57719
-416.135 -245.018 1.57482
-416.128 -242.785 1.57792
-416.124 -240.498 1.58219
-416.176 -238.235 1.58937
-416.188 -235.933 1.59946
-416.273 -233.678 1.61167
-416.439 -231.509 1.62112
-416.551 -229.395 1.63266
-416.718 -227.261 1.64557
-416.848 -225.126 1.66004
-417.033 -223.097 1.67291
-417.311 -221.019 1.69211
-417.573 -218.885 1.71188
-417.903 -216.968 1.7343
-418.28 -215.013 1.75896
-418.694 -213.016 1.7816
-419.181 -211.056 1.80831
-419.682 -209.136 1.83262
-420.163 -207.351 1.85455
-420.722 -205.639 1.88002
-421.274 -203.969 1.90428
-421.883 -202.372 1.92709
-422.53 -200.75 1.94849
-423.17 -199.224 1.96415
-423.713 -197.698 1.9743
-424.395 -196.229 1.9826
-424.893 -194.922 1.98603
-425.508 -193.606 1.98436
-426.068 -192.317 1.98313
-426.654 -190.895 1.9806
-427.255 -189.636 1.96981
-427.853 -188.352 1.95956
-428.283 -187.225 1.93956
-428.67 -186.143 1.91022
-428.958 -185.078 1.87857
-429.171 -184.192 1.84224
-429.361 -183.356 1.80613
-429.444 -182.626 1.76903
-429.541 -181.894 1.729
-429.596 -181.171 1.68557
-429.582 -180.478 1.63922
-429.529 -179.727 1.58837
-429.445 -178.952 1.53531
-429.34 -178.189 1.48083
-429.184 -177.387 1.41459
-428.927 -176.558 1.34301
-428.564 -175.712 1.26712
-428.067 -174.889 1.185
-427.595 -174.01 1.10536
-426.934 -173.169 1.02133
-426.229 -172.347 0.941867
-425.404 -171.484 0.86082
-424.52 -170.7 0.781367
-423.456 -169.931 0.716918
-422.313 -169.16 0.672607
-421.157 -168.323 0.63822
-419.988 -167.522 0.613499
-418.704 -166.708 0.598947
-417.384 -165.853 0.583947
-416.056 -164.992 0.573386
-414.613 -164.132 0.565199
-413.182 -163.259 0.562231
-411.726 -162.344 0.565394
-410.229 -161.332 0.564865
-408.702 -160.273 0.568562
-407.089 -159.305 0.569804
-405.546 -158.27 0.569745
-403.922 -157.224 0.571385
-402.264 -156.193 0.572424
-400.62 -155.113 0.574728
-398.959 -154.033 0.571543
-397.223 -152.925 0.574461
-395.475 -151.778 0.574979
-393.695 -150.702 0.573347
-391.894 -149.511 0.574782
-390.078 -148.363 0.574857
-388.204 -147.256 0.574167
-386.319 -146.075 0.572592
-384.452 -144.936 0.571229
-382.501 -143.687 0.573021
-380.621 -142.464 0.574554
-378.708 -141.299 0.574674
-376.777 -140.082 0.577551
-374.751 -138.828 0.577841
-372.83 -137.566 0.576233
-370.835 -136.299 0.578782
-368.788 -135.02 0.58066
-366.766 -133.76 0.579608
-364.723 -132.499 0.579315
-362.769 -131.236 0.576856
-360.736 -129.914 0.573552
-358.716 -128.712 0.575354
-356.717 -127.479 0.572718
-354.77 -126.246 0.570369
-352.826 -125.015 0.568345
-350.888 -123.784 0.564425
-348.953 -122.678 0.562909
-347.022 -121.495 0.561346
-345.239 -120.314 0.560624
-343.303 -119.13 0.562874
-341.443 -118.005 0.564534
-339.592 -116.909 0.564593
-337.74 -115.8 0.56556
-335.937 -114.67 0.565442
-334.094 -113.578 0.564497
-332.256 -112.479 0.564854
-330.406 -111.39 0.566114
-328.632 -110.287 0.564163
-326.924 -109.18 0.559425
-325.122 -108.117 0.551888
-323.452 -107.1 0.550869
-321.711 -106.085 0.547059
-319.947 -105.033 0.54583
-318.13 -103.978 0.544081
-316.318 -102.909 0.539553
-314.459 -101.904 0.533313
-312.559 -100.842 0.527691
-310.627 -99.8204 0.519502
-308.696 -98.7308 0.5108
-306.695 -97.6671 0.503219
-304.683 -96.6209 0.497647
-302.7 -95.5604 0.490411
-300.668 -94.5105 0.483802
-298.621 -93.4453 0.477042
-296.554 -92.4404 0.470201
-294.426 -91.3698 0.465001
-292.294 -90.3749 0.463558
-290.077 -89.3071 0.460028
-287.984 -88.2228 0.457871
-285.828 -87.1846 0.456877
-283.632 -86.083 0.453606
-281.44 -84.967 0.451768
-279.221 -83.8941 0.4501
-276.959 -82.7653 0.449018
-274.694 -81.6798 0.448506
-272.491 -80.5526 0.447258
-270.283 -79.4584 0.446794
-268.03 -78.3832 0.444941
-265.741 -77.3265 0.448332
-263.515 -76.3017 0.449828
-261.235 -75.2472 0.450943
-258.932 -74.1207 0.454923
-256.758 -73.0217 0.45755
-254.496 -71.9192 0.460814
-252.247 -70.9466 0.460117
-250.098 -69.8376 0.457534
-247.916 -68.842 0.458002
-245.842 -67.7614 0.45194
-243.586 -66.7058 0.450158
-241.425 -65.7874 0.446488
-239.245 -64.7702 0.441957
-237.115 -63.7453 0.439425
-235.063 -62.9458 0.437634
-232.85 -61.7281 0.437788
-230.673 -60.9322 0.43571
-228.667 -60.3513 0.434396
-226.48 -59.2402 0.437517
-224.401 -58.3605 0.435973
-222.267 -57.4921 0.436246
-220.141 -56.6019 0.439951
-218.045 -55.6234 0.442352
-215.948 -54.6159 0.43989
-213.885 -53.696 0.441124
-211.788 -52.7946 0.443333
-209.748 -51.8611 0.4424
-207.699 -50.9162 0.446024
-205.67 -49.9805 0.44375
-203.664 -49.0897 0.445818
-201.733 -48.1602 0.445593
-199.766 -47.1663 0.445636
-197.819 -46.2817 0.451702
-195.689 -45.3998 0.459487
-193.923 -44.3656 0.45764
-191.871 -43.3782 0.45419
-189.809 -42.4875 0.458427
-187.904 -41.4663 0.459762
-185.843 -40.4871 0.462298
-183.772 -39.4795 0.465568
-181.809 -38.4847 0.464162
-179.77 -37.5461 0.4634
-177.755 -36.5637 0.460988
-175.751 -35.6302 0.461163
-173.767 -34.7052 0.461326
-171.787 -33.7501 0.461071
-169.804 -32.7885 0.460819
-167.864 -31.8386 0.460727
-165.967 -30.9578 0.459424
-164.075 -30.0326 0.457608
-162.222 -29.1398 0.45537
-160.382 -28.2984 0.452354
-158.666 -27.7327 0.444686
-156.847 -26.7788 0.449895
-154.984 -25.6986 0.456798
-153.309 -25.4036 0.43106
-151.314 -24.4274 0.436389
-149.314 -23.4741 0.44099
-147.438 -22.5912 0.443914
-145.506 -21.6707 0.44717
-143.52 -20.7454 0.451625
-141.541 -19.7542 0.45464
-139.583 -18.8043 0.458874
-137.553 -17.8406 0.459221
-135.582 -16.8984 0.465714
-133.63 -15.8999 0.469981
-131.679 -14.9433 0.475639
-129.796 -13.9715 0.479595
-127.877 -13.0347 0.481526
-126.004 -12.0389 0.487056
-124.198 -11.0535 0.491937
-122.396 -10.0785 0.496606
-120.653 -9.11823 0.502321
-118.93 -8.15213 0.506692
-117.14 -7.22992 0.510052
-115.458 -6.2933 0.515249
-113.735 -5.36122 0.518757
-112.009 -4.38634 0.515131
-110.074 -3.41589 0.516071
-107.871 -2.42862 0.535939
-106.195 -1.28685 0.520194
-104.414 -0.194065 0.507283
-102.514 0.79292 0.504614
-100.635 1.77277 0.504181
-98.6615 2.81873 0.510319
-96.7786 3.87793 0.511554
-94.9379 4.91101 0.512117
-93.0439 5.97379 0.513501
-91.0681 7.07052 0.514379
-89.0831 8.18736 0.516249
-87.1428 9.2831 0.516853
-85.0856 10.4316 0.518461
-83.0673 11.585 0.520999
-81.0117 12.7771 0.52684
-78.9405 13.9393 0.530359
-76.8549 15.1011 0.531328
-74.7326 16.2831 0.531572
-72.6258 17.5066 0.533592
-70.6089 18.6843 0.537106
-68.5682 19.8041 0.538023
-66.4488 20.9749 0.538765
-64.394 22.1021 0.537904
-62.3826 23.2337 0.538361
-60.3525 24.3622 0.540878
-58.59 25.4827 0.535857
-56.5993 26.8866 0.539086
-54.5009 28.0161 0.542368
-52.6095 29.1306 0.540366
-50.5906 30.4444 0.539794
-48.488 31.6444 0.541405
-46.3983 32.8127 0.543438
-44.3573 34.0232 0.542857
-42.2901 35.2232 0.542644
-40.2149 36.3808 0.543552
-38.1709 37.576 0.54403
-36.1702 38.6983 0.543772
-34.2276 39.9178 0.546425
-32.2495 41.043 0.548683
-30.2875 42.2314 0.554033
-28.4091 43.3936 0.559044
-26.5108 44.5255 0.56422
-24.6333 45.6904 0.566407
-22.7959 46.8414 0.568739
-20.9462 48.0527 0.567851
-19.075 49.202 0.571811
-17.1665 50.3809 0.571575
-15.2045 51.6159 0.573186
-13.2692 52.8437 0.57547
-11.2943 54.0635 0.578726
-9.44168 55.2653 0.581176
-7.61237 56.4577 0.58206
-5.75958 57.6612 0.584417
-3.89498 58.8664 0.588609
-2.0808 60.0004 0.58896
-0.235134 61.25 0.597715
1.59769 62.5216 0.608107
3.42367 63.7039 0.614789
5.17267 64.9563 0.622738
6.88868 66.1793 0.626193
8.87447 67.5718 0.621089
10.5782 68.8002 0.626411
12.259 70.0449 0.63099
14.146 71.4223 0.632302
15.9691 72.7744 0.637878
17.7405 74.1712 0.643253
19.5557 75.5154 0.64709
21.3481 76.8566 0.651455
23.0706 78.2296 0.653694
24.7688 79.568 0.653993
26.4277 80.8771 0.654931
28.1889 82.1682 0.656259
29.8377 83.4987 0.659812
31.4543 84.7631 0.661687
33.0852 86.0281 0.66638
34.8326 87.4514 0.664336
36.6427 88.7021 0.673592
38.1939 89.7908 0.67356
39.774 91.0875 0.67452
41.3676 92.392 0.676904
42.9516 93.6436 0.680003
44.5292 94.9348 0.683592
46.1482 96.15 0.685719
47.7201 97.4002 0.688613
49.2661 98.6382 0.69131
50.8123 99.9515 0.694932
52.386 101.223 0.698035
53.9471 102.46 0.701286
55.4292 103.715 0.702792
56.895 104.98 0.704884
58.4573 106.206 0.707008
59.8517 107.462 0.706767
61.327 108.686 0.710659
62.8197 109.973 0.714284
64.2435 111.202 0.716201
65.651 112.411 0.714588
67.0113 113.567 0.718923
68.3652 114.747 0.72607
69.7293 116.013 0.73218
71.1392 117.186 0.734761
72.5339 118.386 0.737583
73.8948 119.595 0.738993
75.2037 120.798 0.739773
76.4823 122 0.744747
77.7332 123.144 0.748523
78.9129 124.288 0.752302
80.1679 125.401 0.757463
81.4929 126.659 0.765797
82.929 127.879 0.775364
84.0339 129.036 0.779941
85.1514 130.164 0.782411
86.3489 131.341 0.785859
87.5047 132.436 0.785464
88.6553 133.545 0.78535
89.8289 134.737 0.786855
91.0542 135.862 0.785315
92.1545 136.921 0.783129
93.2793 137.929 0.772719
94.3429 138.88 0.756308
95.4488 139.702 0.724402
96.5442 140.448 0.673904
97.6962 141.14 0.610151
98.9988 141.712 0.533342
100.187 142.133 0.445947
101.444 142.395 0.348078
102.645 142.511 0.241608
103.822 142.524 0.129616
105.023 142.412 0.00956091
106.177 142.087 -0.11826
107.261 141.673 -0.248532
108.313 141.125 -0.379036
109.301 140.402 -0.513123
110.073 139.556 -0.64291
110.816 138.641 -0.757469
111.622 137.733 -0.828302
112.416 136.661 -0.893676
113.213 135.486 -0.949835
113.972 134.239 -0.987928
114.686 132.981 -1.01862
115.334 131.699 -1.03906
116.111 130.3 -1.0517
116.903 128.899 -1.05385
117.663 127.518 -1.05638
118.482 125.963 -1.05876
119.308 124.436 -1.05817
120.177 122.936 -1.0606
121.09 121.418 -1.06073
121.935 119.796 -1.05806
122.838 118.172 -1.05691
123.802 116.409 -1.05429
124.721 114.726 -1.05117
125.737 113.021 -1.04941
126.754 111.189 -1.04762
127.768 109.385 -1.04617
128.808 107.586 -1.04377
129.88 105.735 -1.04018
130.916 103.956 -1.04273
131.967 102.084 -1.0418
133.059 100.205 -1.03985
134.186 98.284 -1.0382
135.338 96.4566 -1.03923
136.4 94.543 -1.03859
137.582 92.7325 -1.04189
138.678 90.8543 -1.04363
139.709 89.0393 -1.04589
140.817 87.2668 -1.04804
141.845 85.4573 -1.0486
142.832 83.7713 -1.04689
143.839 82.0523 -1.04599
144.856 80.3479 -1.04516
145.822 78.7963 -1.04423
146.727 77.2596 -1.04228
147.685 75.7363 -1.04412
148.52 74.1454 -1.04221
149.362 72.6685 -1.04211
150.161 71.2389 -1.042
151.116 69.7744 -1.03995
152.151 68.1489 -1.03876
152.864 66.602 -1.04492
153.82 65.0738 -1.04391
154.75 63.5513 -1.04246
155.616 62.0056 -1.03926
156.542 60.4627 -1.03761
157.438 58.9303 -1.03448
158.292 57.4052 -1.0345
159.115 55.7858 -1.03202
160 54.2449 -1.03181
160.896 52.6856 -1.03172
161.778 51.1943 -1.03191
162.737 49.7002 -1.03371
163.619 48.188 -1.03646
164.532 46.6388 -1.03754
165.312 45.052 -1.04025
166.436 43.4671 -1.03529
167.238 41.8839 -1.03637
168.254 40.3966 -1.04132
169.214 38.7007 -1.04184
170.094 37.0797 -1.0441
170.925 35.5154 -1.04417
171.774 33.9222 -1.04516
172.661 32.3222 -1.04439
173.511 30.7571 -1.045
174.438 29.187 -1.04594
175.291 27.6776 -1.04514
176.34 26.0273 -1.04597
177.185 24.485 -1.04658
177.919 23.0371 -1.04499
178.738 21.5139 -1.04609
179.576 19.9224 -1.04836
180.412 18.3322 -1.05178
181.222 16.7756 -1.05824
182.096 15.2615 -1.07048
182.872 13.71 -1.08893
183.553 12.1958 -1.1192
184.115 10.616 -1.15723
184.754 9.07906 -1.20885
185.158 7.4872 -1.26191
185.542 5.93343 -1.31934
185.851 4.38686 -1.37938
185.967 2.78882 -1.44024
186.047 1.18936 -1.50388
185.923 -0.466891 -1.56833
185.7 -2.06151 -1.63617
185.585 -3.71869 -1.70216
185.156 -5.35546 -1.76909
184.713 -6.91261 -1.84199
184.032 -8.47498 -1.91069
183.299 -10.029 -1.97832
182.515 -11.5433 -2.04085
181.6 -13.0449 -2.09662
180.668 -14.4928 -2.14865
179.6 -15.914 -2.19401
178.472 -17.2855 -2.23324
177.331 -18.6434 -2.26548
176.126 -19.9353 -2.28849
174.909 -21.2395 -2.30924
173.673 -22.5927 -2.32621
172.434 -23.8708 -2.33568
171.209 -25.1417 -2.33849
169.961 -26.4326 -2.34077
168.554 -27.8172 -2.34247
167.234 -29.151 -2.34446
165.781 -30.61 -2.34657
164.381 -32.0305 -2.34089
162.985 -33.439 -2.33443
161.543 -34.9668 -2.32768
160.107 -36.4853 -2.32006
158.654 -38.0285 -2.31624
157.208 -39.5805 -2.31433
155.731 -41.1557 -2.31403
154.169 -42.7408 -2.31366
152.595 -44.3616 -2.31526
151.045 -45.9557 -2.31638
149.48 -47.5147 -2.3173
147.926 -49.1292 -2.31713
146.344 -50.7988 -2.31836
144.784 -52.4911 -2.31729
143.153 -54.2242 -2.31108
141.528 -55.9938 -2.30644
139.877 -57.8049 -2.30103
138.258 -59.5812 -2.29524
136.655 -61.3795 -2.28731
135.1 -63.192 -2.27611
133.496 -65.0368 -2.26394
131.879 -66.9281 -2.25325
130.302 -68.8524 -2.24199
128.82 -70.7408 -2.23193
127.329 -72.6327 -2.22373
125.834 -74.609 -2.21256
124.349 -76.5876 -2.20368
122.913 -78.5838 -2.19467
121.449 -80.6194 -2.18368
120.033 -82.6616 -2.17265
118.608 -84.7319 -2.16165
117.197 -86.8184 -2.14923
115.835 -89.0176 -2.13837
114.549 -91.1639 -2.12447
113.193 -93.3761 -2.1124
111.864 -95.6349 -2.10035
110.556 -97.91 -2.08769
109.298 -100.238 -2.07508
108.055 -102.542 -2.05808
106.873 -104.857 -2.04462
105.687 -107.212 -2.0318
104.506 -109.527 -2.02227
103.405 -111.882 -2.01192
102.321 -114.233 -2.00284
101.271 -116.605 -1.98987
100.287 -118.97 -1.97798
99.3136 -121.359 -1.96631
98.3746 -123.764 -1.95534
97.4244 -126.23 -1.94229
96.5243 -128.618 -1.92972
95.6182 -131.063 -1.9178
94.8224 -133.51 -1.89979
94.1186 -135.981 -1.88755
93.442 -138.286 -1.87463
92.689 -140.587 -1.8634
92.0715 -142.77 -1.85136
91.5259 -144.87 -1.84011
91.0461 -146.956 -1.8265
90.589 -148.907 -1.81504
90.1414 -150.805 -1.8008
89.7793 -152.635 -1.79016
89.4677 -154.463 -1.77801
89.1051 -156.301 -1.76667
88.7357 -158.093 -1.75807
88.4532 -159.858 -1.7482
88.1675 -161.625 -1.74068
87.9484 -163.359 -1.73114
87.5972 -165.128 -1.72005
87.4584 -166.946 -1.71323
87.1084 -168.71 -1.70465
86.7396 -170.436 -1.69644
86.5093 -172.41 -1.68986
86.2844 -174.362 -1.68234
86.0989 -176.361 -1.67601
85.8674 -178.383 -1.6664
85.6737 -180.451 -1.65826
85.547 -182.575 -1.65371
85.3602 -184.732 -1.64797
85.1932 -186.986 -1.64192
85.017 -189.193 -1.63915
84.8971 -191.407 -1.63586
84.695 -193.668 -1.6316
84.5783 -196.011 -1.62872
84.4951 -198.39 -1.62585
84.3953 -200.763 -1.62066
84.2538 -203.203 -1.61025
84.1489 -205.686 -1.60136
84.1215 -208.195 -1.58985
84.1121 -210.759 -1.57722
84.1748 -213.281 -1.56452
84.2878 -215.85 -1.54615
84.4453 -218.451 -1.53027
84.7031 -221.064 -1.51169
84.9354 -223.705 -1.49651
85.1492 -226.434 -1.48066
85.4543 -229.12 -1.46545
85.8147 -231.856 -1.44962
86.1579 -234.596 -1.43813
86.507 -237.263 -1.42569
86.948 -239.866 -1.41367
87.4337 -242.508 -1.4001
87.9713 -245.187 -1.38356
88.5294 -247.857 -1.37265
89.0687 -250.577 -1.36346
89.6694 -253.157 -1.34917
90.2897 -255.849 -1.33834
90.9302 -258.551 -1.32492
91.6484 -261.102 -1.3083
92.3956 -263.8 -1.29025
93.1894 -266.385 -1.27233
94.0628 -268.997 -1.25233
94.9415 -271.591 -1.23456
95.8708 -274.157 -1.21794
96.7858 -276.614 -1.20039
97.7372 -279.125 -1.1842
98.8092 -281.509 -1.17195
99.8021 -283.958 -1.15396
100.965 -286.406 -1.12985
102.188 -288.871 -1.10869
103.406 -291.241 -1.08068
104.681 -293.551 -1.05862
106.147 -295.855 -1.03587
107.623 -298.139 -1.0134
109.146 -300.379 -0.991977
110.644 -302.671 -0.974146
112.133 -304.905 -0.962379
113.658 -307.143 -0.951457
115.222 -309.405 -0.941003
116.757 -311.571 -0.937217
118.345 -313.661 -0.945253
119.859 -315.771 -0.952014
121.275 -317.825 -0.961475
122.663 -319.913 -0.967949
124.052 -322.047 -0.972815
125.452 -324.147 -0.97882
126.75 -326.138 -0.984324
128.078 -328.138 -0.99655
129.299 -330.171 -1.0196
130.437 -332.252 -1.04892
131.479 -334.357 -1.07278
132.467 -336.356 -1.10145
133.427 -338.435 -1.13132
134.274 -340.475 -1.16297
135.051 -342.527 -1.20081
135.731 -344.612 -1.238
136.362 -346.689 -1.27658
136.806 -348.783 -1.31569
137.196 -350.792 -1.35754
137.447 -352.73 -1.39652
137.623 -354.568 -1.43835
137.781 -356.297 -1.48107
137.841 -357.893 -1.52696
137.757 -359.414 -1.56944
137.593 -360.878 -1.61853
137.372 -362.396 -1.67039
137.142 -363.802 -1.72302
136.812 -365.212 -1.77299
136.397 -366.533 -1.82363
135.889 -367.884 -1.87317
135.305 -369.282 -1.92876
134.734 -370.495 -1.97504
134.07 -371.68 -2.02724
133.301 -372.987 -2.08027
132.523 -374.235 -2.13123
131.641 -375.443 -2.18167
130.717 -376.599 -2.23023
129.731 -377.678 -2.27812
128.67 -378.791 -2.32167
127.505 -379.897 -2.3582
126.326 -380.998 -2.38801
125.085 -382.063 -2.41041
123.831 -383.152 -2.42484
122.51 -384.289 -2.4348
121.148 -385.413 -2.44488
119.728 -386.514 -2.45187
118.278 -387.702 -2.45509
116.782 -388.861 -2.45887
115.295 -390.142 -2.45823
113.823 -391.45 -2.45546
112.247 -392.754 -2.44999
110.681 -394.089 -2.44635
109.069 -395.425 -2.44182
107.459 -396.813 -2.43913
105.821 -398.215 -2.43974
104.177 -399.66 -2.44072
102.472 -401.086 -2.43865
100.752 -402.576 -2.43739
99.0062 -404.099 -2.43619
97.1523 -405.662 -2.43537
95.3924 -407.207 -2.43857
93.5573 -408.789 -2.44049
91.7098 -410.305 -2.44363
89.8557 -411.901 -2.44815
87.9169 -413.526 -2.45082
85.9121 -415.208 -2.45232
83.9614 -416.862 -2.45211
82.0047 -418.527 -2.45123
80.0415 -420.154 -2.45053
78.0622 -421.807 -2.44927
76.0909 -423.43 -2.444
74.1559 -425.054 -2.44265
72.2035 -426.69 -2.44001
70.3375 -428.349 -2.43528
68.4515 -429.973 -2.4283
66.6222 -431.605 -2.42498
64.7504 -433.201 -2.42474
62.8407 -434.81 -2.42308
61.0189 -436.445 -2.42452
59.2075 -438.02 -2.42698
57.3514 -439.607 -2.42651
55.4373 -441.173 -2.41786
53.6306 -442.693 -2.41344
51.8959 -444.344 -2.40996
50.2141 -445.86 -2.40549
48.5589 -447.344 -2.40301
46.9798 -448.893 -2.40097
45.4739 -450.406 -2.40153
43.9836 -451.707 -2.4012
42.5975 -452.965 -2.39931
41.207 -454.223 -2.39669
39.7465 -455.543 -2.3958
38.4658 -456.701 -2.39744
37.0782 -457.948 -2.39656
35.6493 -459.267 -2.39627
34.3544 -460.551 -2.39872
32.9249 -461.855 -2.39982
31.7057 -463.048 -2.3932
30.3674 -464.342 -2.39286
28.9981 -465.621 -2.39564
27.5927 -466.91 -2.39829
26.1571 -468.188 -2.40313
24.7402 -469.431 -2.40644
23.2966 -470.681 -2.41072
21.827 -472.007 -2.41343
20.4199 -473.29 -2.41485
18.9788 -474.59 -2.41632
17.582 -475.909 -2.41497
16.1421 -477.181 -2.41348
14.654 -478.487 -2.41277
13.1987 -479.739 -2.4123
11.783 -480.992 -2.41312
10.3578 -482.186 -2.41267
9.04252 -483.419 -2.40964
7.69355 -484.652 -2.40709
6.38956 -485.91 -2.40197
5.05517 -487.153 -2.39734
3.72534 -488.41 -2.3949
2.34654 -489.598 -2.39243
1.03293 -490.868 -2.39196
-0.133215 -492.072 -2.38879
-1.62436 -493.355 -2.38094
-2.95902 -494.648 -2.38549
-4.32355 -495.966 -2.38165
-5.75022 -497.317 -2.38004
-7.23501 -498.721 -2.37993
-8.63513 -500.052 -2.37811
-10.1872 -501.561 -2.37822
-11.7286 -503.011 -2.37804
-13.2503 -504.46 -2.37954
-14.7798 -505.891 -2.38038
-16.3488 -507.365 -2.38108
-17.965 -508.881 -2.38343
-19.5308 -510.303 -2.3841
-21.1336 -511.84 -2.38762
-22.7904 -513.366 -2.38799
-24.4 -514.903 -2.38873
-26.0885 -516.463 -2.3863
-27.7277 -518.034 -2.38471
-29.3742 -519.59 -2.38227
-31.0486 -521.203 -2.3819
-32.7633 -522.831 -2.38032
-34.4923 -524.525 -2.37781
-36.2761 -526.255 -2.38
-38.0513 -527.925 -2.38055
-39.8125 -529.574 -2.37909
-41.5704 -531.253 -2.37981
-43.4009 -532.974 -2.3796
-45.1404 -534.618 -2.37867
-46.9763 -536.341 -2.37706
-48.6832 -538.018 -2.37327
-50.4565 -539.665 -2.37027
-52.2404 -541.362 -2.36898
-54.0187 -543.073 -2.36914
-55.7611 -544.756 -2.36942
-57.5122 -546.48 -2.36965
-59.1353 -548.08 -2.37008
-60.7958 -549.671 -2.36988
-62.4682 -551.274 -2.37119
-64.0587 -552.857 -2.37286
-65.6757 -554.433 -2.37561
-67.3032 -556.046 -2.37725
-68.9411 -557.623 -2.38042
-70.575 -559.195 -2.37863
-72.1935 -560.76 -2.37816
-73.8453 -562.284 -2.38012
-75.4326 -563.859 -2.37817
-76.9326 -565.377 -2.3785
-78.4224 -566.851 -2.37498
-79.8204 -568.194 -2.37608
-81.263 -569.541 -2.37595
-82.6976 -570.848 -2.37894
-84.0602 -572.156 -2.37752
-85.3729 -573.503 -2.37602
-86.6608 -574.737 -2.37523
-87.893 -575.987 -2.37542
-89.1607 -577.103 -2.37531
-90.3854 -578.236 -2.37439
-91.6392 -579.397 -2.37306
-92.7356 -580.485 -2.37664
-93.9197 -581.567 -2.37672
-95.1301 -582.756 -2.37454
-96.2284 -583.784 -2.37114
-97.4026 -584.886 -2.37596
-98.5428 -586.011 -2.37367
-99.7318 -587.07 -2.37317
-100.802 -588.153 -2.37296
-101.881 -589.243 -2.37228
-102.96 -590.302 -2.37112
-104.013 -591.372 -2.37273
-105.067 -592.429 -2.37378
-106.119 -593.463 -2.37433
-107.11 -594.494 -2.3742
-108.095 -595.487 -2.373
-109.149 -596.494 -2.37483
-110.163 -597.449 -2.37494
-111.099 -598.448 -2.37739
-112.082 -599.392 -2.37527
-113.024 -600.297 -2.37329
-114.055 -601.31 -2.377
-115.144 -602.328 -2.37822
-116.161 -603.314 -2.38264
-117.236 -604.272 -2.39255
-118.324 -605.353 -2.40628
-119.407 -606.299 -2.41873
-120.592 -607.332 -2.43411
-121.757 -608.379 -2.44492
-123.01 -609.39 -2.45786
-124.281 -610.374 -2.47146
-125.598 -611.277 -2.486
-126.907 -612.292 -2.50467
-128.284 -613.377 -2.51622
-129.714 -614.337 -2.53193
-131.185 -615.298 -2.55018
-132.611 -616.179 -2.57282
-134.163 -617.116 -2.59466
-135.716 -617.999 -2.61746
-137.326 -618.909 -2.63904
-139.009 -619.744 -2.66034
-140.717 -620.528 -2.68312
-142.489 -621.371 -2.70188
-144.284 -622.153 -2.72029
-146.121 -622.93 -2.73915
-147.947 -623.689 -2.76029
-149.872 -624.361 -2.78014
-151.827 -624.978 -2.79823
-153.765 -625.598 -2.82044
-155.719 -626.201 -2.84369
-157.795 -626.799 -2.86106
-159.866 -627.328 -2.88172
-161.929 -627.739 -2.90424
-164.076 -628.074 -2.92911
-166.23 -628.46 -2.95331
-168.406 -628.801 -2.97568
-170.565 -629.112 -3.00147
-172.838 -629.367 -3.02299
-175.104 -629.593 -3.04623
-177.268 -629.718 -3.06525
-179.466 -629.8 -3.08417
-181.664 -629.83 -3.10698
-183.823 -629.766 -3.13273
-185.957 -629.677 3.12906
-188.166 -629.529 3.10508
-190.309 -629.415 3.08298
-192.421 -629.221 3.05676
-194.508 -628.979 3.03743
-196.619 -628.646 3.01612
-198.689 -628.3 2.99106
-200.823 -627.908 2.96941
-202.909 -627.472 2.94528
-205.02 -627.024 2.92577
-207.145 -626.519 2.90773
-209.188 -625.992 2.88779
-211.317 -625.337 2.86677
-213.429 -624.656 2.84627
-215.539 -623.935 2.82294
-217.656 -623.18 2.80253
-219.741 -622.376 2.78205
-221.869 -621.502 2.75887
-223.943 -620.632 2.73082
-226.072 -619.651 2.70175
-228.134 -618.648 2.67124
-230.158 -617.531 2.64143
-232.191 -616.416 2.61452
-234.18 -615.179 2.58457
-236.095 -613.895 2.56012
-238.045 -612.542 2.53592
-240.027 -611.152 2.51571
-241.887 -609.695 2.49484
-243.819 -608.189 2.47549
-245.691 -606.579 2.46167
-247.558 -605.055 2.45375
-249.428 -603.496 2.4482
-251.358 -601.852 2.44805
-253.306 -600.311 2.44708
-255.258 -598.732 2.44711
-257.215 -597.198 2.44699
-259.148 -595.582 2.44734
-261.112 -593.973 2.44819
-263.071 -592.368 2.44742
-265.002 -590.745 2.44636
-266.956 -589.147 2.44433
-268.865 -587.444 2.4451
-270.941 -585.734 2.44353
-272.92 -584.05 2.44213
-274.944 -582.327 2.44611
-276.992 -580.668 2.45147
-279.048 -578.964 2.46056
-281.08 -577.321 2.46812
-283.126 -575.598 2.47327
-285.207 -573.933 2.47706
-287.362 -572.234 2.48181
-289.488 -570.636 2.48591
-291.679 -569.007 2.48208
-293.75 -567.373 2.48492
-295.916 -565.835 2.48345
-298.02 -564.162 2.48449
-300.14 -562.559 2.48178
-302.212 -560.938 2.47946
-304.381 -559.261 2.47589
-306.478 -557.597 2.47407
-308.62 -555.855 2.47172
-310.723 -554.195 2.46942
-312.894 -552.492 2.47115
-314.915 -550.81 2.47627
-316.965 -549.083 2.47804
-319.031 -547.372 2.48167
-321.057 -545.703 2.48325
-323.173 -544.083 2.48081
-325.212 -542.398 2.48035
-327.198 -540.846 2.48057
-329.161 -539.301 2.48198
-331.126 -537.826 2.48116
-332.936 -536.373 2.48319
-334.693 -534.9 2.48377
-336.334 -533.531 2.48258
-338.022 -532.189 2.47986
-339.66 -530.883 2.47753
-341.26 -529.592 2.47739
-342.86 -528.268 2.47808
-344.482 -526.969 2.47645
-345.976 -525.653 2.47026
-347.505 -524.429 2.46634
-348.589 -523.613 2.51961
-350.198 -522.388 2.51576
-351.706 -521.34 2.51209
-353.34 -520.081 2.51458
-354.9 -518.816 2.51249
-356.565 -517.625 2.51157
-358.168 -516.394 2.5119
-359.839 -515.182 2.51256
-361.524 -513.888 2.514
-363.201 -512.615 2.5174
-364.868 -511.318 2.51856
-366.475 -510.093 2.51842
-368.151 -508.922 2.52321
-369.806 -507.786 2.52784
-371.457 -506.667 2.53199
-373.088 -505.627 2.53739
-374.662 -504.484 2.5425
-376.284 -503.429 2.54344
-377.792 -502.45 2.54493
-379.574 -501.418 2.54082
-381.054 -500.107 2.53122
-382.669 -498.875 2.53395
-384.383 -497.748 2.53809
-386 -496.634 2.53696
-387.697 -495.492 2.53657
-389.356 -494.291 2.53613
-391.019 -493.123 2.53538
-392.668 -491.954 2.53411
-394.33 -490.759 2.52997
-395.943 -489.625 2.52852
-397.518 -488.429 2.5228
-399.074 -487.28 2.51927
-400.598 -486.135 2.51841
-402.079 -484.959 2.51988
-403.589 -483.884 2.52206
-404.98 -482.727 2.52171
-406.359 -481.562 2.52205
-407.762 -480.539 2.52519
-409.109 -479.475 2.52578
-410.494 -478.502 2.52501
-411.905 -477.485 2.52306
-413.276 -476.547 2.51785
-414.637 -475.509 2.51875
-416.649 -474.151 2.52088
-417.992 -473.144 2.51745
-419.436 -472.154 2.51677
-420.939 -471.119 2.51697
-422.354 -470.052 2.51507
-423.94 -468.99 2.51254
-425.504 -467.866 2.51105
-427.007 -466.655 2.50689
-428.563 -465.443 2.50881
-430.175 -464.147 2.50496
-431.748 -462.918 2.5037
-433.43 -461.65 2.49992
-435.058 -460.442 2.49365
-436.768 -459.133 2.48228
-438.443 -457.704 2.46543
-440.095 -456.252 2.44796
-441.735 -454.764 2.42832
-443.321 -453.236 2.40644
-444.934 -451.639 2.38395
-446.528 -449.99 2.36117
-448.051 -448.358 2.33192
-449.603 -446.584 2.30183
-451.081 -444.819 2.27118
-452.536 -442.911 2.23996
-453.925 -440.982 2.20727
-455.259 -439.017 2.17522
-456.597 -436.93 2.14226
-457.852 -434.733 2.10848
-459.042 -432.551 2.08498
-460.223 -430.368 2.06395
-461.331 -428.138 2.04845
-462.446 -425.881 2.0345
-463.581 -423.561 2.02773
-464.64 -421.255 2.02749
-465.744 -418.909 2.03027
-466.94 -416.674 2.02891
-468.074 -414.324 2.02866
-469.237 -411.83 2.02796
-470.408 -409.47 2.02975
-471.521 -407.153 2.03227
-472.693 -404.789 2.04161
-473.925 -402.615 2.05512
-475.133 -400.44 2.06985
-476.284 -398.237 2.08885
-477.502 -396.098 2.107
-478.749 -394.025 2.12448
-480.058 -392.062 2.14282
-481.396 -390.058 2.16998
-482.773 -388.186 2.19576
-484.18 -386.293 2.22384
-485.584 -384.608 2.24737
-486.918 -382.986 2.26681
-488.176 -381.517 2.28421
-489.402 -380.185 2.30464
-490.683 -378.84 2.32459
-491.96 -377.574 2.3408
-493.189 -376.287 2.35691
-494.441 -375.058 2.37526
-495.67 -373.863 2.38829
-496.922 -372.782 2.39608
-498.091 -371.592 2.40477
-499.261 -370.513 2.40726
-500.409 -369.542 2.40596
-501.525 -368.539 2.4043
-502.563 -367.563 2.40192
-503.512 -366.688 2.39768
-504.581 -365.745 2.38858
-505.571 -364.82 2.3695
-506.527 -363.83 2.33002
-507.323 -362.854 2.27709
-508.049 -361.745 2.21227
-508.662 -360.668 2.13662
-509.161 -359.522 2.04174
-509.523 -358.277 1.9446
-509.776 -357.045 1.84406
-509.802 -355.814 1.73674
-509.749 -354.544 1.63036
-509.607 -353.273 1.52142
-509.304 -351.996 1.41548
-508.952 -350.734 1.32044
-508.422 -349.46 1.2417
-507.869 -348.137 1.18254
-507.248 -346.797 1.13246
-506.501 -345.413 1.09704
-505.742 -344.003 1.07334
-504.852 -342.553 1.05474
-503.983 -341.082 1.03737
-503.074 -339.62 1.02251
-502.083 -338.134 1.01234
-501.017 -336.596 1.00506
-500.028 -334.948 1.00606
-498.982 -333.3 1.00849
-497.986 -331.616 1.01156
-496.892 -329.891 1.01458
-495.786 -328.135 1.01606
-494.709 -326.352 1.01669
-493.546 -324.503 1.02239
-492.383 -322.658 1.02489
-491.21 -320.771 1.02514
-490.019 -318.857 1.02297
-488.743 -316.873 1.01887
-487.548 -314.905 1.01828
-486.268 -312.895 1.02014
-484.959 -310.91 1.01718
-483.629 -308.825 1.01748
-482.312 -306.755 1.0181
-480.937 -304.629 1.01881
-479.567 -302.461 1.02208
-478.215 -300.351 1.02082
-476.832 -298.177 1.0205
-475.478 -295.97 1.02148
-474.045 -293.712 1.02376
-472.625 -291.528 1.02697
-471.21 -289.264 1.02885
-469.858 -287.064 1.03139
-468.505 -284.843 1.03342
-467.124 -282.588 1.03517
-465.661 -280.35 1.0365
-464.415 -278.16 1.03821
-462.999 -275.884 1.03695
-461.74 -273.703 1.04021
-460.401 -271.538 1.04172
-459.069 -269.391 1.04073
-457.737 -267.208 1.04276
-456.467 -265.081 1.04233
-455.184 -262.904 1.03915
-453.935 -260.804 1.03578
-452.664 -258.729 1.03416
-451.423 -256.693 1.03293
-450.154 -254.647 1.03
-448.878 -252.633 1.02705
-447.674 -250.711 1.02459
-446.406 -248.706 1.02176
-445.218 -246.72 1.01799
-443.912 -244.83 1.00988
-442.657 -242.845 1.00213
-441.397 -240.827 0.998812
-440.039 -238.857 0.993831
-438.702 -236.865 0.99029
-437.343 -234.889 0.984888
-435.952 -232.857 0.980009
-434.502 -230.847 0.975409
-433.052 -228.81 0.969376
-431.538 -226.692 0.963661
-430.107 -224.625 0.959748
-428.56 -222.528 0.955741
-427.03 -220.412 0.950354
-425.529 -218.316 0.948134
-423.931 -216.164 0.941997
-422.312 -214.082 0.935232
-420.689 -211.885 0.930113
-419.076 -209.754 0.924321
-417.424 -207.646 0.920426
-415.811 -205.415 0.919571
-414.151 -203.205 0.918623
-412.499 -200.992 0.917622
-410.84 -198.778 0.916592
-409.128 -196.509 0.915984
-407.418 -194.24 0.915516
-405.731 -192.033 0.916221
-404.043 -189.87 0.918247
-402.372 -187.726 0.921821
-400.773 -185.528 0.921321
-399.05 -183.487 0.922439
-397.508 -181.365 0.919152
-395.929 -179.28 0.915678
-394.401 -177.266 0.912676
-392.853 -175.293 0.914948
-391.257 -173.338 0.91579
-389.708 -171.383 0.915044
-388.23 -169.388 0.911457
-386.625 -167.451 0.911104
-385.089 -165.58 0.910774
-383.553 -163.713 0.911103
-382.033 -161.927 0.911735
-380.572 -160.065 0.917989
-379.14 -157.876 0.9101
-377.617 -156.156 0.910221
-376.188 -154.219 0.913251
-374.685 -152.2 0.913194
-373.183 -150.418 0.912229
-371.649 -148.574 0.912632
-370.107 -146.75 0.914011
-368.634 -144.839 0.916269
-367.086 -142.936 0.915897
-365.456 -141.022 0.914067
-364.012 -139.084 0.918011
-362.489 -137.091 0.918461
-360.941 -135.152 0.918649
-359.401 -133.182 0.918628
-357.857 -131.212 0.920488
-356.32 -129.27 0.922554
-354.819 -127.283 0.925627
-353.108 -125.438 0.934376
-351.785 -123.395 0.94219
-350.209 -121.303 0.947133
-348.685 -119.287 0.947493
-347.205 -117.205 0.949429
-345.686 -115.006 0.952353
-344.129 -112.982 0.955491
-342.587 -110.905 0.958044
-341.002 -108.783 0.957401
-339.492 -106.71 0.959368
-338.001 -104.604 0.961837
-336.489 -102.513 0.966471
-335.066 -100.42 0.96708
-333.588 -98.3913 0.967358
-332.186 -96.4715 0.970024
-330.758 -94.4655 0.968202
-329.353 -92.6265 0.966678
-328.051 -90.8723 0.966394
-326.55 -88.3653 0.980892
-325.175 -86.7381 0.971877
-323.82 -85.0428 0.962536
-322.439 -82.9537 0.971286
-321.096 -81.028 0.971599
-319.751 -79.0631 0.973514
-318.42 -77.0711 0.973816
-317.09 -75.1571 0.976585
-315.771 -73.1202 0.981569
-314.425 -71.1455 0.982306
-313.111 -69.1532 0.984628
-311.797 -67.1617 0.986833
-310.391 -65.1116 0.988822
-309.063 -63.1052 0.992634
-307.715 -61.1671 0.997033
-306.372 -59.1143 1.00362
-305.083 -57.1446 1.00714
-303.8 -55.1281 1.01244
-302.533 -53.1275 1.01546
-301.304 -51.1914 1.01993
-300.12 -49.1966 1.02328
-298.969 -47.2247 1.02426
-297.867 -45.3198 1.021
-296.393 -43.4011 1.0487
-295.226 -41.4044 1.04881
-294.519 -39.6471 1.023
-293.216 -37.5814 1.02466
-291.872 -35.5247 1.02606
-290.506 -33.4792 1.03151
-289.275 -31.4209 1.03271
-288.025 -29.3866 1.03434
-286.785 -27.2667 1.03412
-285.579 -25.1524 1.03402
-284.268 -23.0402 1.03635
-282.956 -20.8273 1.03766
-281.73 -18.6781 1.03807
-280.401 -16.4199 1.03837
-279.119 -14.241 1.03981
-277.819 -12.0902 1.04164
-276.53 -9.93427 1.04115
-275.234 -7.80055 1.04317
-273.893 -5.72391 1.0404
-272.634 -3.66208 1.03831
-271.396 -1.64029 1.03758
-270.218 0.38536 1.03519
-268.98 2.35556 1.03463
-267.758 4.32251 1.03368
-266.56 6.23099 1.03663
-265.388 8.25937 1.03954
-263.936 10.4623 1.04767
-262.843 12.4846 1.0472
-261.672 14.6062 1.04801
-260.354 16.6562 1.04861
-259.033 18.7363 1.05237
-257.767 20.862 1.05309
-256.503 23.0044 1.0556
-255.222 25.1207 1.05686
-253.942 27.2724 1.05803
-252.669 29.3974 1.05907
-251.471 31.5305 1.06168
-250.261 33.6296 1.06408
-249.039 35.7157 1.06605
-247.827 37.77 1.07179
-246.638 39.8271 1.07809
-245.567 41.8955 1.08227
-244.465 43.8897 1.08482
-243.368 45.8727 1.08598
-242.241 47.9506 1.0911
-241.182 49.9761 1.09437
-239.975 52.1564 1.09587
-238.859 54.3369 1.10049
-237.748 56.5437 1.10479
-236.61 58.8164 1.10894
-235.537 60.9767 1.11259
-234.494 63.2164 1.11579
-233.409 65.4501 1.12181
-232.324 67.6067 1.1239
-231.276 69.8364 1.12801
-230.237 72.0267 1.13174
-229.171 74.1844 1.13613
-228.166 76.3173 1.14221
-227.233 78.5543 1.14388
-226.153 80.7562 1.14591
-225.194 82.8524 1.1519
-224.273 84.9229 1.15982
-223.332 87.118 1.16419
-222.391 89.3497 1.17184
-221.468 91.6389 1.17529
-220.497 93.807 1.18078
-219.598 96.1944 1.18592
-218.676 98.4269 1.19043
-217.776 100.67 1.19515
-216.892 102.906 1.19961
-215.964 105.228 1.20233
-215.095 107.541 1.20449
-214.2 109.609 1.21229
-213.283 112.014 1.21161
-212.418 114.141 1.21926
-211.449 116.385 1.21937
-210.592 118.63 1.22032
-209.785 120.825 1.22784
-209.007 122.94 1.23499
-208.256 125.194 1.24229
-207.493 127.475 1.25072
-206.81 129.641 1.25952
-206.051 131.862 1.26765
-205.354 134.058 1.27702
-204.709 136.259 1.28757
-204.076 138.491 1.29972
-203.445 140.728 1.31379
-202.851 142.927 1.32643
-202.326 145.118 1.33893
-201.783 147.394 1.34511
-201.304 149.561 1.34982
-200.788 151.732 1.34962
-200.263 153.915 1.35041
-199.757 156.072 1.34633
-199.185 158.204 1.34028
-198.661 160.274 1.3343
-198.131 162.344 1.3276
-197.749 164.286 1.32038
-197.283 166.149 1.31419
-196.728 168.013 1.31279
-196.23 169.79 1.30928
-195.726 171.536 1.30525
-195.211 173.442 1.298
-194.706 175.165 1.29688
-194.286 176.724 1.29396
-193.817 178.396 1.28856
-193.312 179.976 1.28334
-192.81 181.442 1.28013
-192.361 182.899 1.27158
-191.98 184.099 1.25317
-191.442 185.346 1.23425
-190.944 186.528 1.21111
-190.388 187.67 1.18484
-189.806 188.775 1.15963
-189.246 189.714 1.13187
-188.656 190.631 1.10407
-188.051 191.498 1.07659
-187.576 192.19 1.04746
-187.007 192.855 1.01736
-186.497 193.508 0.987331
-186.004 194.125 0.95555
-185.417 194.771 0.923751
-184.876 195.314 0.886304
-184.27 195.843 0.841357
-183.665 196.35 0.790678
-182.945 196.739 0.734283
-182.233 197.21 0.670347
-181.42 197.576 0.600922
-180.604 197.927 0.525047
-179.767 198.196 0.449922
-178.823 198.486 0.369587
-177.844 198.714 0.291501
-176.907 198.807 0.196198
-175.897 198.755 0.0972587
-174.896 198.634 -0.00420657
-173.916 198.357 -0.109113
-172.952 198.022 -0.212404
-171.957 197.61 -0.300887
-170.905 197.167 -0.368575
-169.874 196.627 -0.412303
-168.666 196.001 -0.445815
-167.499 195.297 -0.468952
-166.298 194.577 -0.484314
-165.101 193.87 -0.498832
-163.838 193.114 -0.506329
-162.463 192.335 -0.514167
-161.099 191.561 -0.520785
-159.758 190.808 -0.524894
-158.338 189.875 -0.524775
-156.854 189.003 -0.526568
-155.329 188.105 -0.523633
-153.787 187.19 -0.521691
-152.209 186.195 -0.52287
-150.609 185.253 -0.51991
-148.967 184.235 -0.515448
-147.307 183.179 -0.515213
-145.56 182.302 -0.513672
-143.773 181.291 -0.512461
-141.991 180.253 -0.511461
-140.173 179.297 -0.510175
-138.324 178.251 -0.506787
-136.415 177.217 -0.501787
-134.515 176.055 -0.501853
-132.609 175.005 -0.500388
-130.602 173.986 -0.501082
-128.656 172.957 -0.502204
-126.762 171.877 -0.507083
-124.831 170.8 -0.512216
-122.904 169.706 -0.511659
-121.128 168.631 -0.508631
-119.226 167.624 -0.507142
-117.377 166.678 -0.504014
-115.585 165.702 -0.502072
-113.816 164.733 -0.501458
-112.036 163.732 -0.500358
-110.238 162.796 -0.501143
-108.56 161.958 -0.499938
-106.887 161.136 -0.500914
-105.289 160.266 -0.498515
-103.723 159.372 -0.498966
-102.208 158.501 -0.500308
-100.873 157.701 -0.498948
-99.0839 156.895 -0.498789
-97.5219 155.966 -0.500501
-96.3664 155.101 -0.505521
-94.5035 154.176 -0.502484
-92.906 153.35 -0.502767
-91.3385 152.498 -0.502658
-89.7296 151.635 -0.501228
-88.188 150.698 -0.501408
-86.5454 149.799 -0.499813
-84.8628 148.866 -0.502249
-83.3593 147.945 -0.502818
-81.7213 146.938 -0.506907
-80.1908 146.041 -0.506376
-78.6159 145.195 -0.50737
-77.0165 144.295 -0.507177
-75.4469 143.39 -0.507134
-74.1168 142.361 -0.513246
-72.4003 141.672 -0.511204
-70.8161 140.865 -0.511044
-69.2954 139.969 -0.517297
-67.6899 139.06 -0.517449
-66.1725 138.078 -0.516018
-64.7914 137.171 -0.514792
-63.4783 136.393 -0.512592
-62.2414 135.586 -0.511795
-61.0202 134.851 -0.511546
-59.8202 134.134 -0.511885
-58.6626 133.556 -0.511871
-57.5943 132.865 -0.511115
-56.4552 132.174 -0.510347
-55.1447 131.591 -0.513974
-53.9011 130.848 -0.512385
-52.8969 130.224 -0.513786
-51.661 129.517 -0.515658
-50.4422 128.751 -0.515178
-49.1813 128.013 -0.515668
-47.958 127.301 -0.51927
-46.686 126.528 -0.521036
-45.4225 125.782 -0.525307
-44.1465 125.047 -0.529875
-42.7799 124.341 -0.538969
-41.5311 123.615 -0.552127
-40.3971 122.797 -0.572408
-39.1472 121.927 -0.600995
-37.941 120.976 -0.64024
-36.8217 119.9 -0.693581
-35.7998 118.831 -0.758024
-34.8262 117.714 -0.826755
-33.9057 116.505 -0.90022
-33.1036 115.163 -0.978283
-32.4189 113.79 -1.05714
-31.9084 112.295 -1.13152
-31.3381 110.841 -1.20304
-30.8604 109.326 -1.2639
-30.4826 107.652 -1.31518
-30.1633 106.003 -1.36413
-29.9597 104.256 -1.41443
-29.857 102.448 -1.46159
-29.7733 100.646 -1.50615
-29.7847 98.8011 -1.54796
-29.8681 96.9192 -1.59046
-30.0537 95.017 -1.63347
-30.3515 93.2609 -1.67464
-30.6614 91.4112 -1.7121
-30.9937 89.5952 -1.74316
-31.3916 87.8314 -1.77047
-31.7562 86.1133 -1.79121
-32.2616 84.2977 -1.80479
-32.7205 82.6215 -1.80987
-33.1574 80.8955 -1.81278
-33.691 79.0666 -1.81336
-34.1378 77.2348 -1.81156
-34.6349 75.3262 -1.81192
-35.1259 73.3866 -1.80845
-35.5839 71.4311 -1.806
-36.1184 69.3901 -1.80303
-36.62 67.3252 -1.80181
-37.1406 65.2685 -1.80061
-37.6594 63.1687 -1.79855
-38.1479 61.041 -1.79541
-38.6877 58.8324 -1.79438
-39.2264 56.6227 -1.79251
-39.7742 54.4 -1.78949
-40.302 52.1179 -1.78597
-40.8293 49.8103 -1.78356
-41.3616 47.4391 -1.7814
-41.8925 45.0568 -1.77873
-42.4127 42.6767 -1.77704
-42.9398 40.2224 -1.77495
-43.4741 37.8234 -1.77251
-43.9937 35.3811 -1.76857
-44.4768 32.8366 -1.76303
-44.9478 30.4151 -1.75569
-45.4116 28.0054 -1.74919
-45.8277 25.5588 -1.73734
-46.2899 23.0354 -1.72784
-46.6514 20.5696 -1.71865
-46.9648 18.1147 -1.71107
-47.3397 15.6187 -1.69993
-47.6224 13.1239 -1.69004
-47.929 10.6472 -1.68003
-48.1772 8.20233 -1.66682
-48.3841 5.71356 -1.65231
-48.5678 3.17652 -1.63653
-48.6584 0.705759 -1.62054
-48.7298 -1.8417 -1.60474
-48.7786 -4.32984 -1.59274
-48.8709 -6.76113 -1.58484
-48.8655 -9.2047 -1.57516
-48.8718 -11.7016 -1.57138
-48.8363 -14.126 -1.56469
-48.7834 -16.5562 -1.55965
-48.7828 -18.9765 -1.55413
-48.766 -21.401 -1.55652
-48.7633 -23.8205 -1.55389
-48.7346 -26.2191 -1.55195
-48.6514 -28.5666 -1.54755
-48.6082 -30.9141 -1.54504
-48.5815 -33.2161 -1.5399
-48.506 -35.4852 -1.53715
-48.4273 -37.7492 -1.53194
-48.3137 -40.0131 -1.52616
-48.227 -42.2441 -1.52031
-48.0677 -44.5403 -1.51418
-47.9558 -46.7727 -1.50775
-47.7911 -48.9577 -1.49918
-47.6389 -51.1771 -1.49174
-47.4637 -53.4405 -1.47867
-47.1909 -55.5726 -1.47043
-46.9599 -57.7407 -1.46112
-46.664 -59.8315 -1.45289
-46.3735 -61.9168 -1.43871
-46.0933 -63.9952 -1.43224
-45.7618 -66.1298 -1.41707
-45.3899 -68.2004 -1.40278
-44.9562 -70.2196 -1.3889
-44.5423 -72.2117 -1.37282
-44.0401 -74.1516 -1.35514
-43.6411 -76.0951 -1.33799
-43.1516 -77.8846 -1.32024
-42.6531 -79.5985 -1.30314
-42.172 -81.1924 -1.28686
-41.657 -82.7255 -1.27043
-41.1667 -84.234 -1.2576
-40.6359 -85.7329 -1.24574
-40.2135 -87.3145 -1.2538
-39.7353 -88.858 -1.27488
-39.56 -90.5343 -1.32596
-39.4714 -92.0503 -1.40068
-39.432 -93.4546 -1.49303
-39.6138 -94.8779 -1.59812
-40.0334 -96.3476 -1.71202
-40.5208 -97.5924 -1.83113
-41.1706 -98.7823 -1.95325
-41.886 -99.8837 -2.07339
-42.6205 -100.847 -2.18393
-43.5897 -101.747 -2.28188
-44.7046 -102.748 -2.3594
-45.8098 -103.587 -2.41923
-46.7863 -104.364 -2.45692
-47.8601 -105.192 -2.4795
-49.0629 -106.084 -2.49737
-50.3173 -106.934 -2.51025
-51.5834 -107.829 -2.51916
-52.8792 -108.724 -2.52859
-54.2716 -109.68 -2.53273
-55.6063 -110.626 -2.53716
-56.9815 -111.632 -2.53746
-58.4056 -112.587 -2.53626
-59.7507 -113.501 -2.53318
-61.1522 -114.453 -2.5247
-62.5447 -115.48 -2.51141
-63.8643 -116.538 -2.49398
-65.1633 -117.583 -2.47416
-66.4413 -118.731 -2.44299
-67.6419 -119.851 -2.40603
-68.8754 -121.12 -2.36673
-70.0584 -122.477 -2.32414
-71.2962 -123.88 -2.2821
-72.433 -125.365 -2.24154
-73.6295 -126.903 -2.2011
-74.7332 -128.478 -2.16765
-75.7952 -130.107 -2.14225
-76.7626 -131.766 -2.11845
-77.8346 -133.462 -2.09518
-78.8812 -135.29 -2.07572
-79.8851 -137.07 -2.05885
-80.7929 -138.898 -2.04522
-81.7709 -140.8 -2.03426
-82.6791 -142.628 -2.02707
-83.5713 -144.454 -2.01982
-84.4604 -146.34 -2.01218
-85.27 -148.176 -2.01208
-86.2243 -150.098 -2.01501
-87.1324 -151.969 -2.00976
-88.0523 -153.819 -2.00937
-88.9864 -155.712 -2.01433
-89.8478 -157.568 -2.01583
-90.7653 -159.494 -2.0214
-91.6642 -161.332 -2.02567
-92.6124 -163.189 -2.029
-93.5899 -165.007 -2.03055
-94.528 -166.872 -2.03321
-95.5407 -168.685 -2.03475
-96.5122 -170.489 -2.03646
-97.5103 -172.303 -2.03452
-98.3596 -174.173 -2.03604
-99.2441 -176.008 -2.03378
-100.278 -177.928 -2.03279
-101.166 -179.752 -2.03148
-102.169 -181.606 -2.02576
-103.212 -183.64 -2.02887
-104.182 -185.66 -2.03211
-105.149 -187.745 -2.03322
-106.183 -189.785 -2.03412
-107.234 -191.825 -2.03458
-108.275 -193.922 -2.03688
-109.313 -196.016 -2.03541
-110.375 -198.064 -2.0337
-111.477 -200.138 -2.03455
-112.586 -202.223 -2.0325
-113.649 -204.307 -2.03275
-114.714 -206.414 -2.03216
-115.797 -208.63 -2.02726
-116.855 -210.719 -2.03265
-117.901 -212.926 -2.03375
-118.964 -215.092 -2.03532
-120.012 -217.174 -2.03848
-121.001 -219.135 -2.03982
-121.996 -221.174 -2.04101
-123.018 -223.214 -2.04322
-124.032 -225.25 -2.04507
-125.077 -227.233 -2.04448
-126.063 -229.224 -2.0452
-127.092 -231.246 -2.04835
-128.162 -233.242 -2.04963
-129.123 -235.223 -2.04514
-130.112 -237.128 -2.04285
-131.083 -239.1 -2.04094
-132.028 -241.03 -2.03492
-132.927 -242.952 -2.03176
-133.854 -244.892 -2.02771
-134.797 -246.67 -2.02344
-135.748 -248.514 -2.01794
-136.691 -250.475 -2.01034
-137.465 -252.265 -2.00164
-138.279 -254.135 -1.98103
-138.913 -255.882 -1.95803
-139.535 -257.667 -1.92862
-140.04 -259.281 -1.8926
-140.434 -260.926 -1.84818
-140.745 -262.586 -1.80187
-141.035 -264.327 -1.74246
-141.196 -266.041 -1.68588
-141.277 -267.742 -1.62956
-141.183 -269.297 -1.58022
-141.032 -270.962 -1.53416
-140.95 -272.565 -1.49505
-140.697 -274.022 -1.46026
-140.41 -275.647 -1.43169
-140.201 -277.291 -1.40536
-139.866 -278.868 -1.38254
-139.487 -280.49 -1.36046
-139.129 -282.102 -1.33792
-138.677 -283.719 -1.316
-138.18 -285.422 -1.29613
-137.703 -287.116 -1.27984
-137.151 -288.756 -1.26828
-136.602 -290.432 -1.2604
-136.024 -292.118 -1.25619
-135.457 -293.816 -1.25154
-134.917 -295.558 -1.24969
-134.343 -297.264 -1.24605
-133.774 -299.02 -1.24754
-133.221 -300.687 -1.24665
-132.719 -302.391 -1.24416
-132.193 -304.162 -1.24843
-131.622 -305.777 -1.25071
-131.085 -307.465 -1.24761
-130.547 -309 -1.24428
-130.016 -310.608 -1.24507
-129.523 -312.161 -1.24614
-129.072 -313.715 -1.24708
-128.551 -315.238 -1.249
-128.073 -316.726 -1.25159
-127.636 -318.146 -1.25485
-127.156 -319.519 -1.25728
-126.695 -320.907 -1.26062
-126.294 -322.265 -1.26736
-125.889 -323.556 -1.27828
-125.479 -324.834 -1.30455
-125.22 -326.016 -1.35034
-125.08 -327.148 -1.41299
-125.124 -328.237 -1.48842
-125.197 -329.268 -1.57249
-125.338 -330.273 -1.6702
-125.597 -331.105 -1.78192
-126.081 -331.911 -1.89711
-126.58 -332.672 -2.0182
-127.199 -333.314 -2.1384
-127.907 -333.884 -2.25912
-128.59 -334.444 -2.38526
-129.362 -334.8 -2.51039
-130.21 -335.147 -2.63512
-131.142 -335.364 -2.75845
-132.174 -335.475 -2.88283
-133.25 -335.396 -3.00541
-134.248 -335.321 -3.12204
-135.35 -335.131 3.05568
-136.342 -334.899 2.96391
-137.498 -334.601 2.90161
-138.683 -334.224 2.85753
-139.842 -333.849 2.82806
-141.1 -333.391 2.81224
-142.383 -332.932 2.80336
-143.687 -332.433 2.79492
-145.125 -331.901 2.7866
-146.581 -331.346 2.77462
-147.988 -330.786 2.7627
-149.449 -330.156 2.75305
-150.962 -329.478 2.74944
-152.51 -328.783 2.74663
-154.073 -328.123 2.74346
-155.626 -327.423 2.74203
-157.115 -326.711 2.73835
-158.602 -326.051 2.73985
-160.029 -325.423 2.73844
-161.551 -324.806 2.73752
-162.994 -324.196 2.73667
-164.425 -323.539 2.7389
-165.81 -322.978 2.74345
-167.231 -322.343 2.75281
-168.655 -321.788 2.759
-170.069 -321.232 2.76468
-171.519 -320.686 2.76783
-172.948 -320.123 2.77146
-174.418 -319.578 2.77259
-175.883 -319.03 2.77558
-177.355 -318.508 2.78398
-178.728 -318.031 2.79817
-180.163 -317.559 2.82545
-181.566 -317.185 2.86512
-182.955 -316.885 2.91158
-184.392 -316.59 2.95847
-185.823 -316.518 3.00625
-187.31 -316.435 3.06158
-188.72 -316.45 3.11666
-190.133 -316.598 -3.1055
-191.605 -316.759 -3.04626
-193.032 -317.037 -2.98906
-194.396 -317.39 -2.93073
-195.761 -317.797 -2.87169
-197.101 -318.329 -2.80343
-198.37 -318.947 -2.73639
-199.64 -319.659 -2.66703
-200.859 -320.456 -2.5975
-201.983 -321.304 -2.53245
-203.11 -322.284 -2.46714
-204.17 -323.269 -2.39852
-205.076 -324.375 -2.33011
-206.001 -325.578 -2.26226
-206.85 -326.846 -2.19386
-207.61 -328.185 -2.13161
-208.297 -329.608 -2.08085
-208.952 -331.051 -2.03894
-209.611 -332.542 -2.00207
-210.292 -334.101 -1.98339
-210.911 -335.611 -1.97333
-211.565 -337.241 -1.96679
-212.256 -338.87 -1.96595
-212.964 -340.543 -1.96453
-213.64 -342.253 -1.96295
-214.339 -343.962 -1.96143
-214.984 -345.687 -1.96024
-215.674 -347.469 -1.95954
-216.414 -349.241 -1.96159
-217.193 -350.99 -1.9629
-217.914 -352.704 -1.96564
-218.644 -354.553 -1.96266
-219.407 -356.472 -1.96122
-220.248 -358.499 -1.96394
-221.005 -360.428 -1.96292
-221.958 -362.534 -1.96405
-222.779 -364.595 -1.9655
-223.563 -366.592 -1.96316
-224.43 -368.7 -1.96734
-225.333 -370.862 -1.97024
-226.206 -372.959 -1.9675
-227.092 -375.12 -1.97109
-228.017 -377.262 -1.98039
-228.956 -379.388 -1.98182
-229.856 -381.495 -1.98255
-230.806 -383.645 -1.9833
-231.779 -385.8 -1.98375
-232.641 -387.908 -1.98346
-233.651 -390.134 -1.98367
-234.662 -392.395 -1.98735
-235.693 -394.646 -1.98879
-236.631 -396.836 -1.98696
-237.619 -399.063 -1.98563
-238.64 -401.327 -1.98107
-239.627 -403.602 -1.9781
-240.598 -405.847 -1.97553
-241.545 -408.119 -1.97309
-242.476 -410.402 -1.97326
-243.47 -412.744 -1.97098
-244.447 -415.107 -1.97035
-245.415 -417.378 -1.96824
-246.397 -419.722 -1.96757
-247.395 -422.065 -1.96583
-248.349 -424.458 -1.96386
-249.344 -426.789 -1.96328
-250.34 -429.164 -1.96361
-251.273 -431.502 -1.96334
-252.193 -433.845 -1.96409
-253.2 -436.173 -1.96353
-254.182 -438.52 -1.96298
-255.087 -440.807 -1.96178
-256.044 -443.103 -1.96079
-256.919 -445.432 -1.96115
-257.859 -447.66 -1.95943
-258.791 -449.923 -1.96057
-259.709 -452.175 -1.96092
-260.649 -454.43 -1.96098
-261.57 -456.642 -1.96081
-262.494 -458.865 -1.96053
-263.41 -461.053 -1.96056
-264.264 -463.195 -1.96115
-265.165 -465.422 -1.96132
-266.064 -467.639 -1.96147
-266.911 -469.752 -1.95809
-267.729 -471.831 -1.95447
-268.587 -473.894 -1.95558
-269.449 -475.988 -1.95538
-270.194 -478.012 -1.95416
-271.058 -480.05 -1.95086
-271.966 -482.207 -1.95048
-272.748 -484.235 -1.95384
-273.589 -486.279 -1.95668
-274.39 -488.299 -1.95945
-275.183 -490.333 -1.95946
-276.03 -492.315 -1.96334
-276.885 -494.317 -1.96583
-277.732 -496.276 -1.96777
-278.623 -498.292 -1.96842
-279.487 -500.248 -1.96919
-280.29 -502.186 -1.96862
-281.113 -504.235 -1.96822
-281.967 -506.225 -1.96687
-282.82 -508.185 -1.96656
-283.592 -510.051 -1.96487
-284.397 -511.954 -1.96376
-285.134 -513.879 -1.9597
-286.007 -515.816 -1.95595
-286.75 -517.703 -1.95169
-287.476 -519.556 -1.94867
-288.177 -521.372 -1.94405
-288.881 -523.145 -1.93983
-289.59 -524.863 -1.93533
-290.249 -526.543 -1.93198
-290.848 -528.176 -1.92864
-291.387 -529.707 -1.92839
-291.942 -531.147 -1.92656
-292.59 -532.566 -1.92999
-293.165 -534.076 -1.9272
-293.736 -535.407 -1.92675
-294.164 -536.783 -1.92775
-294.672 -538.252 -1.92789
-295.231 -539.662 -1.92908
-295.77 -541.015 -1.9314
-296.25 -542.351 -1.93779
-296.692 -543.572 -1.95607
-297.258 -544.696 -1.98852
-297.842 -545.767 -2.03797
-298.532 -546.752 -2.10563
-299.257 -547.642 -2.18272
-300.078 -548.479 -2.2689
-300.895 -549.193 -2.37524
-301.81 -549.626 -2.49166
-302.873 -549.884 -2.61518
-303.846 -550.224 -2.74805
-304.817 -550.25 -2.87913
-305.77 -549.998 -3.0047
-306.753 -549.983 -3.12523
-307.596 -549.464 3.06171
-308.585 -549.25 2.98496
-309.763 -548.932 2.92248
-310.82 -548.452 2.87893
-312.017 -548.152 2.84289
-313.011 -547.613 2.81952
-314.207 -547.246 2.80694
-315.406 -546.791 2.80156
-316.641 -546.296 2.80079
-318.081 -545.843 2.79961
-319.546 -545.401 2.79963
-320.957 -544.951 2.80198
-322.442 -544.362 2.80104
-323.945 -543.785 2.80562
-325.481 -543.194 2.80743
-327.055 -542.584 2.8105
-328.703 -541.956 2.81196
-330.41 -541.403 2.81267
-332.149 -540.827 2.81307
-333.945 -540.167 2.81475
-335.745 -539.539 2.8151
-337.595 -538.928 2.81397
-339.404 -538.28 2.81166
-341.189 -537.598 2.80921
-343.018 -536.941 2.80601
-344.83 -536.304 2.80316
-346.61 -535.679 2.79968
-348.312 -535.025 2.79771
-350.028 -534.41 2.79518
-351.718 -533.767 2.78912
-353.221 -533.194 2.78568
-354.975 -532.622 2.78829
-356.776 -531.792 2.78701
-358.382 -531.123 2.78285
-360.224 -530.497 2.78041
-361.943 -529.837 2.77658
-363.845 -529.22 2.77733
-365.726 -528.554 2.77533
-367.6 -527.829 2.77404
-369.461 -527.031 2.77323
-371.369 -526.246 2.77017
-373.234 -525.444 2.76794
-375.107 -524.666 2.76381
-377.076 -523.828 2.75686
-379.059 -523.058 2.74842
-380.98 -522.155 2.73972
-383.012 -521.21 2.72732
-384.882 -520.375 2.71294
-386.74 -519.405 2.69678
-388.704 -518.43 2.67808
-390.612 -517.425 2.65549
-392.544 -516.315 2.63007
-394.474 -515.133 2.60023
-396.293 -513.94 2.57028
-398.131 -512.627 2.53843
-399.931 -511.285 2.50837
-401.695 -509.897 2.47741
-403.435 -508.304 2.44667
-405.137 -506.785 2.41562
-406.785 -505.242 2.39015
-408.448 -503.647 2.3627
-410.091 -501.957 2.33896
-411.717 -500.118 2.319
-413.318 -498.31 2.30336
-414.932 -496.418 2.2919
-416.569 -494.51 2.28717
-418.204 -492.613 2.28516
-419.819 -490.683 2.28747
-421.403 -488.716 2.28629
-423.063 -486.74 2.28416
-424.679 -484.789 2.28103
-426.34 -482.848 2.27963
-427.903 -480.976 2.28583
-429.433 -479.154 2.29587
-431.036 -477.359 2.30876
-432.669 -475.638 2.32223
-434.291 -473.943 2.3333
-435.929 -472.24 2.3464
-437.561 -470.58 2.36127
-439.184 -468.963 2.37595
-440.784 -467.435 2.39162
-442.47 -465.792 2.41118
-444.087 -464.395 2.43116
-445.747 -462.958 2.45056
-447.444 -461.58 2.47516
-449.133 -460.33 2.49459
-450.78 -459.021 2.5107
-452.484 -457.767 2.52877
-454.061 -456.645 2.54435
-455.685 -455.57 2.56492
-457.243 -454.617 2.58371
-458.857 -453.655 2.59986
-460.424 -452.737 2.61606
-461.998 -451.842 2.63238
-463.551 -450.967 2.64628
-465.088 -450.173 2.65422
-466.579 -449.429 2.66445
-468.05 -448.685 2.66758
-469.497 -448 2.66914
-470.835 -447.204 2.66975
-472.145 -446.464 2.66244
-473.344 -445.839 2.64895
-474.545 -445.189 2.63241
-475.564 -444.547 2.6003
-476.495 -443.936 2.56433
-477.326 -443.207 2.51743
-478.064 -442.558 2.47283
-478.787 -441.874 2.42956
-479.477 -441.14 2.38741
-480.126 -440.402 2.33642
-480.719 -439.611 2.28047
-481.256 -438.718 2.21484
-481.774 -437.831 2.14507
-482.254 -436.858 2.06934
-482.6 -435.846 1.99188
-482.866 -434.774 1.91009
-483.077 -433.671 1.82855
-483.182 -432.45 1.74396
-483.231 -431.273 1.66272
-483.076 -429.95 1.57936
-482.846 -428.665 1.50123
-482.666 -427.34 1.43523
-482.342 -425.964 1.38645
-482.002 -424.459 1.35058
-481.636 -422.984 1.32644
-481.143 -421.423 1.30776
-480.706 -419.831 1.28706
-480.233 -418.229 1.27534
-479.716 -416.571 1.26146
-479.137 -414.919 1.25013
-478.513 -413.194 1.24473
-477.893 -411.407 1.24341
-477.243 -409.514 1.24662
-476.646 -407.651 1.25132
-476.112 -405.829 1.25674
-475.497 -403.938 1.25958
-474.839 -402.114 1.26069
-474.271 -400.248 1.2618
-473.635 -398.463 1.26096
-473.064 -396.689 1.2587
-472.474 -394.925 1.25897
-471.879 -393.181 1.26129
-471.294 -391.44 1.26332
-470.709 -389.802 1.26586
-470.173 -388.099 1.26797
-469.656 -386.421 1.26906
-469.169 -384.822 1.27213
-468.649 -383.15 1.27247
-468.068 -381.521 1.27465
-467.538 -379.911 1.27481
-467.001 -378.34 1.27467
-466.509 -376.705 1.27392
-466.049 -375.173 1.27381
-465.476 -373.61 1.27433
-464.957 -372.049 1.27158
-464.513 -370.524 1.27244
-463.964 -368.935 1.27026
-463.473 -367.344 1.27319
-463.029 -365.788 1.27076
-462.447 -364.204 1.27083
-461.946 -362.636 1.26858
-461.423 -361.063 1.27049
-460.878 -359.399 1.27207
-460.341 -357.798 1.26938
-459.873 -356.256 1.26703
-459.369 -354.753 1.26605
-458.806 -353.14 1.2659
-458.286 -351.515 1.26362
-457.699 -350.011 1.26243
-457.233 -348.479 1.2626
-456.732 -346.941 1.26366
-456.211 -345.45 1.26368
-455.728 -343.947 1.26103
-455.213 -342.487 1.26037
-454.712 -340.966 1.26071
-454.198 -339.523 1.25992
-453.678 -338.072 1.25861
-453.184 -336.661 1.25716
-452.714 -335.303 1.25617
-452.249 -333.948 1.25587
-451.845 -332.718 1.2555
-451.399 -331.475 1.25552
-450.983 -330.314 1.25675
-450.61 -329.22 1.25694
-450.306 -328.15 1.25732
-449.955 -327.173 1.25649
-449.643 -326.243 1.25912
-449.333 -325.312 1.26147
-449.034 -324.45 1.2613
-448.75 -323.662 1.26104
-448.486 -322.914 1.26093
-448.231 -322.209 1.26102
-447.992 -321.502 1.25974
-447.718 -320.78 1.2605
-447.468 -320.04 1.26044
-447.288 -319.298 1.26039
-447.054 -318.562 1.25969
-446.793 -317.788 1.25987
-446.552 -317.012 1.2586
-446.268 -316.21 1.25736
-445.968 -315.369 1.2578
-445.656 -314.488 1.25772
-445.38 -313.618 1.25886
-445.034 -312.734 1.25949
-444.717 -311.837 1.25972
-444.396 -310.882 1.25717
-444.088 -309.891 1.25468
-443.721 -308.887 1.25231
-443.354 -307.81 1.2498
-442.938 -306.745 1.2479
-442.557 -305.663 1.24443
-442.178 -304.538 1.2417
-441.817 -303.376 1.24075
-441.33 -302.163 1.24029
-440.9 -300.999 1.23882
-440.488 -299.75 1.23481
-440.042 -298.503 1.23116
-439.576 -297.228 1.22775
-439.108 -295.978 1.22573
-438.627 -294.699 1.224
-438.164 -293.385 1.22012
-437.636 -292.098 1.21674
-437.135 -290.826 1.21494
-436.654 -289.51 1.21344
-436.112 -288.228 1.21138
-435.623 -286.92 1.20652
-435.051 -285.615 1.20583
-434.576 -284.301 1.20498
-434.074 -283.006 1.20303
-433.545 -281.713 1.20123
-432.995 -280.477 1.19759
-432.515 -279.237 1.19102
-432.013 -278.044 1.18514
-431.529 -276.939 1.17923
-431.108 -275.927 1.1747
-430.707 -274.963 1.17542
-430.327 -273.998 1.17313
-429.964 -273.149 1.17211
-429.622 -272.414 1.17345
-429.282 -271.718 1.17431
-428.998 -271.028 1.17535
-428.673 -270.419 1.17565
-428.403 -269.841 1.17495
-428.204 -269.343 1.17209
-428.017 -268.881 1.16979
-427.801 -268.458 1.16908
-427.666 -268.111 1.16852
-427.531 -267.814 1.16695
-427.446 -267.544 1.1655
-427.345 -267.341 1.165
-427.234 -267.2 1.16534
-427.205 -267.118 1.16443
-427.182 -267.067 1.16335
-427.24 -267.034 1.16328
-427.235 -267.003 1.16185
-427.246 -266.992 1.15959
