0 0 8.74228e-08
-0.00711679 0.0265636 -0.000456007
-0.0257421 0.0129193 0.000495521
-0.0292624 -0.00374883 0.000662891
-0.0451876 0.012579 0.00107321
-0.0605096 0.0332058 0.000587074
-0.0705964 0.0347143 -0.000182064
-0.0952416 0.0252927 9.54549e-05
-0.121234 0.0138823 0.000604002
-0.107274 0.00574635 0.00167021
-0.0693974 0.00450498 0.0030528
-0.114459 -0.0185915 0.00343117
-0.135862 -0.0244233 0.00388631
-0.15495 -0.0142568 0.00499448
-0.174614 0.00139424 0.00606045
-0.195034 -0.0253682 0.00719556
-0.222121 -0.0363972 0.00805887
-0.23701 -0.00978462 0.00790891
-0.248891 -0.00913661 0.00894698
-0.296636 -0.00150294 0.00900611
-0.31627 -0.0259157 0.00932798
-0.345064 -0.0147377 0.00916657
-0.343418 -0.0256771 0.0103701
-0.351454 -0.0298157 0.0112883
-0.321001 -0.0265611 0.0120409
-0.3179 0.00343366 0.0137299
-0.164159 -0.014725 0.0166505
-0.00477482 -0.0347127 0.0201009
0.202005 -0.0226728 0.0244099
0.482239 -0.00923711 0.0300325
0.817859 -0.0220554 0.0357459
1.23602 -0.00876015 0.042692
1.6982 -0.00298579 0.0458823
2.23072 0.00661929 0.0495027
2.89199 0.103158 0.0502075
3.58197 0.13035 0.0509327
4.34916 0.159312 0.0494767
5.24498 0.2512 0.0515951
6.17929 0.288461 0.0545627
7.18359 0.386885 0.05631
8.27074 0.492875 0.0588377
9.41229 0.532287 0.0625835
10.5794 0.616642 0.0656427
11.9166 0.732247 0.0691327
13.316 0.860817 0.0719572
14.768 0.933209 0.0730501
16.278 1.05317 0.0759681
17.8556 1.12486 0.074905
19.5049 1.2282 0.0784892
21.1989 1.35806 0.0761834
23.0352 1.44831 0.0742215
24.8953 1.57088 0.0708121
26.8484 1.69607 0.068302
28.7847 1.77831 0.0623017
30.7858 1.82211 0.0592125
32.8702 1.92333 0.0572997
34.9848 2.03804 0.054844
37.1532 2.11864 0.0579072
39.4066 2.25197 0.0590032
41.7211 2.29237 0.062213
44.1167 2.42642 0.0684286
46.5906 2.61982 0.0767024
49.1072 2.79965 0.0855902
51.6366 2.9875 0.0973915
54.24 3.30094 0.107714
56.8703 3.63983 0.120875
59.5636 3.98075 0.136189
62.3134 4.34752 0.150588
65.1533 4.82103 0.160897
68.0058 5.26185 0.165781
70.8421 5.67599 0.169922
73.7045 6.1108 0.172582
76.618 6.55853 0.169333
79.6243 6.94436 0.166903
82.5369 7.35628 0.161682
85.5808 7.80072 0.152989
88.6077 8.21656 0.147648
91.751 8.64322 0.14235
94.8757 8.98752 0.137345
98.1555 9.391 0.13554
101.338 9.79383 0.133854
104.513 10.2136 0.131391
107.8 10.5676 0.131969
110.955 10.9438 0.132685
114.088 11.3165 0.129373
117.261 11.6765 0.126534
120.448 12.096 0.122659
123.59 12.4352 0.120789
126.742 12.7606 0.121825
129.859 13.123 0.123737
133.02 13.5044 0.125994
136.139 13.9708 0.126042
139.244 14.3933 0.125933
142.393 14.7044 0.125072
145.497 15.1112 0.123655
148.647 15.4278 0.123213
151.756 15.7748 0.125267
154.868 16.192 0.125905
157.972 16.5889 0.123355
161.05 16.9695 0.121081
164.135 17.3982 0.121877
167.249 17.7885 0.121837
170.395 18.1225 0.12214
173.5 18.4668 0.124632
176.582 18.8054 0.123354
179.673 19.1308 0.125778
182.776 19.5022 0.128636
185.862 19.8772 0.129852
188.96 20.2491 0.131756
192.092 20.6636 0.133444
195.171 21.1047 0.131517
198.254 21.4578 0.131096
201.389 21.8709 0.131508
204.518 22.301 0.131534
207.665 22.6904 0.135407
210.806 23.1613 0.138194
213.929 23.6123 0.139927
217.057 24.0201 0.140126
220.228 24.4523 0.144001
223.376 24.8604 0.143746
226.47 25.2774 0.141281
229.567 25.7086 0.137048
232.648 26.1246 0.132083
235.632 26.4964 0.129144
238.635 26.8392 0.124416
241.713 27.2378 0.120777
244.847 27.6247 0.124035
248.004 28.0275 0.123294
251.076 28.4412 0.12426
254.234 28.8403 0.125044
257.309 29.1994 0.126799
260.463 29.5739 0.129097
263.542 29.9432 0.134818
266.605 30.3793 0.136242
269.692 30.7719 0.136218
272.708 31.1252 0.132325
275.726 31.4962 0.12894
278.775 31.8393 0.125635
281.79 32.1552 0.123219
284.737 32.5025 0.124917
287.724 32.8608 0.126817
290.674 33.2362 0.124361
293.596 33.5719 0.1244
296.49 33.8991 0.124398
299.431 34.2322 0.125728
302.408 34.5563 0.124711
305.295 34.9544 0.12434
308.293 35.3028 0.123504
311.245 35.671 0.125534
314.315 36.0484 0.12714
317.348 36.3624 0.125801
320.435 36.7766 0.126864
323.515 37.1029 0.126276
326.629 37.4924 0.128716
329.754 37.868 0.1311
332.904 38.2463 0.13013
336.093 38.6236 0.129324
339.429 38.9733 0.128717
342.698 39.3806 0.128279
346.02 39.7486 0.128971
349.387 40.1348 0.131019
352.675 40.4835 0.131507
356.026 40.9077 0.132514
359.403 41.2808 0.132631
362.734 41.6793 0.133665
366.22 42.114 0.137616
369.761 42.547 0.138083
373.259 43.0161 0.137976
376.809 43.4514 0.138542
380.339 43.8643 0.138675
383.894 44.3164 0.137865
387.527 44.7818 0.137592
391.159 45.2188 0.139048
394.835 45.6225 0.137821
398.572 46.0656 0.133524
402.251 46.5736 0.137262
405.952 47.0794 0.13936
409.638 47.6354 0.135191
413.25 48.0384 0.140723
416.915 48.5404 0.143767
420.583 49.0004 0.144311
424.248 49.4509 0.145258
427.747 49.9694 0.144206
431.398 50.4593 0.14236
434.938 50.8379 0.138922
438.474 51.2909 0.137097
442.033 51.6871 0.134907
445.574 52.1605 0.136736
449.111 52.6003 0.136604
452.724 53.0493 0.135273
456.386 53.4953 0.13526
460.038 53.9469 0.134859
463.649 54.4189 0.134073
467.348 54.8837 0.138784
470.972 55.3125 0.13926
474.585 55.6803 0.140703
478.292 56.1387 0.142873
482.004 56.6129 0.142891
485.72 57.0563 0.142966
489.477 57.454 0.146365
493.23 57.8633 0.150445
496.979 58.309 0.148109
500.712 58.856 0.151948
504.374 59.3134 0.152728
507.989 59.7485 0.155825
511.651 60.2665 0.159291
515.271 60.8099 0.158152
518.874 61.318 0.156912
522.44 61.8158 0.154639
526.065 62.284 0.156575
529.676 62.7545 0.15336
533.255 63.3075 0.152933
536.888 63.7855 0.150717
540.505 64.3332 0.152932
544.122 64.9246 0.153919
547.674 65.5208 0.154635
551.296 65.9733 0.153371
554.933 66.4777 0.152139
558.555 66.9414 0.14974
562.178 67.4172 0.149788
565.773 67.9409 0.148445
569.411 68.4287 0.149347
573.062 68.8839 0.149894
576.665 69.3417 0.150053
580.278 69.8354 0.151979
583.942 70.2739 0.153015
587.617 70.7957 0.15601
591.277 71.3229 0.155919
594.973 71.8167 0.151293
598.686 72.3579 0.153239
602.405 72.8761 0.150003
606.153 73.3477 0.149778
609.856 73.8151 0.1518
613.604 74.3187 0.153974
617.304 74.8646 0.156167
621.02 75.3798 0.158659
624.766 75.8868 0.159309
628.573 76.3673 0.162335
632.336 76.9126 0.163324
636.062 77.4756 0.162557
639.832 78.0608 0.162346
643.553 78.5699 0.160213
647.336 79.152 0.159222
651.113 79.7249 0.158478
654.877 80.289 0.158362
658.463 80.8229 0.160401
662.28 81.3441 0.162009
666.081 81.8555 0.162876
669.807 82.3503 0.165938
673.461 82.8644 0.164587
677.161 83.4062 0.164429
680.919 83.9871 0.162981
684.678 84.5046 0.161426
688.499 85.0278 0.163341
692.287 85.6178 0.164758
696.103 86.1643 0.165758
699.865 86.7357 0.162897
703.49 87.3195 0.160338
707.201 87.9378 0.158489
711.006 88.4478 0.159815
714.789 88.9925 0.161091
718.61 89.605 0.160394
722.249 90.1821 0.16276
725.941 90.7069 0.162435
729.71 91.2674 0.164253
733.481 91.8236 0.162851
737.167 92.3268 0.159857
740.921 92.8467 0.158816
744.608 93.3995 0.155732
748.276 93.8623 0.157186
751.914 94.3615 0.156986
755.61 94.8181 0.158511
759.443 95.2994 0.158957
763.112 95.7599 0.160292
766.936 96.2387 0.161037
770.752 96.725 0.161427
774.483 97.2288 0.1611
778.217 97.742 0.161329
781.946 98.242 0.16415
785.731 98.773 0.162006
789.521 99.3015 0.16329
793.27 99.8152 0.161711
797.071 100.338 0.163718
800.864 100.875 0.16346
804.594 101.369 0.160216
808.381 101.9 0.1594
812.18 102.475 0.159359
815.963 103.021 0.160834
819.692 103.53 0.160384
823.485 104.032 0.16068
827.251 104.539 0.1574
830.985 105.114 0.160648
834.633 105.575 0.160204
838.318 106.111 0.159088
842.002 106.666 0.16072
845.726 107.209 0.164075
849.545 107.778 0.166763
853.322 108.335 0.168184
857.035 108.88 0.165994
860.801 109.487 0.166331
864.577 110.09 0.165578
868.33 110.645 0.167066
872.073 111.214 0.169688
875.758 111.832 0.165519
879.45 112.309 0.165643
883.168 112.882 0.165444
886.835 113.437 0.161574
890.593 113.914 0.161043
894.204 114.467 0.157939
897.911 115.015 0.159029
901.582 115.506 0.159899
905.23 116.049 0.160191
909.018 116.609 0.161327
912.685 117.144 0.157341
916.419 117.658 0.157232
920.174 118.193 0.154855
923.864 118.706 0.151406
927.555 119.233 0.153593
931.314 119.753 0.156456
935.062 120.228 0.15696
938.842 120.771 0.159206
942.403 121.353 0.157513
946.01 121.794 0.154091
949.693 122.294 0.152387
953.397 122.786 0.148994
957.035 123.266 0.150365
960.728 123.735 0.1476
964.424 124.19 0.144676
968.178 124.612 0.143781
971.835 125.092 0.139196
975.473 125.56 0.131918
979.13 125.945 0.12646
982.797 126.353 0.120985
986.476 126.75 0.115301
990.113 127.074 0.108029
993.794 127.371 0.101024
997.463 127.634 0.0934728
1001.12 127.86 0.0844661
1004.78 128.024 0.0776144
1008.48 128.25 0.0718132
1012.1 128.443 0.0745116
1015.81 128.628 0.0770632
1019.5 128.872 0.0775314
1023.15 129.107 0.0754863
1026.74 129.308 0.0700279
1030.45 129.47 0.0646361
1034.08 129.598 0.0622619
1037.75 129.748 0.0592199
1041.41 129.921 0.0603693
1045.06 129.979 0.063501
1048.72 130.124 0.0643736
1052.38 130.322 0.0649746
1056.04 130.462 0.066841
1059.67 130.652 0.071025
1063.31 130.855 0.074436
1066.96 131.058 0.0757054
1070.56 131.292 0.0770985
1074.19 131.507 0.0759366
1077.81 131.705 0.0707265
1081.41 131.898 0.0702311
1085.07 132.083 0.0664309
1088.68 132.251 0.0614108
1092.38 132.426 0.0630325
1096.03 132.597 0.0651425
1099.61 132.791 0.0649098
1103.25 132.938 0.0666591
1106.87 133.148 0.0693074
1110.48 133.334 0.0705951
1114.11 133.568 0.0724412
1117.71 133.816 0.0706423
1121.28 133.914 0.0728501
1124.92 134.135 0.0713707
1128.45 134.324 0.0693952
1132.02 134.452 0.0708114
1135.66 134.649 0.0720256
1139.3 134.875 0.0736898
1142.88 135.067 0.0737766
1146.37 135.3 0.073309
1149.95 135.522 0.07105
1153.54 135.711 0.0679773
1157.15 135.829 0.0684656
1160.67 136.022 0.0672744
1164.14 136.231 0.0695489
1167.69 136.454 0.0734952
1171.21 136.67 0.0707546
1174.78 136.821 0.067814
1178.37 136.967 0.065081
1182.08 137.16 0.0664357
1185.53 137.28 0.0655073
1189.12 137.399 0.0655752
1192.71 137.565 0.0649672
1196.31 137.695 0.0648123
1199.77 137.842 0.0659629
1203.24 137.996 0.0673443
1206.77 138.183 0.0675922
1210.31 138.355 0.065944
1213.73 138.525 0.0654033
1217.16 138.627 0.0682364
1220.54 138.895 0.0657857
1223.75 139.058 0.0660864
1227.03 139.209 0.0653385
1229.98 139.343 0.0670131
1232.86 139.533 0.0665062
1235.59 139.733 0.0640238
1238.19 139.865 0.063959
1240.63 140.032 0.0617517
1243.03 140.159 0.0606829
1245.21 140.268 0.0580464
1247.37 140.35 0.0562359
1249.32 140.369 0.0560819
1251.18 140.489 0.0549274
1252.99 140.554 0.0539788
1254.66 140.635 0.0551294
1256.22 140.736 0.0566457
1257.65 140.824 0.0547467
1259.02 140.881 0.0533944
1260.37 140.947 0.0531078
1261.6 141.001 0.0514093
1262.76 141.064 0.050881
1263.92 141.127 0.0526944
1265.02 141.23 0.0518428
1266.11 141.278 0.0530556
1267.11 141.314 0.0472396
1268.13 141.285 0.0471953
1269.06 141.336 0.0477119
1269.99 141.369 0.0474921
1270.85 141.416 0.0492388
1271.69 141.448 0.0495926
1272.41 141.413 0.0493184
1273.05 141.443 0.0481881
1273.59 141.447 0.048097
1274.09 141.454 0.0502334
1274.46 141.483 0.0486751
1274.74 141.469 0.0473183
1274.95 141.488 0.0484444
1275.12 141.479 0.0476914
1275.15 141.468 0.0472062
1275.16 141.442 0.0471509
1275.16 141.457 0.0459064
1275.12 141.471 0.0461434
1275.1 141.504 0.0461627
1275.12 141.491 0.0459703
1275.11 141.515 0.0445345
1275.09 141.526 0.0432654
1275.08 141.505 0.0438751
1275.1 141.502 0.0427612
1275.1 141.514 0.043424
1275.09 141.517 0.0436982
1275.08 141.499 0.0448159
1275.11 141.51 0.0460342
1275.15 141.482 0.047741
1275.16 141.492 0.0491219
1275.15 141.532 0.0498737
1275.19 141.481 0.050675
1275.21 141.512 0.0499142
1275.22 141.542 0.0495513
1275.25 141.561 0.0482372
1275.27 141.599 0.0481335
1275.31 141.617 0.0469426
1275.35 141.585 0.0474218
1275.38 141.614 0.0463694
1275.39 141.611 0.0481785
1275.41 141.606 0.0500964
1275.43 141.57 0.0517586
1275.44 141.593 0.0532449
1275.47 141.583 0.055095
1275.47 141.599 0.0567876
1275.5 141.578 0.0590044
1275.51 141.57 0.0609289
1275.49 141.634 0.0600894
1275.48 141.688 0.0591408
1275.5 141.724 0.0589486
1275.52 141.76 0.0586637
1275.55 141.789 0.0580321
1275.59 141.8 0.0579596
1275.61 141.825 0.05685
1275.62 141.815 0.0556875
1275.65 141.832 0.0544923
1275.64 141.862 0.05275
1275.68 141.84 0.0527552
1275.74 141.841 0.0536979
1275.79 141.843 0.0542782
1275.85 141.833 0.0550681
1275.91 141.818 0.0543049
1275.95 141.819 0.0552467
1276.02 141.813 0.0559083
1276.14 141.835 0.0567192
1276.34 141.881 0.0561102
1276.67 141.886 0.0567656
1277.04 141.885 0.0530435
1277.48 141.926 0.0519181
1278.02 141.95 0.0521363
1278.6 141.997 0.0521873
1279.29 142.028 0.0507208
1280.05 142.082 0.0492645
1280.9 142.107 0.0457621
1281.9 142.124 0.0425182
1282.92 142.165 0.0405672
1284 142.198 0.0365156
1285.16 142.241 0.0341671
1286.33 142.249 0.0340625
1287.68 142.25 0.0341788
1289.01 142.278 0.0312146
1290.55 142.308 0.0364076
1292.03 142.339 0.0378769
1293.63 142.463 0.0379754
1295.26 142.492 0.0390454
1296.99 142.566 0.0415805
1298.72 142.61 0.0448445
1300.57 142.698 0.0459278
1302.42 142.776 0.0483292
1304.39 142.881 0.0523904
1306.38 142.989 0.0543714
1308.4 143.165 0.0548499
1310.5 143.279 0.0566529
1312.64 143.391 0.0579704
1314.8 143.501 0.0596653
1317.08 143.628 0.0576638
1319.38 143.737 0.0580197
1321.7 143.823 0.0556782
1324.12 143.949 0.0531069
1326.6 144.007 0.0529657
1329.03 144.126 0.0502971
1331.6 144.22 0.0488277
1334.23 144.36 0.0481211
1336.93 144.452 0.0495695
1339.61 144.559 0.0500978
1342.33 144.654 0.0520063
1345.12 144.779 0.0507241
1347.98 144.914 0.0494798
1350.93 144.991 0.0503734
1353.88 145.053 0.0494052
1356.87 145.144 0.0502389
1359.95 145.227 0.0509754
1362.99 145.3 0.048756
1366.13 145.401 0.0537079
1369.25 145.563 0.0544561
1372.48 145.757 0.0529555
1375.68 145.974 0.0546587
1378.92 146.1 0.0541366
1382.15 146.214 0.0542575
1385.37 146.34 0.0544136
1388.57 146.489 0.0525103
1391.8 146.63 0.0521432
1395.03 146.722 0.0538331
1398.19 146.908 0.0505434
1401.4 147.06 0.0501853
1404.66 147.23 0.0530377
1407.7 147.411 0.0567294
1410.8 147.555 0.0567726
1413.79 147.763 0.0572768
1416.71 147.837 0.0565842
1419.85 147.998 0.0550843
1422.96 148.14 0.0620473
1426.15 148.273 0.0583526
1429.41 148.421 0.0506009
1432.72 148.478 0.0463918
1435.93 148.533 0.037794
1439.22 148.615 0.0254868
1442.52 148.625 0.0115059
1445.73 148.626 -0.00160828
1448.93 148.546 -0.0123498
1452.17 148.499 -0.0190572
1455.4 148.386 -0.0184878
1458.57 148.389 -0.0172726
1461.76 148.361 -0.00799671
1464.92 148.327 -0.0017542
1468.11 148.363 0.00616059
1471.28 148.427 0.0135566
1474.42 148.459 0.0172501
1477.54 148.484 0.0204533
1480.57 148.534 0.0246149
1483.65 148.604 0.0284518
1486.7 148.624 0.0332983
1489.69 148.759 0.0377339
1492.67 148.861 0.0399788
1495.64 148.952 0.0401123
1498.63 148.943 0.0360223
1501.52 148.96 0.0358838
1504.35 148.977 0.0281259
1507.2 149.075 0.0233928
1510.03 149.058 0.0182947
1512.77 149.065 0.0138281
1515.42 149.052 0.0110107
1518.03 149.029 0.00694427
1520.44 149.019 0.00414023
1522.78 148.987 0.00273928
1525.07 148.986 -0.00134149
1527.36 148.984 -0.00441566
1529.57 149.025 -0.00475756
1531.71 149.012 -0.00415674
1533.77 149.013 -0.00365511
1535.81 149.027 0.00063595
1537.62 149.07 -0.00162617
1539.34 149.015 -0.00334922
1541.07 149.049 -0.00331703
1542.7 149.026 -0.00606027
1544.16 148.972 -0.00666824
1545.54 148.943 -0.00647775
1546.79 148.983 -0.00827781
1547.9 148.964 -0.0158798
1549 148.978 -0.00652638
1549.89 148.979 -0.0138203
1550.71 148.973 -0.017491
1551.39 149.021 -0.0207135
1551.96 148.934 -0.0347661
1552.45 148.839 -0.0452589
1552.89 148.799 -0.0571539
1553.19 148.766 -0.0695695
1553.45 148.727 -0.0798902
1553.61 148.681 -0.089734
1553.72 148.674 -0.0939669
1553.78 148.649 -0.0965356
1553.86 148.642 -0.0998396
1553.91 148.639 -0.100931
1554.01 148.632 -0.106105
1554.16 148.65 -0.113237
1554.35 148.66 -0.122203
1554.59 148.643 -0.133488
1554.85 148.574 -0.152505
1555.16 148.513 -0.170039
1555.49 148.404 -0.190109
1555.94 148.321 -0.211628
1556.4 148.15 -0.237883
1556.91 147.982 -0.267622
1557.49 147.809 -0.298347
1558.1 147.595 -0.334927
1558.72 147.329 -0.371124
1559.31 147.012 -0.403361
1559.97 146.674 -0.439753
1560.65 146.289 -0.479328
1561.29 145.866 -0.519364
1562.01 145.354 -0.564045
1562.7 144.777 -0.615517
1563.44 144.278 -0.66502
1564.16 143.675 -0.720082
1564.77 143.034 -0.774011
1565.43 142.373 -0.831305
1565.95 141.661 -0.88843
1566.38 140.965 -0.940881
1566.8 140.266 -0.998626
1567.16 139.51 -1.0553
1567.46 138.717 -1.11683
1567.75 137.864 -1.18134
1567.99 136.968 -1.24646
1568.1 136.089 -1.31645
1568.21 135.086 -1.39883
1568.22 134.051 -1.48114
1568.14 132.949 -1.56828
1567.97 131.837 -1.65678
1567.66 130.691 -1.74036
1567.28 129.474 -1.81361
1566.82 128.224 -1.87064
1566.28 126.944 -1.91466
1565.71 125.594 -1.95461
1565.03 124.23 -1.98574
1564.26 122.818 -2.0054
1563.53 121.338 -2.02077
1562.71 119.834 -2.02586
1561.95 118.169 -2.02085
1561.15 116.537 -2.01598
1560.32 114.774 -2.01494
1559.47 112.974 -2.01288
1558.55 111.07 -2.00756
1557.65 109.2 -2.00752
1556.71 107.231 -2.00554
1555.74 105.185 -2.0069
1554.76 103.088 -2.00526
1553.78 100.99 -2.00481
1552.81 98.7763 -2.00854
1551.76 96.5628 -2.00924
1550.68 94.2864 -2.00688
1549.56 92.0096 -2.00684
1548.45 89.6554 -2.00674
1547.31 87.2487 -2.00784
1546.13 84.7934 -2.00649
1544.98 82.2863 -2.00883
1543.76 79.7026 -2.01392
1542.54 77.1482 -2.01251
1541.2 74.6218 -2.01284
1539.99 72.0827 -2.01456
1538.77 69.5564 -2.01587
1537.55 66.9788 -2.01686
1536.31 64.3677 -2.01426
1535.05 61.7994 -2.0144
1533.82 59.2114 -2.01343
1532.57 56.571 -2.01044
1531.33 53.9288 -2.01028
1530.04 51.2507 -2.00913
1528.75 48.5635 -2.0093
1527.42 45.8457 -2.00835
1526.12 43.1477 -2.00767
1524.79 40.4005 -2.00835
1523.46 37.6825 -2.00957
1522.17 34.9053 -2.00876
1520.85 32.1346 -2.00965
1519.5 29.3372 -2.00927
1518.16 26.5218 -2.00791
1516.83 23.6355 -2.0081
1515.46 20.7734 -2.00856
1514.09 17.8604 -2.00773
1512.75 14.9442 -2.00765
1511.38 12.051 -2.00871
1509.98 9.20227 -2.00728
1508.6 6.31495 -2.00803
1507.21 3.41835 -2.00877
1505.84 0.472249 -2.00723
1504.49 -2.4324 -2.00651
1503.07 -5.36922 -2.00312
1501.7 -8.28405 -2.00177
1500.35 -11.2241 -1.99951
1498.98 -14.2092 -1.99523
1497.64 -17.1479 -2.00064
1496.27 -20.1369 -1.99925
1494.84 -23.0833 -1.99576
1493.4 -26.0464 -1.99046
1492.02 -29.0483 -1.98659
1490.64 -32.0199 -1.98347
1489.28 -35.0595 -1.98393
1487.9 -38.0947 -1.98203
1486.55 -41.1434 -1.97892
1485.15 -44.1636 -1.97579
1483.85 -47.2457 -1.97077
1482.51 -50.3216 -1.97007
1481.19 -53.4551 -1.96694
1479.81 -56.5891 -1.96593
1478.53 -59.6411 -1.96638
1477.24 -62.7061 -1.9643
1475.95 -65.7632 -1.95934
1474.69 -68.8034 -1.96003
1473.43 -71.8397 -1.95748
1472.16 -74.8571 -1.95694
1470.92 -77.8396 -1.95645
1469.67 -80.8724 -1.95182
1468.43 -83.8457 -1.95162
1467.22 -86.879 -1.95019
1465.98 -89.9062 -1.94824
1464.77 -92.9249 -1.94627
1463.59 -96.0207 -1.94649
1462.39 -99.0356 -1.94466
1461.17 -102.024 -1.94534
1459.92 -105.067 -1.94438
1458.7 -108.089 -1.94417
1457.46 -111.083 -1.94295
1456.25 -114.075 -1.9435
1455.06 -117.071 -1.94425
1453.81 -120.046 -1.9433
1452.61 -122.991 -1.94033
1451.39 -125.969 -1.94136
1450.24 -128.957 -1.94097
1449.01 -131.892 -1.93975
1447.85 -134.835 -1.94064
1446.67 -137.73 -1.94103
1445.51 -140.643 -1.93882
1444.35 -143.542 -1.93909
1443.21 -146.411 -1.94034
1442.07 -149.289 -1.93936
1440.98 -152.107 -1.94012
1439.87 -154.862 -1.94147
1438.72 -157.651 -1.94292
1437.61 -160.394 -1.94278
1436.55 -163.007 -1.94236
1435.55 -165.523 -1.94209
1434.51 -167.987 -1.94001
1433.57 -170.446 -1.93888
1432.62 -172.775 -1.93723
1431.73 -175.111 -1.93601
1430.84 -177.306 -1.93369
1430.03 -179.493 -1.92985
1429.23 -181.584 -1.92698
1428.46 -183.602 -1.92498
1427.69 -185.593 -1.9228
1427.01 -187.379 -1.92111
1426.39 -189.088 -1.93052
1425.8 -190.602 -1.95175
1425.14 -192.026 -1.98579
1424.5 -193.335 -2.03645
1423.8 -194.524 -2.11096
1422.89 -195.654 -2.19848
1421.84 -196.693 -2.29475
1420.83 -197.542 -2.39653
1419.6 -198.254 -2.49957
1418.51 -198.931 -2.60487
1417.13 -199.362 -2.70607
1415.75 -199.769 -2.80853
1414.35 -200.063 -2.90727
1412.91 -200.219 -2.99756
1411.38 -200.256 -3.07063
1409.77 -200.227 -3.1203
1408.12 -200.151 3.12415
1406.39 -200.102 3.09886
1404.66 -199.973 3.08222
1402.72 -199.811 3.07245
1400.79 -199.704 3.06637
1398.78 -199.57 3.06349
1396.7 -199.329 3.06413
1394.53 -199.143 3.06648
1392.37 -198.949 3.0717
1390.13 -198.742 3.07705
1387.77 -198.564 3.08329
1385.33 -198.451 3.09212
1382.88 -198.354 3.10094
1380.36 -198.285 3.11063
1377.84 -198.175 3.12215
1375.15 -198.124 3.13194
1372.4 -198.142 3.14121
1369.62 -198.11 -3.13019
1366.81 -198.15 -3.11887
1363.91 -198.159 -3.1089
1360.95 -198.249 -3.10087
1357.99 -198.364 -3.09242
1355.02 -198.484 -3.08512
1351.99 -198.623 -3.08049
1349.02 -198.747 -3.07716
1346.04 -198.916 -3.07621
1343.05 -199.045 -3.07575
1340.02 -199.228 -3.07759
1336.97 -199.402 -3.07789
1333.88 -199.545 -3.07922
1330.86 -199.709 -3.08198
1327.76 -199.878 -3.08271
1324.57 -200.067 -3.08184
1321.42 -200.192 -3.08221
1318.24 -200.327 -3.0832
1315 -200.476 -3.08308
1311.78 -200.605 -3.08222
1308.45 -200.759 -3.0822
1305.11 -200.892 -3.08386
1301.76 -201.032 -3.08558
1298.38 -201.215 -3.08717
1294.96 -201.402 -3.08824
1291.54 -201.519 -3.08777
1288.11 -201.673 -3.09064
1284.6 -201.804 -3.08945
1281.08 -201.982 -3.08896
1277.59 -202.1 -3.08622
1274.06 -202.242 -3.08744
1270.52 -202.42 -3.08954
1266.91 -202.547 -3.08505
1263.32 -202.729 -3.08464
1259.73 -202.877 -3.08667
1256.06 -203.027 -3.08264
1252.43 -203.199 -3.08151
1248.76 -203.401 -3.07938
1245.1 -203.571 -3.07547
1241.42 -203.772 -3.0728
1237.74 -203.971 -3.07055
1234.08 -204.173 -3.06922
1230.4 -204.398 -3.06665
1226.74 -204.638 -3.06309
1223.04 -204.939 -3.05991
1219.38 -205.204 -3.05653
1215.71 -205.511 -3.05015
1212.12 -205.787 -3.04673
1208.45 -206.123 -3.04456
1204.77 -206.446 -3.03879
1201.07 -206.806 -3.03347
1197.37 -207.221 -3.0252
1193.67 -207.638 -3.01552
1189.88 -208.066 -3.00741
1186.2 -208.555 -2.99727
1182.53 -209.071 -2.98564
1178.94 -209.604 -2.97524
1175.3 -210.169 -2.96687
1171.57 -210.815 -2.95703
1167.88 -211.473 -2.94939
1164.19 -212.158 -2.94264
1160.45 -212.884 -2.93683
1156.69 -213.605 -2.93116
1152.94 -214.374 -2.92728
1149.18 -215.146 -2.92371
1145.38 -215.958 -2.92268
1141.58 -216.734 -2.91814
1137.68 -217.648 -2.91476
1133.83 -218.437 -2.91089
1129.93 -219.313 -2.90992
1125.98 -220.195 -2.90722
1122.02 -221.099 -2.90673
1118.04 -221.968 -2.90651
1114.1 -222.872 -2.90357
1110.07 -223.773 -2.90281
1106.08 -224.744 -2.9023
1102.12 -225.61 -2.89813
1098.08 -226.546 -2.89369
1094.08 -227.502 -2.88918
1089.96 -228.544 -2.88141
1085.93 -229.558 -2.87496
1081.81 -230.58 -2.86886
1077.75 -231.665 -2.85961
1073.9 -232.704 -2.85234
1069.91 -233.764 -2.85024
1065.88 -234.894 -2.84703
1061.93 -236.012 -2.84793
1057.91 -237.141 -2.84469
1053.94 -238.256 -2.84091
1050.07 -239.481 -2.83097
1046.12 -240.707 -2.82008
1042.15 -241.973 -2.81053
1038.22 -243.328 -2.80217
1034.39 -244.729 -2.79537
1030.49 -246.128 -2.78839
1026.56 -247.524 -2.78308
1022.63 -248.935 -2.77861
1018.68 -250.328 -2.77783
1014.66 -251.729 -2.77437
1010.73 -253.191 -2.77095
1006.73 -254.639 -2.76871
1002.8 -256.14 -2.76459
998.879 -257.669 -2.76283
994.995 -259.161 -2.75897
991.042 -260.651 -2.75658
987.069 -262.182 -2.75594
983.14 -263.804 -2.75627
979.229 -265.364 -2.75357
975.322 -266.875 -2.75138
971.508 -268.441 -2.74902
967.585 -270.007 -2.74479
963.636 -271.598 -2.74107
959.767 -273.172 -2.73493
955.856 -274.839 -2.72315
951.974 -276.541 -2.71351
948.164 -278.2 -2.70734
944.437 -279.888 -2.70021
940.654 -281.653 -2.69276
936.985 -283.346 -2.68338
933.268 -285.126 -2.67511
929.598 -286.878 -2.67005
925.953 -288.649 -2.66366
922.206 -290.483 -2.65687
918.574 -292.364 -2.64804
914.952 -294.279 -2.64015
911.28 -296.216 -2.63263
907.637 -298.187 -2.62245
904.036 -300.176 -2.61291
900.348 -302.289 -2.60471
896.794 -304.388 -2.59662
893.182 -306.523 -2.58781
889.689 -308.71 -2.58269
886.073 -310.946 -2.57484
882.619 -313.132 -2.56399
879.191 -315.301 -2.55555
875.632 -317.626 -2.54754
872.229 -319.804 -2.53904
868.787 -322.147 -2.52954
865.418 -324.463 -2.52157
862.046 -326.777 -2.5133
858.747 -329.157 -2.50818
855.433 -331.525 -2.49879
851.978 -334.032 -2.49213
848.646 -336.537 -2.48545
845.358 -338.981 -2.48319
842.091 -341.459 -2.47859
838.701 -344.076 -2.47627
835.431 -346.543 -2.47127
832.266 -348.99 -2.46959
828.922 -351.518 -2.46687
825.752 -353.929 -2.46726
822.546 -356.391 -2.4682
819.309 -358.858 -2.46734
816.068 -361.346 -2.46555
812.941 -363.802 -2.46435
809.712 -366.298 -2.46081
806.431 -368.832 -2.4574
803.176 -371.416 -2.45718
800.054 -373.882 -2.45581
796.883 -376.371 -2.45596
793.728 -378.82 -2.45485
790.494 -381.395 -2.4504
787.264 -384.026 -2.44884
784.161 -386.593 -2.44709
781.008 -389.11 -2.44574
777.878 -391.654 -2.44471
774.697 -394.268 -2.4437
771.577 -396.806 -2.44307
768.416 -399.429 -2.43932
765.242 -402.073 -2.43712
762.046 -404.649 -2.43687
758.866 -407.237 -2.43607
755.663 -409.866 -2.43082
752.52 -412.556 -2.43045
749.431 -415.128 -2.43007
746.272 -417.714 -2.42779
743.208 -420.277 -2.42315
740.121 -422.916 -2.42209
737.005 -425.537 -2.41938
733.933 -428.066 -2.41984
730.921 -430.584 -2.41918
727.933 -433.073 -2.42144
724.991 -435.65 -2.42258
721.983 -438.188 -2.42282
718.973 -440.765 -2.42168
715.986 -443.25 -2.42366
713.016 -445.772 -2.42336
709.902 -448.418 -2.42384
706.85 -451.005 -2.42314
703.822 -453.618 -2.42222
700.709 -456.088 -2.42289
697.715 -458.635 -2.42386
694.718 -461.135 -2.42326
691.671 -463.633 -2.4245
688.667 -466.215 -2.42266
685.65 -468.785 -2.41972
682.56 -471.265 -2.41771
679.532 -473.753 -2.41925
676.461 -476.279 -2.42068
673.399 -478.789 -2.42161
670.366 -481.268 -2.4246
667.386 -483.722 -2.42375
664.502 -486.226 -2.42399
661.554 -488.702 -2.42313
658.676 -491.102 -2.42325
655.713 -493.579 -2.42367
652.761 -496.021 -2.42331
649.86 -498.461 -2.42297
646.995 -500.89 -2.42299
644.057 -503.343 -2.42429
641.174 -505.741 -2.42625
638.289 -508.12 -2.42596
635.496 -510.518 -2.42735
632.557 -512.945 -2.42869
629.68 -515.306 -2.43103
626.779 -517.669 -2.43023
623.94 -519.958 -2.42979
621.089 -522.273 -2.42768
618.289 -524.572 -2.42624
615.531 -526.904 -2.4265
612.745 -529.314 -2.42462
609.92 -531.687 -2.42201
607.096 -534.067 -2.42099
604.296 -536.426 -2.42002
601.438 -538.798 -2.41954
598.536 -541.225 -2.41711
595.698 -543.614 -2.41923
592.903 -545.996 -2.4219
590.097 -548.366 -2.42637
587.277 -550.729 -2.42726
584.404 -553.077 -2.42757
581.509 -555.54 -2.42917
578.712 -557.87 -2.4291
575.833 -560.265 -2.43388
572.988 -562.598 -2.43413
570.187 -564.918 -2.43725
567.285 -567.254 -2.43807
564.463 -569.584 -2.44043
561.547 -571.898 -2.44261
558.636 -574.224 -2.44392
555.781 -576.549 -2.44499
552.915 -578.801 -2.44677
550.086 -581.039 -2.44866
547.285 -583.248 -2.451
544.518 -585.444 -2.45402
541.776 -587.622 -2.45571
539.023 -589.77 -2.45921
536.263 -591.968 -2.46076
533.517 -594.118 -2.46289
530.776 -596.23 -2.46596
528.017 -598.326 -2.46907
525.353 -600.365 -2.47131
522.631 -602.39 -2.47203
519.902 -604.443 -2.47131
517.234 -606.423 -2.47423
514.583 -608.4 -2.47595
511.953 -610.399 -2.47047
509.387 -612.424 -2.46627
506.851 -614.439 -2.45768
504.313 -616.461 -2.45179
501.841 -618.444 -2.44786
499.381 -620.482 -2.44534
497.02 -622.495 -2.44525
494.548 -624.437 -2.4455
492.208 -626.337 -2.44238
489.865 -628.319 -2.44184
487.549 -630.219 -2.43857
485.254 -632.146 -2.4416
483.039 -633.927 -2.44024
480.912 -635.705 -2.44198
478.796 -637.44 -2.44336
476.764 -639.116 -2.44503
474.793 -640.708 -2.44707
472.897 -642.281 -2.449
471.058 -643.752 -2.45124
469.289 -645.219 -2.46027
467.527 -646.608 -2.47558
465.91 -647.819 -2.49797
464.285 -648.997 -2.52204
462.61 -650.003 -2.54964
460.969 -651.049 -2.58527
459.342 -651.978 -2.62119
457.724 -652.784 -2.65485
456.104 -653.555 -2.6885
454.508 -654.194 -2.72646
452.913 -654.799 -2.76648
451.323 -655.317 -2.81169
449.735 -655.717 -2.86241
448.18 -656.022 -2.91509
446.635 -656.26 -2.96986
445.055 -656.385 -3.02373
443.516 -656.434 -3.07763
441.967 -656.43 -3.13236
440.403 -656.316 3.09699
438.82 -656.126 3.04019
437.302 -655.832 2.9791
435.773 -655.451 2.91766
434.265 -654.939 2.85861
432.76 -654.382 2.80009
431.267 -653.71 2.75152
429.741 -653.013 2.70469
428.287 -652.159 2.65975
426.817 -651.254 2.61423
425.358 -650.246 2.56925
423.941 -649.173 2.52561
422.547 -648.03 2.48436
421.207 -646.809 2.44737
419.893 -645.51 2.41558
418.521 -644.183 2.3885
417.167 -642.8 2.36293
415.81 -641.402 2.33782
414.396 -639.915 2.3184
413.009 -638.42 2.30047
411.63 -636.825 2.28335
410.262 -635.196 2.26763
408.895 -633.484 2.25732
407.539 -631.768 2.25346
406.178 -629.995 2.24983
404.717 -628.275 2.24382
403.27 -626.473 2.23796
401.846 -624.63 2.23454
400.432 -622.733 2.23095
398.966 -620.851 2.23237
397.466 -618.94 2.23492
395.946 -616.977 2.23714
394.399 -615.012 2.23847
392.866 -613.016 2.23688
391.29 -610.96 2.2359
389.723 -608.896 2.23538
388.108 -606.823 2.23415
386.509 -604.708 2.23741
384.874 -602.529 2.24063
383.167 -600.356 2.2451
381.456 -598.216 2.24603
379.725 -596.008 2.24817
377.945 -593.778 2.25205
376.216 -591.547 2.25157
374.432 -589.248 2.25252
372.61 -587.032 2.25308
370.793 -584.81 2.25374
369.029 -582.565 2.25648
367.245 -580.318 2.26022
365.442 -578.098 2.26311
363.649 -575.882 2.26268
361.866 -573.642 2.2653
360.068 -571.399 2.26806
358.198 -569.146 2.27054
356.335 -566.894 2.27258
354.429 -564.604 2.27323
352.547 -562.322 2.27425
350.627 -560.058 2.27363
348.738 -557.763 2.27461
346.803 -555.498 2.27334
344.824 -553.242 2.2695
342.948 -550.877 2.26456
341.044 -548.583 2.26025
339.196 -546.163 2.25817
337.283 -543.75 2.25932
335.429 -541.335 2.26066
333.491 -538.99 2.26255
331.52 -536.615 2.26303
329.539 -534.256 2.2645
327.602 -531.834 2.267
325.638 -529.45 2.26658
323.675 -527.056 2.26705
321.722 -524.637 2.26771
319.812 -522.201 2.27115
317.931 -519.783 2.27194
315.995 -517.432 2.27013
314.116 -515.052 2.26595
312.231 -512.67 2.26575
310.348 -510.304 2.26554
308.475 -507.957 2.26549
306.585 -505.602 2.26514
304.739 -503.237 2.26588
302.871 -500.893 2.26553
301.041 -498.559 2.26682
299.147 -496.251 2.26595
297.23 -493.914 2.26417
295.377 -491.584 2.26454
293.502 -489.314 2.26685
291.706 -487.071 2.26787
289.94 -484.868 2.26743
288.193 -482.67 2.26881
286.499 -480.547 2.26967
284.799 -478.447 2.26944
283.168 -476.43 2.26879
281.56 -474.489 2.26379
280.016 -472.58 2.25378
278.548 -470.694 2.23801
277.128 -468.848 2.22059
275.851 -467.12 2.20138
274.673 -465.379 2.17795
273.594 -463.651 2.15469
272.6 -462.048 2.12501
271.703 -460.478 2.09022
270.967 -458.91 2.05042
270.292 -457.474 2.0059
269.733 -456.04 1.96165
269.274 -454.709 1.91453
268.967 -453.349 1.86311
268.724 -451.983 1.80912
268.548 -450.674 1.75796
268.464 -449.399 1.70247
268.44 -448.113 1.64124
268.577 -446.853 1.57772
268.726 -445.565 1.51458
268.94 -444.314 1.44846
269.232 -443.05 1.38378
269.603 -441.809 1.31913
270.153 -440.526 1.25676
270.715 -439.28 1.19447
271.362 -438.024 1.137
272.077 -436.808 1.08576
272.887 -435.547 1.03758
273.779 -434.292 0.993117
274.692 -433.072 0.959065
275.688 -431.829 0.927596
276.669 -430.578 0.898976
277.82 -429.326 0.873782
278.955 -428.067 0.849315
280.109 -426.858 0.827874
281.291 -425.598 0.810086
282.577 -424.349 0.79295
283.854 -423.109 0.778805
285.209 -421.83 0.768548
286.657 -420.459 0.765228
288.143 -419.158 0.759687
289.648 -417.801 0.757856
291.231 -416.379 0.757359
292.799 -414.948 0.760941
294.364 -413.428 0.762893
295.998 -411.931 0.764257
297.742 -410.322 0.755168
299.413 -408.751 0.750153
301.19 -407.16 0.746356
303.009 -405.538 0.744044
304.875 -403.894 0.744779
306.733 -402.217 0.748075
308.584 -400.484 0.753018
310.478 -398.751 0.754494
312.367 -396.945 0.758126
314.245 -395.157 0.760861
316.241 -393.371 0.7604
318.124 -391.585 0.757495
319.976 -389.844 0.754612
321.853 -388.094 0.753239
323.738 -386.354 0.756251
325.589 -384.651 0.757608
327.391 -382.906 0.763131
329.259 -381.161 0.769351
331.194 -379.308 0.777033
332.997 -377.544 0.780986
334.859 -375.71 0.786832
336.713 -373.833 0.795379
338.652 -371.875 0.803021
340.546 -369.922 0.806405
342.507 -367.881 0.811596
344.494 -365.858 0.815018
346.374 -363.865 0.816786
348.371 -361.798 0.813155
350.386 -359.754 0.809729
352.485 -357.619 0.805993
354.644 -355.466 0.799475
356.805 -353.314 0.790341
359.024 -351.165 0.783706
361.324 -348.972 0.775607
363.582 -346.828 0.765609
365.958 -344.59 0.763552
368.324 -342.356 0.761523
370.765 -340.111 0.764363
373.185 -337.808 0.764742
375.682 -335.477 0.761562
378.237 -332.982 0.767506
380.772 -330.578 0.762195
383.396 -328.054 0.763896
386.022 -325.543 0.765219
388.646 -323.052 0.766732
391.305 -320.437 0.76827
394.016 -317.877 0.767415
396.727 -315.302 0.769544
399.463 -312.634 0.773869
402.246 -310.023 0.774402
404.975 -307.341 0.7768
407.728 -304.664 0.775714
410.521 -301.872 0.780672
413.392 -299.124 0.781329
416.306 -296.445 0.779292
419.158 -293.754 0.771273
422.051 -291.013 0.768833
424.925 -288.216 0.766957
427.89 -285.416 0.765701
430.916 -282.632 0.773895
433.862 -279.765 0.778089
436.767 -276.947 0.781366
439.631 -274.122 0.787254
442.486 -271.435 0.787334
445.395 -268.735 0.788987
448.314 -266.028 0.792415
451.12 -263.305 0.7928
453.99 -260.558 0.795494
456.816 -257.817 0.799016
459.569 -255.246 0.80029
462.229 -252.642 0.800752
464.868 -249.927 0.802569
467.49 -247.217 0.803926
470.082 -244.538 0.800866
472.794 -241.911 0.799911
475.474 -239.313 0.793592
478.099 -236.673 0.790731
480.811 -234.02 0.786357
483.478 -231.477 0.782676
486.259 -228.769 0.782789
488.893 -226.138 0.785682
491.614 -223.56 0.781171
494.395 -220.952 0.780462
497.134 -218.375 0.781931
499.839 -215.781 0.78301
502.537 -213.183 0.783443
505.273 -210.56 0.786311
508.028 -207.896 0.79033
510.694 -205.326 0.789235
513.459 -202.69 0.788441
516.24 -199.999 0.787982
518.996 -197.36 0.786485
521.783 -194.717 0.784624
524.69 -191.95 0.78553
527.453 -189.223 0.784107
530.296 -186.499 0.784456
533.103 -183.845 0.787854
535.926 -181.083 0.789345
538.737 -178.352 0.794477
541.456 -175.594 0.793505
544.318 -172.784 0.794057
547.202 -169.972 0.795985
550.054 -167.159 0.797082
552.971 -164.334 0.797558
555.807 -161.524 0.797777
558.659 -158.766 0.796342
561.516 -155.872 0.797755
564.408 -153.03 0.797924
567.283 -150.206 0.798353
570.137 -147.413 0.79511
573.031 -144.625 0.793014
576.106 -141.76 0.790501
579.123 -138.869 0.791149
582.052 -136.021 0.790954
585.041 -133.096 0.791867
587.992 -130.208 0.79017
591.012 -127.254 0.792145
593.983 -124.262 0.79553
596.924 -121.342 0.795521
599.883 -118.416 0.798203
602.722 -115.611 0.798785
605.535 -112.699 0.796529
608.418 -109.922 0.797525
611.275 -107.083 0.797436
614.091 -104.221 0.799705
616.952 -101.401 0.802095
619.727 -98.6444 0.803251
622.513 -95.7951 0.806066
625.283 -92.9878 0.80607
628.065 -90.218 0.805316
630.893 -87.4436 0.80432
633.652 -84.6623 0.80028
636.451 -81.941 0.799852
639.256 -79.1816 0.797925
642.14 -76.4235 0.797843
644.982 -73.6478 0.798502
647.825 -70.8397 0.799819
650.731 -68.019 0.80056
653.523 -65.259 0.801013
656.327 -62.5359 0.802329
659.124 -59.7504 0.800095
661.991 -56.9368 0.80068
664.826 -54.1646 0.799106
667.753 -51.3697 0.799685
670.628 -48.5775 0.800977
673.587 -45.6959 0.798749
676.444 -42.8782 0.796946
679.312 -40.086 0.797629
682.175 -37.2902 0.798144
685.081 -34.4456 0.799833
687.872 -31.6304 0.799307
690.756 -28.8213 0.799976
693.763 -25.9266 0.800591
696.686 -23.0851 0.802437
699.58 -20.3289 0.800515
702.542 -17.4014 0.802931
705.3 -14.4774 0.803378
708.145 -11.599 0.802684
711.052 -8.74418 0.803743
713.92 -5.86469 0.801918
716.824 -2.96664 0.800136
719.675 -0.0183842 0.803474
722.559 2.80443 0.801486
725.478 5.66126 0.802572
728.373 8.5486 0.800307
731.247 11.3545 0.801452
734.049 14.1906 0.802068
736.878 16.8965 0.804546
739.728 19.7911 0.806928
742.536 22.6569 0.806376
745.325 25.4828 0.805729
748.074 28.2697 0.804502
750.819 31.0838 0.805987
753.673 33.9421 0.806231
756.376 36.7775 0.805013
759.208 39.5866 0.804473
761.954 42.284 0.807301
764.738 45.1489 0.805528
767.529 47.9539 0.805131
770.264 50.6718 0.805428
773.013 53.4383 0.806327
775.743 56.2229 0.805789
778.447 58.9397 0.805738
781.136 61.5487 0.800461
783.868 64.2926 0.800092
786.624 67.0396 0.801194
789.356 69.8026 0.798825
792.104 72.5748 0.797866
794.759 75.2338 0.797687
797.475 77.9085 0.795206
800.235 80.6177 0.788504
802.988 83.2424 0.784365
805.733 85.8182 0.776594
808.453 88.404 0.76912
811.247 90.9885 0.762505
813.975 93.5582 0.753902
816.792 96.0702 0.747059
819.599 98.5468 0.740739
822.459 100.944 0.734589
825.266 103.384 0.728613
828.091 105.828 0.720531
830.95 108.237 0.72205
833.756 110.618 0.720482
836.545 112.961 0.715985
839.364 115.339 0.713438
842.262 117.75 0.712753
845.157 120.13 0.710492
848.024 122.488 0.708166
850.9 124.858 0.705593
853.82 127.168 0.704971
856.738 129.525 0.706737
859.623 131.905 0.708015
862.501 134.298 0.709849
865.288 136.544 0.712971
868.148 138.886 0.713921
870.986 141.196 0.712814
873.765 143.567 0.714395
876.593 145.925 0.715036
879.39 148.256 0.715843
882.229 150.627 0.715631
885.037 152.97 0.71518
887.857 155.378 0.715871
890.676 157.738 0.715962
893.454 160.151 0.714329
896.177 162.513 0.712662
898.978 164.86 0.713008
901.774 167.208 0.710865
904.572 169.529 0.708447
907.414 171.901 0.706126
910.203 174.182 0.706151
913.061 176.501 0.705283
915.823 178.811 0.708273
918.648 181.142 0.711387
921.332 183.427 0.713248
924.098 185.749 0.713459
926.9 188.057 0.713864
929.714 190.393 0.718874
932.35 192.643 0.718088
935.155 194.996 0.720208
937.887 197.292 0.719597
940.622 199.641 0.723184
943.369 201.953 0.721629
946.171 204.195 0.72178
948.92 206.502 0.721368
951.643 208.841 0.718856
954.435 211.131 0.718712
957.239 213.429 0.719513
960.056 215.844 0.721868
962.805 218.228 0.714976
965.627 220.548 0.711157
968.463 222.823 0.708611
971.263 225.146 0.704358
974.051 227.44 0.701771
976.938 229.805 0.696058
979.792 232.056 0.694909
982.601 234.337 0.692842
985.35 236.655 0.692005
988.133 238.848 0.688683
990.975 241.137 0.690416
993.775 243.408 0.688472
996.602 245.653 0.691374
999.444 247.943 0.693636
1002.26 250.217 0.690049
1005.06 252.468 0.689061
1007.86 254.666 0.688679
1010.61 256.918 0.686797
1013.51 259.145 0.687957
1016.24 261.324 0.686295
1019.08 263.545 0.684589
1021.87 265.849 0.68865
1024.6 268.059 0.689025
1027.42 270.305 0.689238
1030.23 272.547 0.688938
1032.98 274.712 0.689524
1035.79 276.865 0.691677
1038.57 279.08 0.692137
1041.42 281.36 0.694037
1044.28 283.663 0.696578
1047.14 285.979 0.69708
1050.08 288.35 0.70184
1052.83 290.608 0.699419
1055.68 293.017 0.702186
1058.54 295.36 0.701932
1061.38 297.711 0.700963
1064.29 300.115 0.701268
1067.09 302.542 0.70257
1069.98 304.841 0.700189
1072.87 307.202 0.700683
1075.76 309.614 0.699475
1078.61 311.971 0.698037
1081.58 314.409 0.694985
1084.5 316.803 0.694635
1087.45 319.113 0.694823
1090.41 321.462 0.695254
1093.35 323.799 0.694482
1096.3 326.178 0.689755
1099.21 328.489 0.687362
1102.09 330.752 0.688085
1105 333.008 0.685165
1107.89 335.299 0.68487
1110.69 337.558 0.689808
1113.54 339.857 0.688596
1116.33 342.13 0.687561
1119.08 344.353 0.684184
1121.89 346.56 0.687027
1124.69 348.869 0.689834
1127.46 351.072 0.693748
1130.24 353.317 0.692333
1132.95 355.523 0.689653
1135.64 357.682 0.686695
1138.4 359.972 0.6855
1141.12 362.141 0.686205
1143.84 364.259 0.686395
1146.33 366.309 0.684441
1149.05 368.515 0.682496
1151.77 370.67 0.681546
1154.51 372.873 0.68393
1157.34 375.151 0.687496
1160.23 377.373 0.688268
1163.05 379.626 0.685673
1165.91 381.907 0.681516
1168.72 384.088 0.675211
1171.52 386.209 0.66909
1174.36 388.376 0.665664
1177.19 390.504 0.659046
1180.11 392.679 0.653818
1182.96 394.828 0.649792
1185.79 397.003 0.648502
1188.66 399.235 0.649199
1191.45 401.382 0.650293
1194.35 403.482 0.649288
1197.15 405.648 0.651976
1199.95 407.761 0.65497
1202.8 409.825 0.659938
1205.52 411.911 0.664774
1208.24 413.995 0.669691
1211.02 416.065 0.673758
1213.68 418.245 0.67407
1216.22 420.323 0.675647
1218.88 422.372 0.67656
1221.48 424.46 0.671075
1224.05 426.516 0.666892
1226.64 428.48 0.664384
1229.2 430.38 0.666331
1231.69 432.36 0.67012
1234.14 434.307 0.671714
1236.59 436.192 0.669112
1238.91 437.994 0.672254
1241.14 439.808 0.671536
1243.29 441.522 0.667771
1245.48 443.269 0.661296
1247.54 444.922 0.651131
1249.6 446.593 0.630681
1251.53 447.932 0.60449
1253.41 449.117 0.573129
1255.25 450.179 0.537447
1257.02 451.113 0.496786
1258.78 451.864 0.450602
1260.48 452.57 0.405984
1262.12 453.128 0.34363
1263.72 453.557 0.28319
1265.26 453.93 0.225393
1266.69 454.123 0.167045
1268.13 454.29 0.100888
1269.48 454.285 0.0335477
1270.76 454.206 -0.0397317
1272.07 454.007 -0.11968
1273.28 453.687 -0.207181
1274.42 453.277 -0.299072
1275.46 452.743 -0.397392
1276.47 452.1 -0.492434
1277.42 451.366 -0.581958
1278.3 450.541 -0.668902
1279.12 449.676 -0.749945
1279.87 448.678 -0.83408
1280.55 447.65 -0.922645
1281.1 446.498 -1.0122
1281.63 445.312 -1.10383
1282.02 444.007 -1.18901
1282.39 442.674 -1.25284
1282.73 441.278 -1.29815
1283.04 439.84 -1.32686
1283.34 438.328 -1.35252
1283.61 436.768 -1.36688
1283.89 435.139 -1.37624
1284.21 433.455 -1.38148
1284.52 431.712 -1.38243
1284.9 429.961 -1.38255
1285.24 428.12 -1.38111
1285.61 426.232 -1.38023
1286 424.262 -1.37955
1286.39 422.267 -1.37887
1286.81 420.159 -1.37776
1287.24 418.037 -1.37887
1287.65 415.83 -1.3778
1288.04 413.568 -1.37764
1288.5 411.223 -1.37352
1289.04 408.868 -1.37094
1289.53 406.465 -1.36782
1290.03 404.021 -1.36705
1290.55 401.519 -1.36653
1291.07 398.96 -1.36663
1291.59 396.382 -1.36929
1292.09 393.77 -1.37091
1292.63 391.092 -1.37159
1293.18 388.362 -1.37444
1293.72 385.587 -1.37567
1294.23 382.755 -1.37596
1294.78 379.898 -1.3764
1295.32 376.944 -1.37642
1295.89 373.951 -1.37511
1296.5 370.908 -1.3721
1297.11 367.837 -1.37036
1297.73 364.715 -1.36794
1298.37 361.559 -1.36611
1299 358.342 -1.36651
1299.62 355.095 -1.36666
1300.26 351.797 -1.36761
1300.91 348.464 -1.36816
1301.57 345.091 -1.36775
1302.24 341.688 -1.36665
1302.9 338.255 -1.36656
1303.56 334.843 -1.36632
1304.29 331.357 -1.36469
1304.99 327.846 -1.36489
1305.66 324.331 -1.36513
1306.41 320.731 -1.3643
1307.1 317.123 -1.36376
1307.82 313.482 -1.36001
1308.52 309.808 -1.35669
1309.32 306.127 -1.35512
1310.12 302.42 -1.35421
1310.91 298.688 -1.35062
1311.73 294.954 -1.34858
1312.5 291.234 -1.34741
1313.25 287.574 -1.34108
1314.1 283.884 -1.34153
1314.89 280.208 -1.34091
1315.71 276.53 -1.34046
1316.54 272.849 -1.33953
1317.34 269.18 -1.33901
1318.17 265.507 -1.33916
1318.98 261.826 -1.3382
1319.82 258.158 -1.33773
1320.66 254.475 -1.3373
1321.47 250.761 -1.33163
1322.35 247.062 -1.33189
1323.17 243.376 -1.33413
1324.03 239.677 -1.3335
1324.87 236.038 -1.33314
1325.71 232.41 -1.32958
1326.57 228.8 -1.32848
1327.42 225.214 -1.32515
1328.27 221.665 -1.32545
1329.12 218.148 -1.32504
1329.9 214.581 -1.32487
1330.78 211.105 -1.32269
1331.68 207.643 -1.32167
1332.53 204.196 -1.32153
1333.4 200.735 -1.3195
1334.25 197.291 -1.31957
1335.09 193.862 -1.31941
1335.93 190.453 -1.31899
1336.74 187.051 -1.31498
1337.59 183.685 -1.31292
1338.43 180.354 -1.30983
1339.28 177.06 -1.30819
1340.11 173.767 -1.30407
1340.94 170.48 -1.30237
1341.78 167.253 -1.29876
1342.64 164.014 -1.29976
1343.44 160.791 -1.29905
1344.27 157.649 -1.30045
1345.16 154.477 -1.29651
1345.99 151.301 -1.29454
1346.81 148.168 -1.29365
1347.64 145.107 -1.2928
1348.47 142.081 -1.29258
1349.34 139.019 -1.29069
1350.16 135.99 -1.29002
1351.02 132.99 -1.28661
1351.84 130.022 -1.28485
1352.69 127.135 -1.28014
1353.52 124.266 -1.27744
1354.3 121.542 -1.27678
1355.01 118.9 -1.27638
1355.74 116.381 -1.27566
1356.46 113.956 -1.27278
1357.1 111.779 -1.26645
1357.75 109.716 -1.26063
1358.4 107.766 -1.25398
1359.02 105.955 -1.2497
1359.56 104.245 -1.24583
1360.07 102.681 -1.24798
1360.56 101.19 -1.25059
1361 99.8427 -1.27271
1361.41 98.5158 -1.30383
1361.76 97.1849 -1.34501
1362.05 95.8503 -1.39887
1362.17 94.5883 -1.46413
1362.18 93.3461 -1.54094
1362 92.1032 -1.62906
1361.66 90.8846 -1.71944
1361.39 89.6915 -1.82222
1360.97 88.5749 -1.92778
1360.29 87.5163 -2.04067
1359.46 86.5698 -2.15574
1358.68 85.6819 -2.27387
1357.67 84.9121 -2.38342
1356.58 84.1559 -2.47944
1355.41 83.4837 -2.54487
1354.17 82.7281 -2.58452
1352.83 81.8985 -2.60027
1351.44 81.0392 -2.60918
1349.89 80.2101 -2.61532
1348.42 79.338 -2.62077
1346.75 78.3901 -2.62201
1345.15 77.4054 -2.6213
1343.38 76.4045 -2.61667
1341.61 75.345 -2.60848
1339.73 74.2551 -2.59602
1337.73 73.0738 -2.58486
1335.75 71.8702 -2.56919
1333.71 70.584 -2.55526
1331.69 69.1844 -2.53874
1329.61 67.7205 -2.52326
1327.49 66.2227 -2.50857
1325.33 64.6413 -2.49484
1323.18 62.973 -2.48523
1320.94 61.2566 -2.47646
1318.57 59.4445 -2.46348
1316.32 57.6101 -2.4547
1313.93 55.7227 -2.44844
1311.58 53.7742 -2.44507
1309.11 51.7707 -2.4416
1306.61 49.709 -2.43967
1304.04 47.6175 -2.43487
1301.46 45.4774 -2.4329
1298.93 43.2996 -2.4313
1296.21 41.0385 -2.42808
1293.52 38.7533 -2.42507
1290.84 36.3908 -2.42353
1288.13 34.0987 -2.42045
1285.46 31.7771 -2.41891
1282.8 29.5008 -2.4177
1280.13 27.2173 -2.41667
1277.47 24.9185 -2.41641
1274.76 22.6096 -2.41843
1272.06 20.3054 -2.41838
1269.33 17.9197 -2.41572
1266.49 15.5139 -2.41625
1263.68 13.0778 -2.41492
1260.79 10.5694 -2.41556
1257.88 8.01939 -2.41322
1254.91 5.47303 -2.41426
1251.97 2.91322 -2.4144
1248.97 0.273528 -2.41318
1245.95 -2.34048 -2.41062
1242.96 -4.98916 -2.40647
1239.92 -7.69235 -2.40458
1236.87 -10.4265 -2.40606
1233.78 -13.1499 -2.40623
1230.66 -15.8711 -2.40344
1227.54 -18.6108 -2.40525
1224.35 -21.3791 -2.40439
1221.23 -24.17 -2.40412
1218.04 -26.956 -2.40312
1214.94 -29.7214 -2.39916
1211.78 -32.5548 -2.39397
1208.65 -35.3942 -2.3886
1205.55 -38.2495 -2.38211
1202.46 -41.099 -2.37749
1199.44 -43.8766 -2.37592
1196.34 -46.7791 -2.36872
1193.21 -49.6795 -2.36271
1190.21 -52.5888 -2.35748
1187.17 -55.5302 -2.35241
1184.14 -58.4765 -2.34483
1181.17 -61.4633 -2.33803
1178.16 -64.4286 -2.32996
1175.14 -67.5375 -2.32196
1172.19 -70.6514 -2.31425
1169.3 -73.7644 -2.30418
1166.32 -76.9718 -2.29356
1163.47 -80.1645 -2.28387
1160.55 -83.4519 -2.2764
1157.63 -86.7436 -2.2697
1154.75 -90.1042 -2.26619
1151.83 -93.4651 -2.26302
1148.94 -96.887 -2.25766
1146.05 -100.357 -2.25168
1143.12 -103.891 -2.24405
1140.21 -107.451 -2.23853
1137.39 -110.977 -2.23033
1134.63 -114.531 -2.22382
1131.85 -118.15 -2.21807
1129.1 -121.617 -2.20773
1126.46 -125.097 -2.20362
1123.8 -128.647 -2.19839
1121.16 -132.18 -2.1929
1118.57 -135.698 -2.18851
1115.99 -139.242 -2.18392
1113.41 -142.755 -2.17997
1110.84 -146.268 -2.17266
1108.32 -149.85 -2.16764
1105.84 -153.409 -2.16184
1103.38 -156.999 -2.15954
1100.89 -160.556 -2.15765
1098.44 -164.091 -2.15764
1095.99 -167.657 -2.15742
1093.48 -171.277 -2.15588
1090.99 -174.868 -2.1507
1088.55 -178.581 -2.14658
1086.13 -182.235 -2.14187
1083.79 -185.853 -2.13807
1081.45 -189.519 -2.13507
1079.12 -193.172 -2.12975
1076.85 -196.78 -2.12298
1074.48 -200.437 -2.11765
1072.12 -204.138 -2.11512
1069.76 -207.806 -2.11696
1067.47 -211.478 -2.11826
1065.09 -215.17 -2.11652
1062.78 -218.932 -2.11434
1060.53 -222.58 -2.11298
1058.26 -226.227 -2.11012
1056.03 -229.907 -2.10424
1053.8 -233.574 -2.10491
1051.56 -237.174 -2.10597
1049.34 -240.854 -2.10627
1047.08 -244.438 -2.10829
1044.87 -248.078 -2.10139
1042.71 -251.743 -2.09602
1040.51 -255.435 -2.09379
1038.3 -259.139 -2.08877
1036.09 -262.906 -2.08212
1033.94 -266.533 -2.07921
1031.81 -270.214 -2.07497
1029.73 -273.971 -2.06604
1027.63 -277.713 -2.05868
1025.58 -281.43 -2.05179
1023.57 -285.16 -2.0437
1021.65 -288.855 -2.03932
1019.7 -292.529 -2.02961
1017.75 -296.323 -2.01681
1015.91 -300.034 -2.00499
1014.11 -303.771 -1.99546
1012.41 -307.526 -1.99088
1010.67 -311.285 -1.98527
1009 -314.967 -1.97752
1007.35 -318.713 -1.971
1005.73 -322.388 -1.96394
1004.07 -326.075 -1.95613
1002.55 -329.669 -1.95115
1001.02 -333.494 -1.94194
999.513 -337.265 -1.93319
998.076 -341.028 -1.92607
996.591 -344.869 -1.91854
995.161 -348.659 -1.9116
993.708 -352.586 -1.90027
992.272 -356.483 -1.89083
990.869 -360.509 -1.88334
989.507 -364.493 -1.87654
988.183 -368.477 -1.86993
986.927 -372.541 -1.8661
985.644 -376.569 -1.86209
984.415 -380.504 -1.85247
983.257 -384.513 -1.84715
982.08 -388.502 -1.84043
980.93 -392.578 -1.83668
979.678 -396.774 -1.83267
978.526 -400.814 -1.83334
977.374 -404.825 -1.83302
976.202 -408.859 -1.82929
975.044 -412.844 -1.82573
973.889 -416.738 -1.82338
972.782 -420.672 -1.82288
971.725 -424.596 -1.82236
970.616 -428.461 -1.82314
969.516 -432.355 -1.82352
968.431 -436.222 -1.82238
967.31 -440.152 -1.81904
966.255 -444.022 -1.81927
965.238 -447.936 -1.81957
964.207 -451.806 -1.8182
963.21 -455.731 -1.81764
962.216 -459.546 -1.81653
961.186 -463.506 -1.81107
960.17 -467.423 -1.80915
959.189 -471.338 -1.80218
958.115 -475.175 -1.79793
957.134 -479.184 -1.79363
956.197 -483.131 -1.7904
955.221 -487.074 -1.78971
954.269 -491.015 -1.78775
953.272 -494.991 -1.78668
952.358 -499.068 -1.78949
951.411 -503.093 -1.79027
950.422 -507.134 -1.78971
949.511 -511.188 -1.78869
948.527 -515.316 -1.7851
947.518 -519.409 -1.78029
946.59 -523.511 -1.78363
945.637 -527.663 -1.78564
944.617 -531.808 -1.78863
943.675 -535.967 -1.78969
942.725 -540.051 -1.79275
941.653 -544.135 -1.78803
940.706 -548.274 -1.78663
939.743 -552.425 -1.78427
938.782 -556.582 -1.78296
937.789 -560.575 -1.7783
936.878 -564.648 -1.77609
935.932 -568.624 -1.77335
935.031 -572.769 -1.77141
934.065 -576.892 -1.77074
933.101 -580.896 -1.76948
932.253 -584.852 -1.76904
931.357 -588.729 -1.77117
930.425 -592.785 -1.77293
929.472 -596.786 -1.76614
928.59 -600.756 -1.7655
927.796 -604.779 -1.76418
926.958 -608.787 -1.76298
926.219 -612.72 -1.76159
925.34 -616.662 -1.75986
924.453 -620.578 -1.75874
923.666 -624.53 -1.75906
922.877 -628.457 -1.7557
922.003 -632.481 -1.75414
921.204 -636.34 -1.75469
920.375 -640.372 -1.75432
919.585 -644.159 -1.7575
918.828 -648.093 -1.75593
918.031 -651.924 -1.75633
917.21 -655.73 -1.75696
916.402 -659.497 -1.75711
915.592 -663.382 -1.75778
914.732 -667.246 -1.75757
913.8 -670.938 -1.75769
913.036 -674.711 -1.75582
912.206 -678.451 -1.76133
911.318 -682.162 -1.75966
910.487 -685.955 -1.76235
909.7 -689.719 -1.76443
908.841 -693.46 -1.76458
908.034 -697.178 -1.76282
907.16 -700.878 -1.76255
906.37 -704.596 -1.76297
905.608 -708.276 -1.76617
904.824 -712.015 -1.76628
904.004 -715.758 -1.76982
903.183 -719.535 -1.77274
902.318 -723.291 -1.77491
901.415 -727.101 -1.77456
900.546 -730.883 -1.77583
899.636 -734.701 -1.77778
898.793 -738.458 -1.78019
897.866 -742.226 -1.7832
897.001 -746.06 -1.78496
896.061 -749.776 -1.7886
895.11 -753.59 -1.7936
894.19 -757.371 -1.79972
893.166 -761.029 -1.80622
892.151 -764.798 -1.81326
891.106 -768.512 -1.81836
890.035 -772.32 -1.82235
888.971 -776.082 -1.82173
887.942 -779.855 -1.82136
886.922 -783.62 -1.8192
885.874 -787.382 -1.8163
884.858 -791.13 -1.81328
883.851 -794.872 -1.8091
882.861 -798.574 -1.80597
881.901 -802.234 -1.80378
880.951 -805.922 -1.80051
880.01 -809.591 -1.79947
879.077 -813.226 -1.7993
878.136 -816.847 -1.79809
877.232 -820.376 -1.79876
876.365 -823.932 -1.7985
875.475 -827.378 -1.79921
874.613 -830.867 -1.79996
873.827 -834.294 -1.80466
873.037 -837.592 -1.80649
872.239 -840.85 -1.81004
871.426 -843.962 -1.81197
870.566 -846.941 -1.81082
869.868 -849.939 -1.80943
869.163 -852.808 -1.80894
868.429 -855.626 -1.80648
867.8 -858.358 -1.80591
867.153 -861.006 -1.81083
866.48 -863.532 -1.82102
865.814 -866.059 -1.83338
865.181 -868.465 -1.85026
864.512 -870.665 -1.8718
863.777 -872.939 -1.89994
862.998 -875.079 -1.93163
862.084 -877.048 -1.96597
861.146 -878.929 -2.00373
860.148 -880.716 -2.04767
859.146 -882.414 -2.09904
858.027 -883.987 -2.15778
856.846 -885.427 -2.21784
855.608 -886.797 -2.27518
854.306 -888.135 -2.33092
852.912 -889.367 -2.38907
851.483 -890.514 -2.44638
849.984 -891.568 -2.50635
848.427 -892.547 -2.56707
846.83 -893.396 -2.63116
845.159 -894.116 -2.70157
843.397 -894.737 -2.76938
841.589 -895.185 -2.84259
839.69 -895.563 -2.90693
837.744 -895.845 -2.96729
835.776 -895.997 -3.02392
833.779 -896.102 -3.0715
831.69 -896.146 -3.11735
829.602 -896.087 3.12088
827.473 -895.906 3.07782
825.325 -895.639 3.03946
823.091 -895.266 3.00749
820.808 -894.909 2.98351
818.483 -894.47 2.96124
816.132 -893.965 2.93957
813.712 -893.418 2.92239
811.248 -892.811 2.90701
808.745 -892.164 2.89338
806.212 -891.402 2.88731
803.592 -890.685 2.88424
800.956 -890.047 2.88491
798.288 -889.35 2.88722
795.579 -888.6 2.88902
792.782 -887.845 2.88766
789.956 -887.104 2.885
787.103 -886.315 2.88509
784.209 -885.471 2.88262
781.198 -884.633 2.88519
778.198 -883.882 2.88227
775.138 -883.022 2.88537
772.038 -882.227 2.88542
768.918 -881.358 2.88507
765.712 -880.509 2.8872
762.443 -879.67 2.88871
759.151 -878.752 2.89242
755.812 -877.851 2.89592
752.404 -876.943 2.89853
748.97 -876.041 2.90134
745.514 -875.172 2.90346
741.984 -874.329 2.90731
738.43 -873.391 2.91094
734.889 -872.479 2.91118
731.336 -871.608 2.91081
727.843 -870.73 2.91078
724.3 -869.845 2.91089
720.743 -868.972 2.9103
717.213 -868.129 2.91204
713.662 -867.166 2.91318
710.071 -866.298 2.91275
706.486 -865.431 2.91292
702.885 -864.55 2.9134
699.281 -863.729 2.91186
695.649 -862.844 2.91176
692.051 -861.956 2.91186
688.495 -861.08 2.91276
684.94 -860.241 2.91503
681.364 -859.415 2.91638
677.808 -858.601 2.91513
674.286 -857.707 2.91398
670.746 -856.919 2.91374
667.243 -856.02 2.91383
663.732 -855.147 2.91299
660.268 -854.26 2.91285
656.816 -853.409 2.91334
653.368 -852.542 2.91443
650.012 -851.719 2.91997
646.729 -850.826 2.92203
643.446 -849.971 2.92292
640.231 -849.195 2.92524
637.072 -848.429 2.92519
633.956 -847.697 2.92748
630.888 -847.019 2.92933
627.852 -846.26 2.93293
624.803 -845.55 2.93238
621.778 -844.831 2.93563
618.8 -844.183 2.93531
615.902 -843.521 2.93559
613.034 -842.871 2.93583
610.209 -842.221 2.9371
607.486 -841.609 2.93812
604.866 -841.009 2.93392
602.316 -840.413 2.92793
599.935 -839.826 2.91702
597.686 -839.211 2.90346
595.532 -838.634 2.88085
593.467 -838.037 2.8561
591.562 -837.4 2.82097
589.721 -836.715 2.78004
588.036 -835.933 2.73184
586.513 -835.109 2.6784
585.044 -834.222 2.61911
583.659 -833.24 2.55402
582.437 -832.164 2.48631
581.245 -831.016 2.41568
580.238 -829.824 2.34086
579.281 -828.543 2.26419
578.383 -827.156 2.18509
577.604 -825.666 2.1062
576.909 -824.126 2.02851
576.341 -822.471 1.95439
575.83 -820.738 1.88747
575.419 -819.001 1.83095
575.065 -817.122 1.78418
574.8 -815.225 1.73352
574.619 -813.251 1.68163
574.568 -811.251 1.63487
574.585 -809.237 1.58752
574.703 -807.175 1.54533
574.879 -805.071 1.50725
575.181 -802.895 1.48018
575.428 -800.802 1.45286
575.782 -798.631 1.43853
576.157 -796.463 1.42465
576.545 -794.303 1.41606
576.917 -792.202 1.41415
577.222 -790.099 1.41838
577.585 -787.978 1.42339
577.904 -785.863 1.42635
578.141 -783.8 1.42697
578.472 -781.667 1.42645
578.707 -779.641 1.42853
578.962 -777.614 1.42969
579.301 -775.61 1.43249
579.622 -773.616 1.43223
579.903 -771.645 1.42958
580.189 -769.686 1.42931
580.442 -767.757 1.42517
580.764 -765.837 1.42469
581.071 -763.99 1.42189
581.4 -762.122 1.4228
581.669 -760.316 1.41981
581.929 -758.592 1.4193
582.265 -756.939 1.41986
582.495 -755.301 1.41999
582.727 -753.666 1.42409
582.974 -752.207 1.4258
583.199 -750.762 1.42761
583.392 -749.514 1.42523
583.596 -748.226 1.42809
583.801 -747.114 1.42691
583.895 -746.197 1.42721
584.001 -745.329 1.4286
584.161 -744.453 1.43044
584.286 -743.827 1.43151
584.358 -743.209 1.42891
584.411 -742.822 1.42845
584.464 -742.476 1.42752
584.505 -742.218 1.42653
584.52 -742.094 1.42592
584.55 -742.067 1.42472
584.55 -742.088 1.4253
584.549 -742.118 1.42532
584.509 -742.166 1.42542
584.513 -742.172 1.42473
584.539 -742.175 1.42366
584.531 -742.173 1.42488
584.524 -742.183 1.42588
584.537 -742.182 1.42708
584.553 -742.187 1.4284
584.515 -742.244 1.42789
584.496 -742.287 1.42813
584.468 -742.324 1.4282
584.454 -742.336 1.42893
584.458 -742.317 1.43064
