314.339 17.3648 0.047922
314.374 17.3647 0.0498682
314.37 17.3588 0.0490771
314.382 17.3588 0.0517281
314.369 17.3499 0.051551
314.38 17.3342 0.0527812
314.402 17.3462 0.05311
314.418 17.3663 0.0529667
314.354 17.3894 0.052033
314.356 17.3708 0.0524658
314.369 17.3557 0.0539571
314.363 17.3501 0.0547601
314.363 17.3496 0.055991
314.341 17.3509 0.0545891
314.353 17.366 0.0554844
314.35 17.3806 0.0543309
314.366 17.3939 0.0529734
314.405 17.3965 0.0527824
314.445 17.4107 0.0531987
314.556 17.4166 0.0546256
314.665 17.4484 0.0556572
314.764 17.4232 0.05738
314.994 17.4646 0.0573159
315.218 17.4798 0.0597192
315.457 17.5075 0.0608266
315.824 17.5204 0.06363
316.189 17.5501 0.0658225
316.639 17.5868 0.0669986
317.142 17.5762 0.06858
317.628 17.6465 0.0674551
318.271 17.6551 0.068869
318.978 17.7215 0.0689538
319.725 17.7568 0.0711862
320.504 17.8169 0.0727795
321.329 17.8543 0.0758751
322.271 17.9118 0.0764843
323.301 18.0059 0.0792972
324.298 18.0542 0.0794102
325.335 18.1533 0.081585
326.522 18.2264 0.086382
327.71 18.3483 0.0916704
329.033 18.4492 0.0939814
330.406 18.5442 0.0988058
331.8 18.6904 0.104255
333.23 18.8361 0.111487
334.751 18.9911 0.114548
336.295 19.1695 0.118863
337.84 19.4049 0.124394
339.529 19.6219 0.126327
341.19 19.8423 0.127707
342.935 20.0408 0.12793
344.76 20.2894 0.129261
346.632 20.5164 0.128445
348.58 20.696 0.125255
350.577 20.8941 0.121276
352.55 21.088 0.113746
354.565 21.2689 0.106332
356.594 21.4357 0.0963999
358.717 21.5232 0.088636
360.868 21.6679 0.0819195
363.081 21.7694 0.07715
365.29 21.9137 0.0675293
367.59 22.0129 0.0620578
369.926 22.1105 0.0564488
372.336 22.2346 0.05505
374.72 22.3801 0.0571054
377.178 22.4385 0.0592254
379.612 22.5784 0.0595833
382.139 22.6151 0.0563289
384.679 22.7299 0.0573951
387.263 22.7889 0.0560614
389.743 22.8511 0.0509675
392.455 22.9894 0.0543986
395.226 23.083 0.0590187
398.029 23.2575 0.0594738
400.76 23.3458 0.0588687
403.587 23.504 0.0601729
406.349 23.6419 0.0586108
409.123 23.6957 0.0593034
411.909 23.8327 0.0552407
414.58 23.9305 0.0521551
417.295 24.0919 0.0480221
419.931 24.1834 0.0452159
422.588 24.2779 0.047375
425.244 24.3322 0.0466655
427.877 24.4092 0.0517555
430.407 24.5295 0.0612355
432.954 24.7051 0.0730022
435.557 24.8556 0.0858537
438.179 25.0692 0.0968593
440.757 25.3267 0.109658
443.278 25.599 0.117126
445.847 25.8458 0.124423
448.429 26.1863 0.127475
450.988 26.4356 0.124127
453.579 26.6854 0.127375
456.131 26.9527 0.12445
458.66 27.2172 0.122411
461.23 27.4757 0.114572
463.789 27.7147 0.106882
466.284 27.9015 0.0986424
468.815 28.0582 0.0910781
471.344 28.1673 0.0889183
473.899 28.4114 0.084611
476.418 28.5544 0.0749696
478.864 28.6478 0.0728033
481.249 28.7679 0.0705913
483.661 28.8661 0.0676275
486.01 28.9673 0.0622936
488.37 29.0134 0.0597614
490.677 29.07 0.0574046
493.02 29.2507 0.0569509
495.335 29.3179 0.0574208
497.658 29.4227 0.0574282
499.975 29.472 0.055553
502.228 29.6451 0.0539318
504.475 29.6689 0.0553323
506.754 29.8277 0.0569404
508.926 29.9691 0.0573536
511.185 30.0452 0.0594822
513.386 30.1418 0.0595761
515.494 30.1927 0.060804
517.615 30.3176 0.0625654
519.703 30.4286 0.0632811
521.796 30.5922 0.0637163
523.857 30.6927 0.065296
525.783 30.8337 0.0657011
527.809 30.9353 0.0659953
529.676 31.0379 0.0703343
531.509 31.1494 0.0702656
533.286 31.2354 0.0677367
535.082 31.3452 0.0659934
536.793 31.4556 0.063913
538.44 31.5509 0.0616456
540.021 31.5908 0.0586818
541.599 31.6383 0.0574048
543.098 31.6901 0.0536166
544.511 31.6839 0.0531321
545.812 31.7501 0.0571638
547.083 31.8339 0.0575813
548.297 31.8913 0.0580104
549.426 31.9777 0.0594598
550.45 31.9754 0.0595566
551.419 32.0099 0.0611521
552.357 32.0099 0.0596217
553.176 32.0426 0.0576912
553.874 32.0782 0.058205
554.457 32.0861 0.05826
554.993 32.1365 0.0577103
555.458 32.159 0.0578018
555.84 32.2018 0.0556739
556.175 32.229 0.0553997
556.434 32.2696 0.0573529
556.611 32.2959 0.0571681
556.744 32.2754 0.0554133
556.83 32.3029 0.0539909
556.861 32.3073 0.0537859
556.859 32.3097 0.0529018
556.82 32.3227 0.0515471
556.824 32.3341 0.0501457
556.826 32.3449 0.0490158
556.835 32.3059 0.0485493
556.797 32.3135 0.0491138
556.807 32.3394 0.0495399
556.812 32.3882 0.050628
556.793 32.3533 0.0506748
556.76 32.4137 0.0502344
556.733 32.4293 0.0504301
556.711 32.443 0.0505041
556.668 32.4692 0.0503944
556.66 32.4819 0.0511707
556.662 32.5138 0.0490752
556.612 32.5477 0.0487488
556.578 32.5986 0.0501374
556.565 32.6253 0.051318
556.526 32.6619 0.050974
556.563 32.6636 0.0515736
556.581 32.6558 0.0517736
556.566 32.6873 0.0486458
556.549 32.7389 0.0476502
556.504 32.7705 0.0477007
556.5 32.7889 0.047979
556.496 32.8239 0.0469623
556.476 32.8556 0.0470694
556.437 32.8983 0.0465725
556.442 32.8977 0.045946
556.457 32.9183 0.0455042
556.459 32.9634 0.0451311
556.439 33.0041 0.0450891
556.463 33.022 0.0464638
556.429 33.0493 0.0473956
556.404 33.0619 0.046979
556.391 33.0686 0.0484942
556.388 33.1059 0.0473603
556.355 33.0809 0.0458895
556.344 33.0762 0.0453502
556.286 33.1078 0.0449177
556.276 33.1258 0.0448199
556.257 33.1418 0.0444945
556.224 33.1605 0.0441616
556.183 33.1772 0.0442861
556.202 33.1718 0.0453282
556.174 33.1995 0.0434082
556.172 33.2014 0.0425888
556.146 33.201 0.0410787
556.128 33.2521 0.0421816
556.094 33.2672 0.0406252
556.07 33.3008 0.0409094
556.05 33.3009 0.0414174
556.064 33.3144 0.0394946
556.007 33.2801 0.0393756
555.983 33.2907 0.040578
555.987 33.2789 0.0418068
556.028 33.3073 0.0419172
556.05 33.3338 0.0407692
556.045 33.386 0.0413004
556.027 33.4007 0.0401653
555.979 33.4028 0.0396284
555.974 33.4041 0.0385753
555.949 33.4219 0.0384046
555.963 33.4547 0.0382768
555.94 33.4987 0.0380979
555.936 33.5219 0.0370494
555.911 33.5264 0.0368315
555.927 33.5432 0.0376006
555.937 33.5541 0.0369805
555.944 33.5606 0.0363625
555.915 33.5817 0.0362204
555.922 33.5988 0.0358914
555.906 33.6161 0.0356739
555.904 33.644 0.0345074
555.905 33.65 0.0337745
555.891 33.6825 0.0326651
555.897 33.6825 0.0319115
555.894 33.6905 0.0310393
555.908 33.6889 0.0311299
555.92 33.7118 0.030258
555.912 33.731 0.0298334
555.904 33.7595 0.0282808
555.9 33.7698 0.0275289
555.93 33.7569 0.0271831
555.915 33.7828 0.0266119
555.913 33.7673 0.0261701
555.925 33.7923 0.0254889
555.94 33.8113 0.024556
555.901 33.8093 0.0237013
555.896 33.8273 0.0248395
555.889 33.8425 0.0255021
555.888 33.8256 0.0265933
555.88 33.8151 0.0277332
555.85 33.8331 0.0283733
555.809 33.8678 0.0284022
555.788 33.8743 0.0294095
555.77 33.8909 0.0302258
555.753 33.8873 0.0310863
555.763 33.8922 0.029878
555.723 33.9458 0.0294672
555.717 33.9715 0.0284952
555.721 33.9752 0.0280801
555.72 33.9806 0.0276521
555.717 34.0011 0.0261188
555.708 33.988 0.0266744
555.721 34.0152 0.0268124
555.709 34.0241 0.0258113
555.694 34.047 0.0260988
555.692 34.0433 0.0270093
555.706 34.047 0.0261138
555.691 34.0771 0.0260058
555.708 34.0681 0.0260752
555.715 34.0818 0.0257207
555.701 34.0911 0.0248302
555.693 34.1042 0.0252579
555.68 34.112 0.0243297
555.681 34.1563 0.0237435
555.678 34.1901 0.0232166
555.655 34.1871 0.0237821
555.688 34.1778 0.0233017
555.67 34.2096 0.0218101
555.699 34.2279 0.0213931
555.739 34.2444 0.0219699
555.776 34.2468 0.0225357
555.849 34.2812 0.0217169
555.899 34.3031 0.0201901
555.982 34.3334 0.020712
556.1 34.3698 0.0224873
556.205 34.3566 0.0230952
556.314 34.3662 0.0236503
556.485 34.3286 0.0230328
556.626 34.3682 0.0220726
556.797 34.3878 0.0235139
556.891 34.3716 0.0232063
556.987 34.3787 0.0240844
557.055 34.3982 0.0243343
557.049 34.3843 0.025467
557.026 34.3709 0.0258106
557.002 34.3831 0.0257185
557.006 34.4074 0.0267862
556.997 34.3893 0.0266927
556.988 34.4071 0.0269514
556.983 34.4288 0.0270725
556.964 34.4508 0.0271147
556.99 34.4812 0.0274614
556.987 34.5296 0.02644
556.984 34.5116 0.0280739
556.984 34.5177 0.0287505
556.961 34.5325 0.0294772
556.946 34.5349 0.0307151
556.945 34.5553 0.0304957
556.966 34.5511 0.029518
556.971 34.5511 0.0299889
556.969 34.5679 0.0291913
556.972 34.5956 0.0291308
556.971 34.6079 0.0285214
556.966 34.6108 0.0293539
556.968 34.6517 0.028586
556.959 34.6572 0.0279859
556.964 34.6767 0.0276094
556.948 34.7027 0.0280665
556.938 34.7145 0.0282479
556.93 34.7295 0.0271457
556.936 34.7445 0.0267714
556.929 34.7535 0.027433
556.935 34.7752 0.0270182
556.948 34.7823 0.0265125
556.941 34.8036 0.0258912
556.931 34.8153 0.0254846
556.932 34.8239 0.0260831
556.941 34.8342 0.0258842
556.934 34.8466 0.0253187
556.964 34.8402 0.0248564
556.949 34.8523 0.0253836
556.948 34.8565 0.0259245
556.966 34.8721 0.0256689
556.988 34.8804 0.0260201
556.985 34.8997 0.0253876
556.995 34.8825 0.0252644
556.992 34.912 0.0258666
557.002 34.9161 0.0257286
556.998 34.9358 0.0248826
557.018 34.9375 0.0245326
557.02 34.9489 0.0239337
557.017 34.9724 0.0238357
557.026 34.99 0.0235916
557.004 35.0021 0.0233162
557.003 35.0163 0.022755
557.002 35.0095 0.0220147
557.015 35.0422 0.0225964
557.022 35.0531 0.0229491
557.017 35.0776 0.0231589
557 35.0694 0.0236205
556.996 35.0863 0.0237499
557.031 35.0726 0.0237664
557.045 35.0924 0.0228563
557.035 35.1162 0.0222386
557.021 35.121 0.021952
557.031 35.1301 0.0217453
557.035 35.1393 0.0211917
557.038 35.1608 0.0211593
557.046 35.1545 0.0205363
557.052 35.1389 0.0203997
557.061 35.1495 0.0207842
557.046 35.1611 0.0203932
557.039 35.1903 0.020361
557.053 35.1954 0.0202723
557.058 35.2192 0.0201651
557.05 35.2195 0.0189532
557.062 35.2235 0.0190581
557.079 35.2242 0.0182274
557.084 35.255 0.0180632
557.079 35.2672 0.0171944
557.074 35.278 0.017984
557.051 35.2809 0.0181948
557.044 35.2916 0.0182668
557.027 35.3224 0.0179573
557.06 35.3153 0.015935
557.133 35.318 0.0173963
557.278 35.3154 0.0165602
557.472 35.3559 0.0164624
557.753 35.3808 0.0146626
558.094 35.4126 0.0166911
558.502 35.4383 0.0163093
559.027 35.4183 0.0153838
559.618 35.4178 0.0150593
560.276 35.4713 0.0149618
561.044 35.4857 0.0141228
561.903 35.516 0.0148354
562.834 35.4671 0.0151318
563.811 35.4849 0.01344
564.928 35.4883 0.0153507
566.077 35.4981 0.0158516
567.312 35.5113 0.0197047
568.623 35.5389 0.0226293
570.001 35.5495 0.0234042
571.436 35.5907 0.026213
572.969 35.6219 0.0288738
574.529 35.6014 0.0312906
576.145 35.5738 0.0327314
577.852 35.5925 0.0348631
579.583 35.5578 0.0372489
581.437 35.6029 0.0399483
583.291 35.676 0.0431696
585.171 35.6975 0.0443734
587.139 35.7851 0.04485
589.197 35.8325 0.0454007
591.31 35.9095 0.0455945
593.477 35.9748 0.0447622
595.617 36.0399 0.0424744
597.868 36.1205 0.0439855
600.206 36.136 0.042883
602.538 36.2612 0.0406915
604.908 36.3019 0.0396701
607.321 36.3557 0.0391758
609.872 36.3722 0.0398665
612.43 36.4216 0.0397366
615.026 36.4241 0.0396319
617.68 36.4492 0.0407582
620.348 36.4544 0.0403732
623.015 36.5269 0.0415109
625.81 36.5432 0.0432545
628.563 36.6019 0.0438074
631.396 36.6068 0.0451206
634.267 36.6661 0.0438805
637.15 36.7196 0.0435487
640.039 36.7433 0.0447191
643.005 36.7933 0.0449716
645.937 36.8231 0.0438352
648.905 36.8385 0.0438057
651.93 36.9184 0.0406576
655.037 36.9597 0.038549
658.085 36.9616 0.0372082
661.154 37.0021 0.0358678
664.321 37.0735 0.0353614
667.51 37.0901 0.0347849
670.703 37.1286 0.0331655
673.91 37.1292 0.0324865
677.067 37.2231 0.0340515
680.303 37.2745 0.0366383
683.55 37.397 0.0387674
687.047 37.4149 0.0416563
690.359 37.4964 0.0446676
693.688 37.5507 0.0439113
697.129 37.644 0.0414797
700.544 37.7449 0.0390614
703.944 37.8209 0.0381165
707.357 37.8978 0.0380755
710.83 37.9847 0.0370141
714.241 38.0092 0.0361513
717.821 38.072 0.0357011
721.388 38.1656 0.0361033
724.873 38.1641 0.0349744
728.333 38.232 0.0357862
731.878 38.3317 0.0371662
735.417 38.3457 0.0387894
738.863 38.501 0.0473925
742.447 38.5646 0.0478428
745.953 38.6827 0.0496984
749.356 38.8196 0.0463484
752.898 38.8296 0.0497406
756.48 38.9686 0.0509034
760.055 39.0575 0.0512243
763.689 39.1568 0.053098
767.323 39.2696 0.0545829
771.083 39.3706 0.0532792
774.84 39.5263 0.0520519
778.467 39.5863 0.0505691
782.17 39.6746 0.0495959
785.878 39.7178 0.0489927
789.583 39.7699 0.0477308
793.408 39.9456 0.0458096
797.147 40.075 0.0468477
800.935 40.0964 0.0464962
804.688 40.1392 0.0482016
808.528 40.2379 0.0499035
812.328 40.3592 0.0466214
816.269 40.491 0.048005
820.088 40.611 0.0490888
824.01 40.6638 0.0525895
827.968 40.8606 0.0544027
831.735 41.0236 0.0564617
835.485 41.1104 0.0548111
839.295 41.2086 0.0548178
842.978 41.316 0.0519977
846.68 41.3995 0.0475288
850.353 41.4844 0.0450736
854.041 41.5827 0.0426143
857.751 41.6493 0.0451871
861.513 41.7275 0.0464004
865.077 41.8328 0.0478915
868.782 41.9638 0.0543426
872.506 42.088 0.0575529
876.165 42.2039 0.0591646
879.92 42.3616 0.0541483
883.69 42.4615 0.054766
887.452 42.5822 0.0544141
891.184 42.7594 0.0555275
894.91 42.9343 0.0567282
898.622 43.04 0.0601619
902.407 43.2248 0.0610271
906.162 43.4218 0.0620132
909.927 43.561 0.0641652
913.666 43.7234 0.0652889
917.409 43.9089 0.063206
921.195 44.0397 0.0618013
924.935 44.2052 0.0615719
928.761 44.3357 0.0632623
932.421 44.428 0.0670463
936.154 44.6313 0.0716704
939.911 44.7908 0.0711986
943.686 44.8647 0.0730594
947.341 45.0422 0.0677443
951.055 45.1671 0.0667656
954.729 45.2792 0.0629486
958.465 45.3593 0.0598937
962.083 45.4529 0.054664
965.663 45.5693 0.0525933
969.35 45.7043 0.0467661
972.995 45.7959 0.0445343
976.703 45.904 0.0379761
980.316 45.9266 0.0338207
984.053 45.9655 0.0288037
987.674 45.9355 0.0212727
991.22 45.895 0.0138143
994.852 45.8355 0.0080429
998.388 45.8505 -0.000904234
1002.02 45.7457 -0.01092
1005.53 45.6292 -0.0179416
1009.13 45.3687 -0.0248949
1012.66 45.1484 -0.0280997
1016.32 44.9439 -0.0282454
1019.9 44.7051 -0.0264289
1023.43 44.5624 -0.02568
1026.97 44.3744 -0.0250959
1030.54 44.1849 -0.0278079
1034.13 43.9596 -0.0297135
1037.72 43.6964 -0.0336892
1041.18 43.46 -0.0349602
1044.77 43.2689 -0.0378
1048.33 43.089 -0.0386676
1051.89 42.8342 -0.0402097
1055.4 42.5624 -0.0403575
1059 42.3579 -0.0409164
1062.52 42.1068 -0.0381145
1066.04 41.8321 -0.0362615
1069.53 41.6782 -0.0301811
1073.04 41.452 -0.031865
1076.52 41.2646 -0.0339543
1080.03 41.0806 -0.0353402
1083.5 40.8712 -0.0356967
1086.93 40.592 -0.0352832
1090.45 40.4152 -0.0322353
1094.03 40.1452 -0.0321647
1097.56 39.9347 -0.0313963
1101.09 39.7654 -0.0307254
1104.62 39.5475 -0.0308577
1108.15 39.3789 -0.0283803
1111.68 39.2017 -0.0281891
1115.19 39.0146 -0.0301062
1118.78 38.7989 -0.026261
1122.25 38.669 -0.0289361
1125.77 38.4644 -0.0246655
1129.31 38.2743 -0.0245256
1132.85 38.1705 -0.0214907
1136.42 38.0252 -0.0180811
1139.98 37.8532 -0.0179297
1143.42 37.7678 -0.0207547
1146.84 37.6629 -0.019364
1150.36 37.5083 -0.018561
1153.81 37.363 -0.0216137
1157.27 37.2217 -0.022154
1160.84 36.9485 -0.0285522
1164.34 36.7504 -0.0256454
1167.81 36.458 -0.0287742
1171.3 36.2296 -0.0280596
1174.77 35.9408 -0.0289871
1178.23 35.7227 -0.0281746
1181.84 35.4847 -0.0273673
1185.31 35.293 -0.0274967
1188.88 35.027 -0.0284266
1192.31 34.8631 -0.0282313
1195.82 34.6997 -0.0259255
1199.34 34.5509 -0.0233361
1202.94 34.4201 -0.0245642
1206.45 34.2581 -0.0229138
1210.02 34.1248 -0.0234572
1213.54 33.97 -0.0203713
1217.15 33.9006 -0.0190333
1220.71 33.7721 -0.0208139
1224.29 33.6229 -0.0228409
1227.92 33.4287 -0.0233792
1231.54 33.3007 -0.0227937
1235.11 33.1436 -0.0185587
1238.63 33.0047 -0.0173589
1242.2 32.8949 -0.0201723
1245.72 32.8265 -0.0225138
1249.23 32.6241 -0.0264949
1252.81 32.4316 -0.0285913
1256.43 32.3207 -0.0312492
1259.93 32.0969 -0.0301608
1263.46 31.8971 -0.0328752
1266.99 31.7534 -0.0338837
1270.58 31.5858 -0.0325941
1274.09 31.4853 -0.0308301
1277.59 31.2688 -0.0331062
1281.08 31.1043 -0.0356542
1284.62 30.9597 -0.0335008
1288.14 30.7457 -0.0348894
1291.72 30.5425 -0.0309164
1295.32 30.4242 -0.0262024
1298.8 30.2683 -0.0262755
1302.37 30.0998 -0.0240513
1305.84 29.9818 -0.0252294
1309.4 29.7877 -0.0248541
1312.94 29.6968 -0.0260383
1316.52 29.5917 -0.0229115
1320.06 29.3707 -0.0240082
1323.58 29.2334 -0.0211217
1327.06 29.105 -0.0188433
1330.52 28.9633 -0.0189432
1334.05 28.8243 -0.0182244
1337.55 28.6755 -0.0196864
1341.12 28.5579 -0.0198695
1344.65 28.3982 -0.02167
1348.09 28.324 -0.0208098
1351.59 28.1762 -0.0189916
1355.05 28.0651 -0.0164985
1358.57 27.9678 -0.0169007
1362.01 27.865 -0.0179009
1365.43 27.7387 -0.0206589
1368.82 27.5795 -0.0259275
1372.15 27.3929 -0.0306133
1375.48 27.1681 -0.0339278
1378.84 27.0221 -0.0382578
1382.22 26.8509 -0.0410282
1385.59 26.5999 -0.0440492
1389.04 26.4468 -0.0469967
1392.41 26.2178 -0.0488984
1395.72 25.9724 -0.0494422
1399.13 25.7422 -0.0520634
1402.45 25.5355 -0.0548634
1405.78 25.2788 -0.0554682
1409.14 25.0001 -0.0572578
1412.46 24.7743 -0.0566868
1415.72 24.5472 -0.0581667
1418.9 24.2995 -0.0613324
1422.06 24.0993 -0.0616573
1425.32 23.8381 -0.0612351
1428.54 23.6016 -0.061639
1431.8 23.328 -0.0610315
1435.08 22.9447 -0.0618981
1438.33 22.5905 -0.0627727
1441.58 22.3899 -0.0656323
1444.83 22.16 -0.0729116
1448.03 21.8173 -0.0778717
1451.19 21.5267 -0.084865
1454.39 21.1544 -0.0899011
1457.52 20.7899 -0.0923125
1460.65 20.4952 -0.0919568
1463.69 20.2216 -0.0916637
1466.73 19.9045 -0.0908197
1469.78 19.548 -0.0899488
1472.93 19.2801 -0.0884968
1476.05 18.9272 -0.0883705
1478.98 18.5771 -0.084885
1481.99 18.3097 -0.0824889
1485.03 17.9192 -0.0776819
1487.88 17.7459 -0.0732109
1490.82 17.5013 -0.0690021
1493.72 17.3552 -0.0692581
1496.56 17.1063 -0.06962
1499.43 16.8064 -0.0697879
1502.41 16.3935 -0.0666775
1505.24 16.1705 -0.068901
1507.95 15.9531 -0.066497
1510.97 15.6812 -0.0640985
1513.88 15.5627 -0.0634994
1516.7 15.3917 -0.065386
1519.48 15.1438 -0.0695798
1522.21 14.9032 -0.0698458
1524.98 14.7386 -0.0655271
1527.67 14.5866 -0.0622057
1530.39 14.3668 -0.0625505
1533.17 14.1027 -0.0646469
1535.75 13.9243 -0.0685889
1538.24 13.7796 -0.0690767
1540.6 13.6414 -0.0684518
1542.94 13.4793 -0.0669853
1545.2 13.3006 -0.0667543
1547.48 13.2477 -0.0639752
1549.76 13.16 -0.0713157
1551.96 13.0121 -0.07875
1554.09 12.7725 -0.0965852
1556.33 12.5772 -0.128316
1558.23 12.3387 -0.158797
1560.03 11.9686 -0.191979
1561.73 11.6024 -0.231787
1563.58 11.1677 -0.280743
1565.14 10.6312 -0.33032
1566.72 10.1037 -0.380367
1568.15 9.54919 -0.430964
1569.47 8.88583 -0.488707
1570.65 8.14984 -0.547688
1571.65 7.37563 -0.606113
1572.69 6.60763 -0.674755
1573.44 5.84141 -0.745738
1574.16 5.04025 -0.816333
1574.68 4.30102 -0.88498
1575.16 3.64862 -0.950324
1575.55 3.00966 -1.00419
1575.82 2.37556 -1.06122
1576.07 1.73076 -1.11435
1576.28 1.11972 -1.16753
1576.43 0.440346 -1.21781
1576.55 -0.204109 -1.26797
1576.66 -0.88167 -1.31808
1576.72 -1.57682 -1.37128
1576.72 -2.29226 -1.42466
1576.7 -3.00475 -1.48691
1576.68 -3.83732 -1.55166
1576.63 -4.69449 -1.61484
1576.46 -5.57039 -1.68472
1576.18 -6.42554 -1.75169
1575.86 -7.29972 -1.8226
1575.52 -8.23562 -1.88831
1575.07 -9.13974 -1.95006
1574.53 -10.0765 -1.99945
1573.99 -11.023 -2.03964
1573.38 -11.9786 -2.06084
1572.71 -12.9821 -2.08221
1572.01 -14.0657 -2.09377
1571.3 -15.1726 -2.10789
1570.59 -16.3132 -2.123
1569.81 -17.5072 -2.13234
1568.99 -18.7392 -2.13156
1568.15 -20.0454 -2.12584
1567.3 -21.3853 -2.12125
1566.42 -22.771 -2.11766
1565.53 -24.2478 -2.11636
1564.6 -25.7691 -2.11498
1563.64 -27.306 -2.11446
1562.63 -28.8583 -2.11387
1561.61 -30.4951 -2.11347
1560.59 -32.154 -2.11261
1559.6 -33.8864 -2.11475
1558.52 -35.6416 -2.116
1557.4 -37.3759 -2.1164
1556.28 -39.2139 -2.11526
1555.14 -41.0817 -2.11549
1554.02 -42.9667 -2.11637
1552.81 -44.886 -2.11784
1551.56 -46.8626 -2.11725
1550.3 -48.9154 -2.11814
1549.09 -50.9432 -2.1168
1547.91 -53.1083 -2.11882
1546.61 -55.1496 -2.11686
1545.27 -57.2427 -2.1172
1543.97 -59.4495 -2.12079
1542.6 -61.6704 -2.12062
1541.17 -63.8561 -2.12209
1539.73 -66.1103 -2.12399
1538.23 -68.4114 -2.12297
1536.76 -70.6904 -2.1238
1535.22 -72.9717 -2.12612
1533.7 -75.3552 -2.12661
1532.2 -77.6268 -2.12542
1530.64 -80.0151 -2.12616
1529.06 -82.3926 -2.12787
1527.5 -84.7997 -2.1296
1525.93 -87.1981 -2.13005
1524.32 -89.663 -2.13486
1522.69 -92.122 -2.13368
1521.08 -94.5858 -2.13355
1519.43 -97.0525 -2.13425
1517.8 -99.5603 -2.13794
1516.13 -102.039 -2.13715
1514.48 -104.531 -2.13694
1512.81 -107.091 -2.13705
1511.14 -109.626 -2.14071
1509.44 -112.141 -2.14053
1507.76 -114.723 -2.13984
1506.01 -117.239 -2.13924
1504.28 -119.798 -2.13932
1502.52 -122.377 -2.13918
1500.82 -124.956 -2.13578
1499.08 -127.507 -2.13461
1497.43 -130.103 -2.13298
1495.69 -132.693 -2.13215
1494.02 -135.263 -2.13131
1492.33 -137.813 -2.1327
1490.67 -140.382 -2.1339
1488.93 -142.931 -2.13564
1487.24 -145.524 -2.13617
1485.57 -148.11 -2.13633
1483.84 -150.684 -2.13468
1482.15 -153.275 -2.13693
1480.45 -155.868 -2.13667
1478.72 -158.475 -2.13694
1476.97 -161.052 -2.14145
1475.2 -163.682 -2.14011
1473.49 -166.286 -2.14412
1471.69 -168.926 -2.14297
1469.9 -171.53 -2.13896
1468.1 -174.156 -2.13543
1466.37 -176.802 -2.14038
1464.64 -179.455 -2.14073
1462.85 -182.097 -2.1407
1461.05 -184.744 -2.14027
1459.3 -187.436 -2.14092
1457.49 -190.12 -2.14116
1455.71 -192.76 -2.14263
1453.93 -195.358 -2.14207
1452.21 -197.942 -2.14244
1450.52 -200.539 -2.14346
1448.8 -203.093 -2.14142
1447.1 -205.645 -2.14198
1445.34 -208.204 -2.14375
1443.68 -210.736 -2.14417
1441.97 -213.259 -2.14543
1440.23 -215.754 -2.14447
1438.55 -218.238 -2.14432
1436.86 -220.72 -2.14574
1435.19 -223.131 -2.14565
1433.53 -225.552 -2.14492
1431.85 -227.944 -2.14766
1430.24 -230.385 -2.14985
1428.66 -232.771 -2.15195
1427.01 -235.127 -2.15019
1425.43 -237.474 -2.14763
1423.88 -239.734 -2.14932
1422.33 -241.993 -2.14915
1420.78 -244.221 -2.14676
1419.23 -246.487 -2.14574
1417.72 -248.687 -2.1449
1416.27 -250.821 -2.14792
1414.85 -252.852 -2.15215
1413.45 -254.855 -2.15501
1412.07 -256.807 -2.15746
1410.76 -258.674 -2.15599
1409.48 -260.496 -2.15749
1408.21 -262.232 -2.15105
1407.08 -263.848 -2.14892
1405.99 -265.383 -2.14336
1404.97 -266.868 -2.13667
1403.99 -268.249 -2.13303
1403.12 -269.521 -2.12645
1402.23 -270.784 -2.12292
1401.43 -272.025 -2.11474
1400.61 -273.284 -2.10976
1399.76 -274.441 -2.10704
1398.99 -275.556 -2.10263
1398.23 -276.66 -2.10179
1397.56 -277.708 -2.10213
1396.94 -278.668 -2.1038
1396.39 -279.553 -2.10127
1395.85 -280.407 -2.10314
1395.29 -281.295 -2.10058
1394.76 -282.164 -2.10113
1394.28 -282.94 -2.09721
1393.81 -283.753 -2.1002
1393.28 -284.534 -2.10196
1392.84 -285.304 -2.09967
1392.44 -285.991 -2.09944
1391.98 -286.661 -2.09923
1391.56 -287.296 -2.09848
1391.17 -287.985 -2.09793
1390.85 -288.613 -2.09769
1390.49 -289.231 -2.09963
1390.12 -289.884 -2.10213
1389.91 -290.089 -2.09841
1389.6 -290.481 -2.10118
1389.37 -290.757 -2.0968
1389.13 -291.093 -2.09802
1388.92 -291.374 -2.09773
1388.71 -291.688 -2.10327
1388.55 -291.968 -2.10584
1388.38 -292.221 -2.10847
1388.21 -292.467 -2.11156
1388.03 -292.653 -2.117
1387.9 -292.826 -2.12322
1387.78 -292.898 -2.12661
1387.7 -293.025 -2.13216
1387.61 -293.136 -2.13394
1387.58 -293.214 -2.13685
1387.59 -293.22 -2.13852
1387.59 -293.21 -2.14059
1387.63 -293.215 -2.13982
1387.66 -293.211 -2.13968
1387.67 -293.179 -2.13829
1387.72 -293.131 -2.13692
1387.76 -293.117 -2.13585
1387.8 -293.078 -2.13558
1387.83 -293.035 -2.13485
1387.85 -292.976 -2.13424
1387.89 -292.932 -2.13393
1387.9 -292.948 -2.13266
1387.89 -292.925 -2.13281
1387.9 -292.903 -2.13415
1387.94 -292.922 -2.1324
1387.98 -292.931 -2.1307
1388.02 -292.905 -2.12945
1388.03 -292.872 -2.12828
1388.04 -292.96 -2.12922
1388.03 -292.978 -2.13049
1387.97 -293.046 -2.13309
1387.9 -293.118 -2.13632
1387.81 -293.174 -2.13817
1387.78 -293.267 -2.14141
1387.71 -293.401 -2.14445
1387.63 -293.543 -2.15132
1387.55 -293.69 -2.15306
1387.42 -293.846 -2.15718
1387.34 -294.042 -2.16256
1387.23 -294.248 -2.16563
1387.03 -294.381 -2.17064
1386.85 -294.531 -2.17826
1386.7 -294.806 -2.18265
1386.49 -295.013 -2.18988
1386.26 -295.286 -2.19769
1386.03 -295.539 -2.20537
1385.87 -295.777 -2.21345
1385.65 -296.044 -2.22104
1385.45 -296.267 -2.23185
1385.23 -296.532 -2.24984
1385.02 -296.743 -2.26898
1384.84 -296.827 -2.29197
1384.69 -296.976 -2.31077
1384.49 -297.16 -2.33058
1384.32 -297.256 -2.34309
1384.2 -297.41 -2.35669
1384.07 -297.463 -2.36726
1384.01 -297.528 -2.37315
1383.97 -297.547 -2.37629
1383.96 -297.552 -2.37705
1383.96 -297.529 -2.37737
1383.94 -297.506 -2.37604
1383.93 -297.512 -2.37672
1383.92 -297.534 -2.37736
1383.93 -297.588 -2.37835
1383.9 -297.59 -2.3786
1383.9 -297.6 -2.37944
1383.9 -297.586 -2.37998
1383.88 -297.6 -2.37949
1383.9 -297.619 -2.38044
1383.89 -297.636 -2.38165
1383.87 -297.65 -2.38139
1383.86 -297.633 -2.38105
1383.85 -297.639 -2.38018
1383.85 -297.651 -2.37965
1383.83 -297.664 -2.37935
1383.82 -297.682 -2.37969
1383.81 -297.663 -2.38016
1383.8 -297.676 -2.38093
1383.77 -297.695 -2.38171
1383.73 -297.682 -2.38246
1383.73 -297.681 -2.38336
1383.73 -297.661 -2.38434
1383.72 -297.631 -2.38451
1383.71 -297.63 -2.38532
1383.66 -297.607 -2.38522
1383.67 -297.6 -2.38462
1383.65 -297.598 -2.38419
1383.65 -297.608 -2.38543
1383.64 -297.568 -2.38467
1383.62 -297.543 -2.38486
1383.59 -297.533 -2.38579
1383.57 -297.506 -2.38473
1383.56 -297.524 -2.38534
1383.57 -297.515 -2.38582
1383.54 -297.517 -2.38605
1383.55 -297.547 -2.38749
1383.56 -297.516 -2.38719
1383.57 -297.498 -2.38603
1383.56 -297.462 -2.3864
1383.58 -297.45 -2.38546
1383.58 -297.441 -2.38456
1383.58 -297.454 -2.38409
1383.58 -297.459 -2.38367
1383.58 -297.435 -2.38241
1383.6 -297.411 -2.38232
1383.59 -297.393 -2.38109
1383.6 -297.367 -2.38141
1383.6 -297.333 -2.38079
1383.63 -297.342 -2.38148
1383.61 -297.309 -2.38134
1383.62 -297.32 -2.38203
1383.62 -297.326 -2.38154
1383.61 -297.315 -2.38037
1383.6 -297.305 -2.37976
1383.59 -297.258 -2.37896
1383.57 -297.217 -2.37831
1383.57 -297.229 -2.37729
1383.56 -297.267 -2.37726
1383.56 -297.282 -2.37651
1383.56 -297.278 -2.37549
1383.56 -297.324 -2.37689
1383.53 -297.318 -2.37666
1383.55 -297.344 -2.37792
1383.55 -297.331 -2.37727
1383.55 -297.345 -2.37705
1383.56 -297.375 -2.37717
1383.58 -297.342 -2.37727
1383.58 -297.308 -2.37704
1383.57 -297.277 -2.37694
1383.55 -297.272 -2.37585
1383.56 -297.294 -2.37539
1383.56 -297.3 -2.37514
1383.56 -297.314 -2.37531
1383.56 -297.337 -2.376
1383.54 -297.353 -2.377
1383.52 -297.33 -2.37975
1383.46 -297.372 -2.38471
1383.35 -297.421 -2.39407
1383.25 -297.514 -2.40303
1383.11 -297.606 -2.41184
1382.99 -297.727 -2.4216
1382.81 -297.878 -2.43371
1382.58 -298.055 -2.44827
1382.35 -298.267 -2.46564
1382.06 -298.432 -2.48239
1381.74 -298.661 -2.50478
1381.34 -298.878 -2.52899
1380.91 -299.151 -2.55943
1380.42 -299.423 -2.59623
1379.87 -299.69 -2.64234
1379.24 -299.977 -2.6938
1378.56 -300.148 -2.74719
1377.81 -300.278 -2.80442
1376.93 -300.409 -2.87195
1376.02 -300.508 -2.9402
1375.08 -300.546 -3.00945
1374.14 -300.595 -3.07692
1373.05 -300.511 -3.14069
1371.97 -300.338 3.08535
1370.81 -300.146 3.03812
1369.62 -299.932 3.00336
1368.37 -299.693 2.97999
1367.07 -299.43 2.9611
1365.67 -299.111 2.94335
1364.23 -298.773 2.92675
1362.68 -298.391 2.91752
1361.04 -298.006 2.91016
1359.37 -297.581 2.90742
1357.64 -297.133 2.90076
1355.79 -296.659 2.89659
1353.89 -296.074 2.89473
1352.01 -295.559 2.89328
1350.03 -295.015 2.89348
1347.91 -294.415 2.89771
1345.75 -293.844 2.90207
1343.64 -293.301 2.90582
1341.47 -292.78 2.91069
1339.22 -292.293 2.91318
1337.11 -291.769 2.92017
1334.87 -291.296 2.92834
1332.66 -290.776 2.93363
1330.43 -290.347 2.94086
1328.15 -289.878 2.95068
1325.85 -289.433 2.9594
1323.48 -288.98 2.9698
1321.16 -288.566 2.97352
1318.78 -288.172 2.97132
1316.36 -287.735 2.97223
1313.94 -287.182 2.97475
1311.45 -286.727 2.97531
1308.92 -286.302 2.9797
1306.41 -285.827 2.98036
1303.81 -285.434 2.98392
1301.09 -285.064 2.99109
1298.42 -284.644 3.0003
1295.73 -284.211 3.00961
1293.07 -283.941 3.01684
1290.41 -283.613 3.02372
1287.69 -283.31 3.02663
1285.09 -282.989 3.02687
1282.32 -282.67 3.02801
1279.5 -282.316 3.02546
1276.6 -281.979 3.02485
1273.69 -281.561 3.02295
1270.78 -281.175 3.01979
1267.85 -280.76 3.0175
1264.88 -280.347 3.01898
1261.82 -279.913 3.02
1258.72 -279.426 3.01927
1255.65 -279.023 3.01348
1252.58 -278.562 3.01031
1249.51 -278.105 3.00676
1246.36 -277.69 3.00498
1243.2 -277.222 3.00408
1240.1 -276.735 3.00716
1236.91 -276.269 3.00552
1233.7 -275.752 3.00635
1230.45 -275.312 3.00583
1227.16 -274.833 3.0039
1223.83 -274.337 3.00762
1220.6 -273.92 3.00966
1217.22 -273.439 3.0138
1213.87 -272.951 3.01302
1210.53 -272.521 3.01416
1207.24 -272.067 3.01911
1203.77 -271.572 3.02081
1200.39 -271.115 3.02314
1196.92 -270.61 3.0237
1193.43 -270.166 3.0241
1189.9 -269.707 3.02831
1186.46 -269.248 3.03088
1182.98 -268.863 3.03234
1179.51 -268.44 3.03445
1176.01 -268.028 3.03721
1172.55 -267.657 3.0371
1169.03 -267.21 3.03968
1165.5 -266.811 3.0384
1162.03 -266.405 3.04427
1158.51 -265.97 3.05317
1154.96 -265.653 3.06137
1151.49 -265.314 3.06938
1147.77 -265.119 3.08304
1144.39 -264.821 3.09863
1140.86 -264.675 3.11286
1137.39 -264.592 3.12432
1133.96 -264.492 3.13611
1130.31 -264.509 -3.13947
1127.04 -264.539 -3.13207
1123.62 -264.586 -3.12305
1120.02 -264.725 -3.11258
1116.47 -264.795 -3.10263
1112.85 -264.9 -3.08825
1109.29 -265.125 -3.07852
1105.69 -265.294 -3.07073
1102.06 -265.561 -3.06235
1098.49 -265.82 -3.05597
1094.93 -266.098 -3.05393
1091.35 -266.419 -3.05085
1087.68 -266.663 -3.04894
1084.16 -266.956 -3.05117
1080.63 -267.297 -3.05285
1077.11 -267.561 -3.05496
1073.52 -267.822 -3.05389
1069.94 -268.139 -3.05021
1066.38 -268.476 -3.04642
1062.83 -268.809 -3.04282
1059.17 -269.129 -3.03967
1055.47 -269.521 -3.03948
1051.85 -269.775 -3.03455
1048.17 -270.102 -3.03154
1044.51 -270.429 -3.0287
1040.9 -270.788 -3.02826
1037.17 -271.164 -3.02746
1033.4 -271.53 -3.02785
1029.61 -271.933 -3.03002
1025.83 -272.339 -3.02955
1022.04 -272.754 -3.03399
1018.2 -273.115 -3.03535
1014.51 -273.44 -3.03993
1010.65 -273.829 -3.03927
1006.89 -274.188 -3.03834
1003.13 -274.556 -3.03145
999.344 -274.94 -3.03007
995.557 -275.405 -3.02703
991.761 -275.8 -3.02169
987.875 -276.234 -3.01737
984.065 -276.675 -3.01544
980.286 -277.204 -3.01354
976.473 -277.674 -3.01058
972.609 -278.123 -3.00965
968.695 -278.599 -3.00761
964.933 -279.101 -3.00462
961.103 -279.662 -3.00384
957.32 -280.187 -2.99942
953.537 -280.667 -2.99874
949.777 -281.226 -2.99791
945.959 -281.717 -2.99692
942.199 -282.215 -2.99517
938.296 -282.765 -2.99683
934.503 -283.179 -2.99592
930.665 -283.705 -2.99425
926.815 -284.317 -2.99395
923.05 -284.776 -2.98514
919.286 -285.36 -2.98124
915.477 -285.936 -2.97526
911.701 -286.565 -2.96605
907.942 -287.22 -2.96161
904.248 -287.8 -2.95573
900.453 -288.489 -2.95041
896.846 -289.268 -2.94178
893.336 -289.925 -2.93701
889.661 -290.705 -2.92765
885.935 -291.428 -2.91987
882.225 -292.223 -2.91348
878.709 -293.028 -2.90421
874.912 -293.873 -2.89709
871.326 -294.678 -2.88439
867.698 -295.639 -2.8783
864.119 -296.566 -2.87046
860.628 -297.501 -2.86693
856.946 -298.455 -2.86382
853.277 -299.423 -2.86048
849.678 -300.364 -2.85183
846.076 -301.406 -2.84427
842.568 -302.432 -2.83813
838.961 -303.474 -2.83439
835.232 -304.638 -2.82836
831.77 -305.704 -2.82135
828.152 -306.884 -2.81127
824.616 -308.093 -2.80202
821.132 -309.264 -2.79602
817.501 -310.541 -2.78878
813.886 -311.799 -2.78139
810.438 -313.063 -2.77747
806.659 -314.42 -2.76877
802.978 -315.814 -2.76231
799.469 -317.187 -2.75681
795.966 -318.52 -2.75269
792.42 -319.901 -2.75172
788.989 -321.259 -2.75156
785.476 -322.623 -2.74926
781.824 -324.079 -2.74505
778.361 -325.408 -2.73653
774.872 -326.863 -2.73334
771.253 -328.318 -2.72667
767.677 -329.882 -2.72345
764.026 -331.406 -2.72428
760.47 -332.889 -2.72307
756.823 -334.473 -2.71886
753.083 -336.026 -2.71796
749.502 -337.591 -2.71264
746.047 -339.104 -2.71542
742.551 -340.621 -2.71328
739.044 -342.145 -2.70976
735.479 -343.753 -2.70459
731.901 -345.317 -2.70609
728.369 -346.901 -2.70712
724.858 -348.49 -2.70304
721.25 -350.213 -2.70261
717.766 -351.803 -2.70283
714.172 -353.437 -2.70266
710.551 -355.083 -2.70274
707.08 -356.657 -2.7028
703.562 -358.224 -2.70335
700.091 -359.768 -2.70325
696.615 -361.373 -2.70187
693.137 -362.932 -2.69795
689.642 -364.556 -2.69755
686.178 -366.089 -2.69815
682.723 -367.694 -2.69652
679.26 -369.243 -2.69659
675.817 -370.823 -2.69649
672.282 -372.39 -2.69327
668.801 -373.871 -2.68973
665.321 -375.499 -2.68902
661.801 -377.086 -2.68886
658.279 -378.711 -2.68996
654.654 -380.397 -2.68999
651.076 -381.975 -2.68625
647.54 -383.594 -2.68893
644.014 -385.344 -2.68848
640.589 -386.893 -2.68769
637.294 -388.388 -2.68607
633.86 -390.064 -2.68285
630.629 -391.655 -2.68175
627.278 -393.254 -2.67855
624.047 -394.73 -2.67655
620.786 -396.291 -2.67763
617.489 -397.944 -2.67835
614.111 -399.528 -2.68112
610.772 -401.096 -2.68415
607.43 -402.6 -2.68774
604.141 -404.113 -2.69012
600.756 -405.553 -2.69387
597.412 -407.126 -2.69621
593.989 -408.699 -2.70233
590.528 -410.247 -2.70708
586.979 -411.785 -2.71186
583.468 -413.279 -2.71965
580.021 -414.666 -2.72851
576.518 -416.093 -2.7364
572.967 -417.518 -2.73412
569.514 -418.868 -2.7308
566.065 -420.27 -2.73144
562.65 -421.704 -2.73154
559.119 -423.079 -2.73335
555.747 -424.497 -2.73292
552.368 -425.893 -2.73145
548.971 -427.416 -2.72756
545.534 -428.837 -2.7276
542.061 -430.063 -2.73015
538.615 -431.422 -2.73057
535.232 -432.778 -2.7271
531.831 -434.01 -2.72697
528.435 -435.403 -2.72867
525.068 -436.675 -2.72535
521.755 -438.112 -2.71848
518.418 -439.518 -2.71495
515.147 -440.923 -2.71325
511.729 -442.298 -2.70545
508.376 -443.801 -2.70258
505.069 -445.259 -2.69596
501.658 -446.812 -2.69611
498.222 -448.305 -2.6928
494.875 -449.825 -2.69372
491.577 -451.311 -2.69483
488.196 -452.863 -2.69121
484.869 -454.353 -2.69361
481.455 -455.852 -2.69277
478.192 -457.364 -2.69198
474.801 -458.891 -2.69109
471.458 -460.333 -2.69451
468.179 -461.767 -2.69594
464.94 -463.126 -2.69777
461.565 -464.623 -2.70034
458.261 -466.082 -2.70217
454.888 -467.57 -2.70165
451.557 -469.065 -2.70152
448.33 -470.429 -2.70562
445.025 -471.849 -2.71017
441.739 -473.239 -2.7147
438.553 -474.506 -2.72385
435.357 -475.804 -2.72967
432.113 -477.108 -2.7323
428.912 -478.473 -2.73499
425.749 -479.739 -2.7378
422.546 -480.948 -2.73881
419.432 -482.184 -2.74155
416.342 -483.358 -2.74459
413.226 -484.587 -2.74424
410.128 -485.778 -2.74241
407.102 -486.902 -2.74528
404.025 -488.117 -2.74499
400.918 -489.282 -2.74347
397.847 -490.433 -2.74694
394.778 -491.626 -2.74753
391.816 -492.809 -2.7481
388.948 -493.93 -2.74412
386.177 -495.034 -2.74151
383.4 -496.147 -2.73864
380.65 -497.242 -2.73781
378.064 -498.271 -2.73365
375.606 -499.342 -2.73029
373.09 -500.412 -2.7293
370.679 -501.353 -2.72785
368.331 -502.338 -2.72694
365.979 -503.327 -2.72526
363.588 -504.336 -2.72596
361.277 -505.319 -2.72412
358.986 -506.31 -2.72099
356.743 -507.321 -2.71902
354.573 -508.289 -2.71724
352.404 -509.248 -2.71622
350.24 -510.192 -2.71297
348.128 -511.126 -2.71394
346.127 -512.001 -2.71609
344.216 -512.867 -2.71717
342.381 -513.703 -2.72024
340.511 -514.514 -2.73371
338.773 -515.281 -2.753
337.068 -515.872 -2.77669
335.283 -516.461 -2.80839
333.497 -516.836 -2.83979
331.965 -517.198 -2.87711
330.355 -517.48 -2.9157
328.766 -517.672 -2.9559
327.212 -517.831 -2.99538
325.705 -517.866 -3.03512
324.242 -517.907 -3.07888
322.794 -517.768 -3.12437
321.304 -517.577 3.11203
319.856 -517.37 3.06551
318.44 -517.12 3.02171
317.029 -516.775 2.97799
315.691 -516.433 2.92961
314.342 -516.044 2.8812
313.062 -515.524 2.83288
311.8 -514.988 2.78021
310.596 -514.351 2.72679
309.38 -513.679 2.66972
308.18 -512.943 2.61831
306.986 -512.097 2.56978
305.784 -511.19 2.52655
304.633 -510.205 2.47511
303.502 -509.178 2.42543
302.4 -508.007 2.3729
301.339 -506.816 2.32066
300.37 -505.553 2.28335
299.348 -504.265 2.25122
298.345 -502.872 2.21864
297.413 -501.402 2.18436
296.51 -499.855 2.15323
295.57 -498.28 2.12758
294.692 -496.635 2.09858
293.778 -494.931 2.07025
292.917 -493.181 2.04733
292.044 -491.358 2.02587
291.193 -489.497 2.00963
290.356 -487.555 1.99243
289.571 -485.572 1.97759
288.823 -483.533 1.97057
287.995 -481.473 1.96949
287.182 -479.357 1.96722
286.382 -477.189 1.96837
285.488 -475.007 1.96739
284.709 -472.777 1.96681
283.852 -470.535 1.96947
282.892 -468.255 1.96741
282.01 -465.945 1.96709
281.046 -463.572 1.96494
280.072 -461.143 1.96311
279.063 -458.729 1.96086
278.074 -456.244 1.96099
277.06 -453.761 1.96059
276.004 -451.235 1.95938
274.972 -448.684 1.95927
273.874 -446.051 1.95502
272.803 -443.389 1.94838
271.77 -440.677 1.94371
270.811 -437.949 1.94135
269.817 -435.24 1.94094
268.826 -432.439 1.93949
267.772 -429.661 1.9348
266.75 -426.848 1.93348
265.701 -424.074 1.93629
264.688 -421.193 1.93629
263.665 -418.275 1.93926
262.577 -415.375 1.94234
261.493 -412.468 1.94439
260.429 -409.578 1.94544
259.384 -406.701 1.94559
258.342 -403.804 1.94616
257.26 -400.932 1.95026
256.176 -398.082 1.94976
255.113 -395.177 1.94985
254.023 -392.298 1.94983
252.942 -389.404 1.94877
251.848 -386.5 1.9477
250.796 -383.591 1.94614
249.731 -380.703 1.94696
248.653 -377.799 1.94749
247.537 -374.88 1.94863
246.427 -371.987 1.9464
245.271 -369.085 1.94719
244.218 -366.147 1.94586
243.136 -363.194 1.94711
242.148 -360.211 1.94932
241.024 -357.251 1.94989
239.976 -354.322 1.95107
238.923 -351.392 1.95236
237.825 -348.473 1.95227
236.759 -345.619 1.95023
235.642 -342.71 1.95218
234.56 -339.815 1.95308
233.455 -336.924 1.95369
232.418 -334.096 1.95495
231.404 -331.209 1.95363
230.333 -328.315 1.95416
229.252 -325.454 1.95517
228.245 -322.61 1.95695
227.144 -319.77 1.96043
226.047 -316.975 1.96274
224.928 -314.197 1.96186
223.787 -311.426 1.95991
222.727 -308.643 1.96047
221.643 -305.886 1.95949
220.563 -303.176 1.95994
219.508 -300.37 1.95959
218.465 -297.618 1.95994
217.514 -294.86 1.95553
216.513 -292.164 1.94924
215.562 -289.47 1.94597
214.633 -286.88 1.93824
213.809 -284.434 1.92448
213.15 -282.07 1.9016
212.568 -279.91 1.87402
212.091 -277.861 1.82904
211.788 -275.896 1.78104
211.599 -274.138 1.7223
211.501 -272.418 1.65929
211.57 -270.754 1.59172
211.777 -269.135 1.51921
212.069 -267.493 1.44576
212.431 -266.039 1.37179
212.985 -264.48 1.29563
213.638 -263.066 1.22005
214.393 -261.722 1.14826
215.21 -260.299 1.07476
216.152 -258.936 1.0015
217.212 -257.618 0.92982
218.404 -256.393 0.857362
219.61 -255.187 0.794025
220.955 -254.028 0.739529
222.391 -252.935 0.692637
223.9 -251.822 0.651465
225.484 -250.812 0.615489
227.139 -249.758 0.594726
228.843 -248.709 0.576169
230.543 -247.694 0.560953
232.357 -246.653 0.551198
234.228 -245.566 0.547616
236.107 -244.449 0.546984
238.036 -243.357 0.546301
239.983 -242.183 0.547608
242.051 -240.995 0.552964
244.084 -239.798 0.555958
246.154 -238.629 0.556161
248.247 -237.321 0.554826
250.46 -235.986 0.554978
252.645 -234.67 0.554009
254.883 -233.412 0.553667
257.164 -232.073 0.548732
259.52 -230.761 0.545758
261.828 -229.345 0.545982
264.225 -227.952 0.540807
266.737 -226.565 0.539244
269.227 -225.107 0.541448
271.774 -223.628 0.53705
274.338 -222.172 0.535138
276.926 -220.693 0.53148
279.582 -219.191 0.524081
282.236 -217.714 0.518482
284.867 -216.299 0.515341
287.571 -214.806 0.506332
290.404 -213.335 0.496872
293.284 -211.827 0.489516
296.146 -210.389 0.484354
299.128 -208.927 0.482868
302.091 -207.412 0.482699
305.174 -205.906 0.479787
308.237 -204.413 0.478774
311.283 -202.94 0.476634
314.264 -201.485 0.479539
317.302 -199.938 0.482933
320.332 -198.384 0.482993
323.396 -196.778 0.484058
326.479 -195.235 0.482749
329.588 -193.718 0.481027
332.734 -192.188 0.479829
335.878 -190.671 0.481482
339.067 -189.1 0.483676
342.281 -187.548 0.481777
345.484 -185.943 0.48607
348.747 -184.269 0.487114
351.869 -182.775 0.48738
354.96 -181.208 0.492851
358.073 -179.66 0.492206
361.222 -178.09 0.492788
364.282 -176.507 0.493038
367.373 -174.93 0.49125
370.463 -173.374 0.493269
373.634 -171.717 0.494666
376.765 -170.163 0.496204
379.859 -168.525 0.497723
383.042 -166.883 0.499951
386.22 -165.203 0.49991
389.336 -163.675 0.500177
392.37 -162.085 0.499508
395.397 -160.465 0.49905
398.432 -158.974 0.49927
401.357 -157.444 0.501467
404.37 -155.899 0.501021
407.337 -154.36 0.500064
410.254 -152.878 0.499863
413.113 -151.363 0.499653
416.03 -149.846 0.500447
418.909 -148.467 0.500867
421.773 -146.985 0.499665
424.556 -145.507 0.498571
427.359 -144.049 0.4974
430.141 -142.637 0.496526
432.831 -141.275 0.495359
435.55 -139.882 0.498771
438.136 -138.536 0.500647
440.826 -137.161 0.501233
443.451 -135.871 0.504
445.997 -134.537 0.507326
448.442 -133.234 0.511761
450.893 -131.85 0.514925
453.158 -130.581 0.516101
455.385 -129.288 0.51904
457.646 -128.022 0.519777
459.745 -126.83 0.515441
461.798 -125.659 0.516311
463.83 -124.552 0.515261
465.802 -123.551 0.510289
467.667 -122.516 0.508024
469.468 -121.552 0.505087
471.316 -120.589 0.502825
472.993 -119.656 0.499582
474.641 -118.776 0.497308
476.126 -118.016 0.499276
477.587 -117.228 0.501584
478.942 -116.538 0.500901
480.168 -115.932 0.501329
481.41 -115.355 0.50482
482.479 -114.751 0.502712
483.526 -114.203 0.501485
484.487 -113.684 0.499141
485.376 -113.241 0.497707
486.174 -112.834 0.496956
486.982 -112.452 0.496649
487.684 -112.074 0.497468
488.346 -111.765 0.499004
488.958 -111.423 0.499918
489.559 -111.095 0.500312
490.112 -110.768 0.502213
490.557 -110.51 0.501812
490.992 -110.285 0.502182
491.355 -110.075 0.500176
491.698 -109.879 0.500674
492.03 -109.761 0.500376
492.257 -109.565 0.499827
492.451 -109.501 0.500889
492.566 -109.418 0.502063
492.643 -109.371 0.500779
492.685 -109.347 0.501004
492.715 -109.344 0.501489
492.75 -109.327 0.501822
492.77 -109.245 0.502188
492.827 -109.248 0.503066
492.872 -109.21 0.503654
492.943 -109.179 0.50424
493.053 -109.116 0.505268
493.142 -109.068 0.50553
493.233 -109.054 0.505269
493.266 -109.033 0.506022
493.313 -108.995 0.506091
493.324 -109.012 0.506391
493.299 -109.03 0.506523
493.309 -109.019 0.507718
493.306 -109.026 0.507049
493.286 -109.031 0.507021
493.269 -109.018 0.506832
493.267 -109.033 0.505779
493.243 -109.048 0.50526
493.24 -109.033 0.505082
493.23 -109.036 0.504373
493.22 -109.031 0.502909
493.214 -109.073 0.502852
493.208 -109.064 0.502264
493.188 -109.042 0.501478
493.166 -109.02 0.500654
493.165 -109.004 0.500821
493.171 -108.98 0.49972
493.125 -108.985 0.499176
493.139 -108.986 0.498066
493.131 -108.98 0.498194
493.107 -108.984 0.49777
493.128 -108.983 0.497604
493.122 -108.991 0.496745
493.122 -109.006 0.495201
493.114 -108.977 0.495713
493.095 -109.004 0.494692
493.091 -108.964 0.493608
493.103 -108.95 0.493146
493.111 -108.916 0.493421
493.134 -108.905 0.492884
493.221 -108.866 0.494675
493.315 -108.813 0.493459
493.493 -108.712 0.491734
493.755 -108.525 0.492025
494.068 -108.337 0.493151
494.469 -108.093 0.49456
494.948 -107.828 0.496281
495.532 -107.515 0.499848
496.17 -107.165 0.497186
496.907 -106.725 0.497541
497.715 -106.262 0.496921
498.652 -105.776 0.496281
499.615 -105.312 0.495964
500.664 -104.744 0.494814
501.793 -104.136 0.492926
503.014 -103.508 0.491112
504.288 -102.819 0.487439
505.665 -102.136 0.485267
507.148 -101.381 0.48316
508.656 -100.646 0.482269
510.246 -99.85 0.483837
511.867 -99.0537 0.484224
513.577 -98.1998 0.485675
515.388 -97.2642 0.48812
517.213 -96.3043 0.490432
519.146 -95.3439 0.489593
521.06 -94.3031 0.493292
523.154 -93.2568 0.493174
525.236 -92.1756 0.49284
527.431 -91.0683 0.49273
529.726 -89.89 0.492824
531.932 -88.7747 0.493581
534.227 -87.5194 0.491095
536.647 -86.3145 0.493286
539.024 -85.0875 0.494038
541.516 -83.8202 0.496777
544.111 -82.5471 0.497557
546.746 -81.1956 0.499594
549.416 -79.8518 0.498951
552.116 -78.4529 0.502293
554.856 -77.0059 0.503545
557.63 -75.5771 0.504605
560.544 -74.1224 0.504563
563.472 -72.6076 0.507747
566.405 -71.0434 0.51051
569.374 -69.5164 0.514055
572.363 -67.9374 0.514354
575.423 -66.3304 0.513934
578.487 -64.7202 0.513955
581.641 -63.0053 0.516569
584.849 -61.2842 0.517307
588.08 -59.5184 0.517488
591.302 -57.7972 0.51566
594.554 -56.0716 0.514553
597.79 -54.3496 0.514883
601.051 -52.5384 0.5143
604.269 -50.8086 0.517192
607.532 -48.9857 0.517458
610.877 -47.1684 0.516091
614.191 -45.3584 0.516354
617.587 -43.5411 0.515722
620.887 -41.7831 0.513038
624.384 -39.8981 0.512191
627.779 -38.0856 0.51074
631.283 -36.2446 0.510312
634.627 -34.4304 0.512409
638.054 -32.5629 0.513101
641.514 -30.6731 0.516498
644.995 -28.8519 0.518272
648.391 -26.9647 0.517446
651.929 -25.1187 0.516247
655.309 -23.2775 0.515934
658.734 -21.4475 0.51628
662.254 -19.6198 0.515642
665.654 -17.8015 0.517363
669.127 -15.9395 0.519161
672.626 -14.0261 0.522219
676.172 -12.1325 0.522739
679.707 -10.1501 0.522218
683.283 -8.17426 0.521918
686.827 -6.2476 0.519137
690.361 -4.36137 0.520273
694.024 -2.43275 0.521161
697.607 -0.480808 0.521942
701.226 1.46433 0.517649
704.813 3.4249 0.514281
708.44 5.36813 0.510093
712.118 7.36456 0.506718
715.816 9.29478 0.508334
719.491 11.2528 0.509997
723.141 13.1539 0.512474
726.868 15.1705 0.511281
730.596 17.1866 0.509548
734.273 19.1444 0.506092
737.888 21.0052 0.508389
741.507 22.9213 0.507952
745.083 24.799 0.509767
748.631 26.6831 0.511643
752.133 28.5349 0.514902
755.682 30.3994 0.519698
759.168 32.3367 0.521728
762.669 34.2846 0.523348
766.16 36.1147 0.526465
769.678 38.0636 0.526271
773.215 40.0024 0.525945
776.694 41.938 0.524094
780.183 43.9185 0.525116
783.748 45.8739 0.523494
787.249 47.819 0.524514
790.73 49.763 0.524417
794.265 51.6982 0.524874
797.794 53.6943 0.526941
801.344 55.696 0.52764
804.889 57.7176 0.527741
808.454 59.6892 0.529104
811.971 61.6473 0.5276
815.524 63.7375 0.5257
819.158 65.8038 0.524214
822.694 67.7391 0.523714
826.277 69.7493 0.522544
829.84 71.7419 0.522672
833.346 73.6948 0.521592
836.893 75.5657 0.520958
840.427 77.4345 0.522243
843.919 79.2519 0.520999
847.213 81.047 0.520626
850.675 82.8294 0.520003
854.055 84.6207 0.521829
857.462 86.5521 0.520014
860.794 88.3626 0.516672
864.237 90.2295 0.516904
867.648 92.0787 0.51456
871.052 93.8348 0.513286
874.531 95.6796 0.506181
877.811 97.3141 0.499369
881.188 99.0907 0.491375
884.645 100.829 0.483358
887.99 102.479 0.473277
891.356 104.136 0.461464
894.69 105.734 0.450833
898.205 107.189 0.444082
901.628 108.658 0.435545
905.186 110.155 0.434183
908.723 111.601 0.434077
912.136 113.122 0.431454
915.627 114.634 0.43056
919.12 116.075 0.431157
922.605 117.555 0.428805
926.066 118.995 0.426113
929.515 120.412 0.425552
933.012 121.84 0.423439
936.498 123.277 0.423837
940.083 124.688 0.426095
943.586 126.257 0.424576
947.075 127.773 0.425593
950.576 129.232 0.424308
954.014 130.734 0.425531
957.484 132.255 0.425277
960.971 133.744 0.426334
964.436 135.242 0.427527
967.94 136.781 0.431071
971.52 138.256 0.432854
975.092 139.701 0.433952
978.614 141.238 0.434435
982.192 142.811 0.436168
985.705 144.399 0.437416
989.241 145.959 0.438527
992.816 147.486 0.439318
996.379 149.044 0.439028
999.878 150.583 0.436863
1003.41 152.173 0.438236
1006.86 153.747 0.438602
1010.48 155.248 0.439135
1013.98 156.911 0.440695
1017.54 158.46 0.442655
1021.02 160.087 0.440345
1024.45 161.674 0.436668
1027.99 163.223 0.437286
1031.43 164.771 0.436141
1035.02 166.295 0.432263
1038.64 167.879 0.428632
1042.2 169.391 0.423973
1045.86 170.862 0.421373
1049.43 172.312 0.422453
1052.96 173.79 0.422567
1056.52 175.242 0.422009
1060.06 176.731 0.423294
1063.67 178.172 0.426124
1067.4 179.755 0.425657
1070.88 181.285 0.423076
1074.58 182.867 0.423068
1078.29 184.514 0.424491
1081.81 186.017 0.424007
1085.39 187.56 0.422485
1088.94 189.078 0.423853
1092.53 190.632 0.422928
1096.07 192.08 0.419737
1099.7 193.591 0.417731
1103.34 195.093 0.417674
1106.88 196.597 0.414919
1110.37 198.117 0.411591
1113.88 199.544 0.404785
1117.33 201.007 0.405019
1120.83 202.4 0.402234
1124.3 203.766 0.404417
1127.74 205.107 0.406859
1131.22 206.519 0.407376
1134.67 207.911 0.407564
1138.14 209.347 0.409873
1141.55 210.807 0.410157
1144.97 212.204 0.413147
1148.35 213.627 0.414052
1151.7 215.038 0.414847
1155.22 216.502 0.416115
1158.72 217.96 0.417182
1162.18 219.393 0.416686
1165.56 220.824 0.417001
1169.01 222.25 0.414578
1172.4 223.682 0.41469
1175.8 225.13 0.413741
1179.22 226.597 0.409102
1182.64 228.022 0.406957
1186.02 229.443 0.40245
1189.44 230.811 0.395464
1192.92 232.187 0.396511
1196.27 233.521 0.394257
1199.64 234.84 0.393452
1203.11 236.225 0.392202
1206.54 237.6 0.394848
1209.96 238.931 0.397146
1213.42 240.312 0.400807
1216.82 241.688 0.402489
1220.22 242.985 0.400423
1223.54 244.31 0.400252
1226.92 245.642 0.397235
1230.37 247.005 0.398783
1233.78 248.399 0.396842
1237.32 249.858 0.393288
1240.81 251.257 0.393605
1244.17 252.587 0.397874
1247.6 254.008 0.398932
1251.01 255.439 0.401372
1254.41 256.866 0.404489
1257.74 258.225 0.402746
1261.04 259.509 0.404333
1264.34 260.873 0.404926
1267.69 262.28 0.405679
1270.88 263.509 0.407637
1274.18 264.809 0.407377
1277.33 266.082 0.40782
1280.36 267.355 0.408375
1283.41 268.556 0.407003
1286.34 269.682 0.40678
1289.33 270.959 0.408051
1292.39 272.217 0.407836
1295.32 273.41 0.40797
1298.19 274.639 0.405757
1301.25 275.776 0.404144
1304.19 277.022 0.395014
1307.02 278.148 0.388899
1309.98 279.302 0.383918
1312.79 280.294 0.376817
1315.73 281.378 0.370161
1318.71 282.481 0.364071
1321.59 283.553 0.3634
1324.4 284.543 0.36425
1327.31 285.642 0.36272
1330.25 286.624 0.361352
1333.19 287.681 0.360446
1335.96 288.707 0.360517
1338.75 289.681 0.362223
1341.64 290.629 0.363494
1344.43 291.571 0.365931
1347.22 292.579 0.369507
1350.01 293.62 0.374608
1352.75 294.613 0.377974
1355.43 295.64 0.382065
1358.09 296.581 0.383924
1360.71 297.601 0.386726
1363.37 298.64 0.390355
1365.87 299.642 0.391085
1368.39 300.668 0.391679
1370.91 301.631 0.395068
1373.43 302.662 0.393225
1375.86 303.697 0.393124
1378.24 304.7 0.393607
1380.69 305.698 0.391645
1383.17 306.688 0.387584
1385.69 307.681 0.383602
1388.17 308.602 0.381745
1390.54 309.56 0.37953
1392.92 310.481 0.378409
1395.2 311.345 0.375041
1397.45 312.236 0.369133
1399.62 313.08 0.363082
1401.78 313.786 0.348121
1403.81 314.483 0.329163
1405.77 315.082 0.308983
1407.72 315.6 0.28522
1409.61 316.102 0.259806
1411.44 316.51 0.229731
1413.24 316.84 0.1992
1415 317.079 0.1622
1416.76 317.223 0.120248
1418.4 317.259 0.0764364
1420 317.269 0.0261105
1421.58 317.216 -0.0308889
1423.06 317.036 -0.096991
1424.5 316.776 -0.174947
1425.93 316.363 -0.264044
1427.27 315.89 -0.35171
1428.46 315.277 -0.438876
1429.63 314.607 -0.525765
1430.77 313.866 -0.615844
1431.68 312.962 -0.707445
1432.57 311.954 -0.789167
1433.43 310.89 -0.866899
1434.14 309.806 -0.936797
1434.83 308.618 -1.00428
1435.46 307.373 -1.05962
1436.1 306.045 -1.10412
1436.67 304.677 -1.14545
1437.26 303.233 -1.18147
1437.76 301.747 -1.21862
1438.27 300.232 -1.25575
1438.72 298.712 -1.29776
1439.06 297.109 -1.34324
1439.35 295.457 -1.38971
1439.55 293.678 -1.43339
1439.62 291.822 -1.47981
1439.65 289.919 -1.52729
1439.61 287.957 -1.57012
1439.48 286.007 -1.59981
1439.33 283.981 -1.62648
1439.12 281.94 -1.64919
1438.93 279.755 -1.66459
1438.69 277.553 -1.67308
1438.42 275.292 -1.67325
1438.18 272.974 -1.67434
1437.94 270.591 -1.67532
1437.73 268.175 -1.67487
1437.51 265.628 -1.67345
1437.16 263.125 -1.66999
1436.89 260.614 -1.66996
1436.63 258.03 -1.67031
1436.32 255.323 -1.67075
1436.07 252.644 -1.67263
1435.74 250.001 -1.67373
1435.43 247.297 -1.67748
1435.05 244.554 -1.67567
1434.74 241.81 -1.67493
1434.41 239.052 -1.67274
1434.12 236.259 -1.66981
1433.87 233.415 -1.66867
1433.61 230.563 -1.66779
1433.36 227.682 -1.66748
1433.1 224.794 -1.66354
1432.8 221.893 -1.6588
1432.56 218.915 -1.66042
1432.32 215.952 -1.66053
1432.1 212.921 -1.66546
1431.76 209.889 -1.6656
1431.47 206.793 -1.66704
1431.16 203.684 -1.66388
1430.85 200.573 -1.66278
1430.53 197.5 -1.66417
1430.24 194.43 -1.66153
1429.9 191.365 -1.66227
1429.56 188.458 -1.66671
1429.25 185.482 -1.66763
1428.87 182.505 -1.66777
1428.56 179.578 -1.66768
1428.24 176.657 -1.66686
1427.92 173.826 -1.66994
1427.66 170.929 -1.67381
1427.3 168.061 -1.67331
1427.01 165.252 -1.6747
1426.69 162.374 -1.67476
1426.35 159.561 -1.67881
1426.02 156.642 -1.68058
1425.75 153.67 -1.69058
1425.37 150.759 -1.69501
1425 147.713 -1.70051
1424.63 144.814 -1.70953
1424.12 141.886 -1.71578
1423.66 138.862 -1.72131
1423.13 135.764 -1.72582
1422.56 132.706 -1.73074
1422 129.709 -1.73684
1421.46 126.708 -1.74492
1420.83 123.704 -1.74764
1420.21 120.555 -1.74466
1419.65 117.387 -1.73894
1419.07 114.249 -1.73297
1418.51 111.074 -1.72517
1417.97 107.851 -1.7156
1417.46 104.621 -1.70139
1416.99 101.394 -1.69688
1416.54 98.1368 -1.69187
1416.1 94.9557 -1.68992
1415.68 91.8747 -1.6897
1415.21 88.6717 -1.69208
1414.76 85.488 -1.69848
1414.28 82.3111 -1.7022
1413.82 79.1424 -1.70511
1413.38 76.176 -1.70446
1412.84 73.0896 -1.7088
1412.37 69.9604 -1.71152
1411.89 66.9145 -1.7111
1411.4 63.8481 -1.70768
1410.95 61.0172 -1.7026
1410.47 57.9866 -1.69802
1410.05 54.9106 -1.69305
1409.62 51.8717 -1.68645
1409.2 48.845 -1.68357
1408.81 45.8073 -1.68191
1408.38 42.7544 -1.67706
1408.02 39.8303 -1.67491
1407.7 36.8413 -1.66836
1407.35 33.8647 -1.66235
1406.99 30.9673 -1.65278
1406.71 27.9971 -1.64579
1406.45 25.1007 -1.64588
1406.19 22.2372 -1.64568
1405.95 19.3704 -1.64624
1405.67 16.5372 -1.6431
1405.37 13.7404 -1.64171
1405.11 11.0284 -1.6385
1404.88 8.38153 -1.63555
1404.63 5.81452 -1.63298
1404.4 3.21166 -1.62818
1404.22 0.767162 -1.62534
1404.04 -1.69916 -1.62478
1403.84 -4.18427 -1.62434
1403.69 -6.63209 -1.62489
1403.56 -8.99957 -1.62586
1403.42 -11.4025 -1.62559
1403.3 -13.7933 -1.62441
1403.19 -16.1439 -1.62254
1403.05 -18.4339 -1.61811
1402.92 -20.6998 -1.61599
1402.8 -22.9804 -1.61393
1402.68 -25.2255 -1.61252
1402.62 -27.3745 -1.60913
1402.48 -29.4673 -1.60644
1402.4 -31.4435 -1.60396
1402.32 -33.2531 -1.60039
1402.23 -35.0506 -1.59611
1402.13 -36.6664 -1.59444
1402.09 -38.1882 -1.59625
1401.96 -39.5344 -1.59671
1401.84 -40.7409 -1.60043
1401.71 -41.9863 -1.6034
1401.62 -43.1394 -1.59293
1401.71 -44.1039 -1.58378
1401.62 -45.0582 -1.58409
1401.54 -46.0852 -1.59317
1401.46 -47.0486 -1.60282
1401.38 -47.9934 -1.62484
1401.14 -48.9416 -1.65901
1400.88 -49.8033 -1.6987
1400.59 -50.7888 -1.75001
1400.25 -51.7536 -1.80557
1399.67 -52.7331 -1.87075
1399.18 -53.6663 -1.94793
1398.66 -54.4663 -2.02601
1397.92 -55.2411 -2.10823
1397.24 -56.0336 -2.19248
1396.38 -56.6509 -2.27642
1395.46 -57.3297 -2.36382
1394.52 -58.0224 -2.45072
1393.5 -58.5739 -2.53036
1392.38 -59.1192 -2.60818
1391.2 -59.6221 -2.67444
1389.98 -60.0414 -2.72337
1388.74 -60.4771 -2.76173
1387.28 -60.8989 -2.79077
1385.94 -61.4311 -2.81606
1384.59 -61.9038 -2.83275
1383.07 -62.4672 -2.848
1381.47 -62.8867 -2.85631
1379.82 -63.3623 -2.86241
1378.12 -63.78 -2.86667
1376.35 -64.2499 -2.86761
1374.51 -64.7432 -2.86548
1372.59 -65.2586 -2.86557
1370.64 -65.6931 -2.86267
1368.67 -66.2548 -2.8614
1366.57 -66.7472 -2.85793
1364.46 -67.3239 -2.85597
1362.39 -67.8535 -2.85308
1360.18 -68.5347 -2.8467
1357.93 -69.1474 -2.83782
1355.65 -69.8116 -2.83244
1353.37 -70.5135 -2.82599
1350.99 -71.2518 -2.81851
1348.58 -72.0462 -2.80981
1346.1 -72.8315 -2.80239
1343.62 -73.7262 -2.79351
1341.09 -74.6316 -2.7863
1338.47 -75.5798 -2.77847
1335.89 -76.5115 -2.77521
1333.26 -77.4549 -2.77017
1330.52 -78.4604 -2.76257
1327.76 -79.4912 -2.75346
1325.07 -80.5799 -2.74557
1322.31 -81.6907 -2.74225
1319.43 -82.8355 -2.73993
1316.55 -84.0261 -2.74178
1313.71 -85.1697 -2.74162
1310.82 -86.3609 -2.74459
1307.9 -87.6368 -2.74345
1304.94 -88.8274 -2.74668
1301.95 -90.0347 -2.74901
1298.93 -91.2449 -2.74903
1295.95 -92.4581 -2.75294
1292.88 -93.6413 -2.75386
1289.76 -94.9044 -2.75357
1286.66 -96.1896 -2.75543
1283.46 -97.4548 -2.75453
1280.21 -98.7013 -2.75479
1277.05 -99.9877 -2.7524
1273.86 -101.231 -2.75252
1270.62 -102.48 -2.75395
1267.43 -103.782 -2.75244
1264.27 -105.076 -2.75458
1261.02 -106.344 -2.75401
1257.69 -107.614 -2.75574
1254.43 -108.916 -2.75752
1251.11 -110.167 -2.7593
1247.93 -111.358 -2.7595
1244.59 -112.665 -2.75901
1241.23 -113.907 -2.75666
1237.92 -115.228 -2.75458
1234.6 -116.565 -2.75415
1231.24 -117.868 -2.75292
1227.9 -119.154 -2.75286
1224.54 -120.508 -2.7505
1221.23 -121.831 -2.7501
1217.84 -123.149 -2.74874
1214.51 -124.471 -2.74677
1211.25 -125.829 -2.74575
1207.97 -127.192 -2.74484
1204.6 -128.525 -2.74251
1201.24 -129.845 -2.74284
1197.79 -131.243 -2.74098
1194.43 -132.655 -2.73436
1191.04 -134.094 -2.72849
1187.63 -135.491 -2.7227
1184.27 -136.979 -2.71652
1180.9 -138.53 -2.70863
1177.43 -140.106 -2.6971
1174 -141.743 -2.68512
1170.69 -143.297 -2.67218
1167.22 -145.003 -2.65861
1163.81 -146.811 -2.64676
1160.57 -148.551 -2.63687
1157.16 -150.422 -2.63204
1153.78 -152.256 -2.62831
1150.38 -154.062 -2.625
1146.99 -155.94 -2.62247
1143.62 -157.854 -2.6161
1140.23 -159.763 -2.61036
1136.88 -161.711 -2.6059
1133.52 -163.64 -2.6038
1130.16 -165.589 -2.60013
1126.86 -167.424 -2.59839
1123.55 -169.399 -2.59705
1120.3 -171.35 -2.59504
1117.06 -173.231 -2.59619
1113.84 -175.136 -2.59288
1110.66 -176.986 -2.57968
1107.58 -178.971 -2.56843
1104.43 -180.98 -2.55738
1101.32 -182.97 -2.55009
1098.19 -185.032 -2.54369
1095.09 -187.139 -2.53882
1091.83 -189.292 -2.53418
1088.68 -191.384 -2.52623
1085.5 -193.56 -2.52489
1082.3 -195.767 -2.52248
1079.09 -198.044 -2.52297
1075.82 -200.236 -2.52371
1072.62 -202.381 -2.52317
1069.4 -204.558 -2.52418
1066.18 -206.816 -2.52653
1062.89 -209.06 -2.53073
1059.6 -211.335 -2.5303
1056.17 -213.745 -2.52594
1052.88 -216.048 -2.52858
1049.59 -218.275 -2.53242
1046.15 -220.601 -2.52753
1042.72 -222.989 -2.52371
1039.39 -225.377 -2.51997
1036.09 -227.619 -2.51656
1032.73 -229.955 -2.51222
1029.4 -232.282 -2.50971
1026.13 -234.701 -2.50939
1022.82 -237.052 -2.50597
1019.37 -239.496 -2.50143
1016.07 -241.847 -2.49983
1012.7 -244.37 -2.49772
1009.27 -246.848 -2.49564
1006.01 -249.326 -2.49412
1002.56 -251.884 -2.49532
999.195 -254.319 -2.49675
995.883 -256.755 -2.49253
992.644 -259.2 -2.49304
989.279 -261.664 -2.48929
985.979 -264.217 -2.48894
982.697 -266.609 -2.48062
979.43 -269.052 -2.47576
976.39 -271.419 -2.46893
973.289 -273.924 -2.46405
970.23 -276.23 -2.46348
967.161 -278.658 -2.45574
964.079 -281.044 -2.4512
961.073 -283.527 -2.44422
958.083 -286.074 -2.43759
955.142 -288.531 -2.43018
952.174 -291.073 -2.41978
949.254 -293.634 -2.41193
946.399 -296.112 -2.40726
943.568 -298.665 -2.4002
940.794 -301.151 -2.39175
938.001 -303.676 -2.38305
935.405 -306.186 -2.37741
932.71 -308.619 -2.36752
930.037 -311.19 -2.35391
927.435 -313.761 -2.33521
924.875 -316.419 -2.31713
922.364 -319.108 -2.29998
919.889 -321.828 -2.28443
917.427 -324.642 -2.2717
914.981 -327.505 -2.26212
912.63 -330.272 -2.2544
910.199 -333.119 -2.24595
907.846 -335.982 -2.24402
905.479 -338.927 -2.24183
903.207 -341.667 -2.24066
900.878 -344.496 -2.24532
898.524 -347.33 -2.2475
896.225 -350.102 -2.25033
893.643 -353.126 -2.24753
891.303 -356 -2.24329
888.966 -358.82 -2.23609
886.522 -361.821 -2.22997
884.215 -364.791 -2.22536
881.852 -367.694 -2.22041
879.507 -370.668 -2.21525
877.153 -373.652 -2.21037
874.832 -376.584 -2.21059
872.509 -379.595 -2.20941
870.183 -382.547 -2.20732
867.79 -385.644 -2.20152
865.368 -388.76 -2.19728
863.064 -391.78 -2.19819
860.854 -394.71 -2.20006
858.403 -397.948 -2.19564
856.105 -400.944 -2.19667
853.676 -404.184 -2.19416
851.372 -407.298 -2.19205
848.963 -410.442 -2.18883
846.588 -413.641 -2.18844
844.194 -416.878 -2.18807
841.871 -420.022 -2.18538
839.45 -423.307 -2.18359
837.182 -426.613 -2.1869
834.822 -429.938 -2.19012
832.432 -433.146 -2.19307
830.037 -436.426 -2.19565
827.605 -439.692 -2.19588
825.122 -442.981 -2.19557
822.787 -446.218 -2.19396
820.354 -449.393 -2.19467
817.912 -452.736 -2.19989
815.497 -455.933 -2.20374
813.027 -459.065 -2.20571
810.638 -462.203 -2.20897
808.218 -465.374 -2.21023
805.712 -468.573 -2.20419
803.268 -471.724 -2.20266
800.836 -474.776 -2.19797
798.461 -477.882 -2.19924
796.099 -480.971 -2.20183
793.8 -484.002 -2.2021
791.409 -487.096 -2.20161
789.017 -490.267 -2.20384
786.626 -493.271 -2.20663
784.308 -496.419 -2.2086
781.945 -499.406 -2.20696
779.589 -502.566 -2.2036
777.24 -505.578 -2.19958
774.864 -508.613 -2.19818
772.527 -511.777 -2.19137
770.226 -514.865 -2.18805
767.971 -517.986 -2.18499
765.67 -521.103 -2.18177
763.439 -524.158 -2.17918
761.181 -527.241 -2.18369
758.906 -530.121 -2.18865
756.651 -533.089 -2.19322
754.375 -536.035 -2.19956
752.044 -538.926 -2.20458
749.743 -541.929 -2.21248
747.219 -544.918 -2.21661
745.071 -547.715 -2.22104
742.749 -550.413 -2.22117
740.571 -553.091 -2.22321
738.373 -555.862 -2.22038
736.17 -558.498 -2.21908
734.052 -561.156 -2.21941
731.955 -563.806 -2.21708
730.017 -566.306 -2.21307
728.054 -568.888 -2.20338
726.099 -571.464 -2.20083
724.223 -573.902 -2.19438
722.412 -576.396 -2.1867
720.724 -578.753 -2.1825
719.101 -581.024 -2.18316
717.509 -583.173 -2.18259
716.01 -585.285 -2.17971
714.545 -587.345 -2.18354
713.116 -589.19 -2.18192
711.752 -591.042 -2.18011
710.494 -592.811 -2.1825
709.277 -594.48 -2.18614
708.084 -596.108 -2.18636
706.903 -597.68 -2.18548
705.795 -599.137 -2.18762
704.727 -600.55 -2.18865
703.718 -601.807 -2.18973
702.673 -603.067 -2.19073
701.725 -604.225 -2.19251
700.919 -605.33 -2.1915
700.16 -606.303 -2.19531
699.501 -607.193 -2.19489
698.855 -608.104 -2.19899
698.24 -608.795 -2.20097
697.746 -609.406 -2.20438
697.287 -609.943 -2.20548
696.869 -610.342 -2.20815
696.556 -610.729 -2.20868
696.242 -611.138 -2.20928
695.976 -611.463 -2.20954
695.737 -611.719 -2.21202
695.543 -611.97 -2.21342
695.407 -612.113 -2.21358
695.299 -612.231 -2.21476
695.243 -612.293 -2.2175
695.238 -612.378 -2.2185
695.236 -612.401 -2.21872
695.218 -612.44 -2.21818
695.173 -612.507 -2.21993
695.178 -612.523 -2.22117
695.113 -612.629 -2.22089
695.065 -612.669 -2.22071
695.06 -612.69 -2.22172
695.04 -612.732 -2.22224
694.995 -612.725 -2.22261
695.022 -612.745 -2.22388
694.98 -612.751 -2.22424
695.029 -612.736 -2.22378
694.989 -612.751 -2.22594
695.017 -612.703 -2.22665
695.066 -612.619 -2.22813
695.115 -612.57 -2.22928
695.139 -612.554 -2.22962
695.178 -612.491 -2.22998
695.165 -612.463 -2.23097
695.19 -612.447 -2.2318
695.151 -612.425 -2.23046
695.164 -612.423 -2.23203
695.141 -612.412 -2.23139
695.133 -612.439 -2.23153
695.064 -612.423 -2.23109
695.006 -612.473 -2.23224
695.027 -612.517 -2.23259
694.879 -612.61 -2.23147
694.729 -612.736 -2.23101
694.524 -612.962 -2.23323
694.277 -613.29 -2.23454
693.975 -613.534 -2.2352
693.658 -613.897 -2.23805
693.363 -614.316 -2.23983
692.946 -614.745 -2.23975
692.556 -615.271 -2.24317
692.07 -615.825 -2.24573
691.595 -616.358 -2.24846
690.978 -617.043 -2.24933
690.376 -617.781 -2.25631
689.689 -618.497 -2.25676
688.948 -619.245 -2.26024
688.187 -620.143 -2.25784
687.426 -621.014 -2.25748
686.621 -621.985 -2.25768
685.746 -622.931 -2.25714
684.802 -624.028 -2.25536
683.911 -625.08 -2.25719
682.956 -626.217 -2.25554
682.041 -627.369 -2.25355
681.03 -628.609 -2.25154
680.001 -629.759 -2.24885
678.973 -631.007 -2.24833
677.893 -632.254 -2.24642
676.817 -633.591 -2.24832
675.677 -634.909 -2.24784
674.52 -636.256 -2.24642
673.36 -637.636 -2.24966
672.15 -639.029 -2.24977
670.927 -640.492 -2.24958
669.688 -641.946 -2.25084
668.462 -643.436 -2.25044
667.084 -644.931 -2.24907
665.79 -646.445 -2.25002
664.484 -648.005 -2.25221
663.038 -649.671 -2.25349
661.629 -651.309 -2.25209
660.191 -652.953 -2.25049
658.725 -654.719 -2.25102
657.231 -656.461 -2.25359
655.727 -658.255 -2.25978
654.215 -660.025 -2.26195
652.652 -661.784 -2.26351
651.015 -663.672 -2.26465
649.376 -665.606 -2.26445
647.718 -667.418 -2.26352
646.042 -669.344 -2.26401
644.399 -671.207 -2.26652
642.676 -673.177 -2.27111
640.83 -675.269 -2.27652
639.002 -677.342 -2.28233
637.124 -679.388 -2.28247
635.265 -681.462 -2.28515
633.365 -683.46 -2.2879
631.41 -685.552 -2.29367
629.518 -687.652 -2.29914
627.584 -689.727 -2.30011
625.597 -691.884 -2.30321
623.507 -694.068 -2.30324
621.494 -696.203 -2.30558
619.477 -698.319 -2.30973
617.448 -700.4 -2.31283
615.43 -702.508 -2.31653
613.245 -704.719 -2.31571
611.123 -706.896 -2.31595
608.989 -709.057 -2.31652
606.896 -711.239 -2.31335
604.821 -713.393 -2.30993
602.714 -715.658 -2.30541
600.587 -717.869 -2.30053
598.546 -720.144 -2.29675
596.568 -722.286 -2.29089
594.575 -724.523 -2.28487
592.568 -726.634 -2.27942
590.594 -728.848 -2.27575
588.711 -730.968 -2.27373
586.798 -733.162 -2.27179
585.012 -735.27 -2.27375
583.169 -737.432 -2.27157
581.414 -739.43 -2.27072
579.641 -741.542 -2.27193
577.926 -743.549 -2.27202
576.145 -745.493 -2.27637
574.491 -747.341 -2.28324
572.851 -749.189 -2.2944
571.231 -751.02 -2.31246
569.557 -752.661 -2.33441
567.987 -754.194 -2.35892
566.34 -755.611 -2.38663
564.767 -757.034 -2.41803
563.231 -758.278 -2.45609
561.633 -759.435 -2.49327
560.014 -760.527 -2.5291
558.41 -761.461 -2.57293
556.817 -762.274 -2.6218
555.191 -763.059 -2.66775
553.568 -763.721 -2.71665
551.92 -764.393 -2.76613
550.178 -764.86 -2.81509
548.399 -765.239 -2.86811
546.706 -765.561 -2.92533
544.906 -765.804 -2.98605
543.134 -765.917 -3.04755
541.384 -765.884 -3.11247
539.634 -765.757 3.10495
537.897 -765.492 3.03954
536.075 -765.146 2.97299
534.289 -764.638 2.90431
532.523 -764.031 2.84729
530.751 -763.322 2.79103
529.006 -762.491 2.73351
527.258 -761.515 2.6797
525.481 -760.508 2.63036
523.792 -759.37 2.58335
522.057 -758.162 2.54868
520.344 -756.864 2.52148
518.632 -755.528 2.49853
516.956 -754.096 2.48419
515.183 -752.687 2.46864
513.428 -751.259 2.45762
511.666 -749.748 2.45162
509.926 -748.231 2.44475
508.181 -746.641 2.43999
506.354 -745.043 2.4387
504.484 -743.455 2.43847
502.653 -741.801 2.43975
500.754 -740.155 2.43841
498.879 -738.505 2.43747
496.977 -736.763 2.43716
494.973 -735.078 2.43551
492.97 -733.299 2.43526
490.977 -731.492 2.43783
488.932 -729.727 2.43719
486.888 -727.938 2.43673
484.85 -726.09 2.43498
482.812 -724.259 2.43754
480.689 -722.422 2.43554
478.59 -720.525 2.43635
476.446 -718.609 2.43656
474.31 -716.676 2.43386
472.146 -714.757 2.4309
470.031 -712.828 2.4293
467.91 -710.896 2.43006
465.673 -708.971 2.43144
463.445 -707.041 2.42933
461.23 -705.118 2.42944
459.017 -703.089 2.43006
456.788 -701.088 2.42937
454.539 -699.096 2.42747
452.322 -697.076 2.4268
450.119 -695.081 2.4286
447.925 -693.029 2.43135
445.698 -691.032 2.43696
443.46 -689.094 2.4364
441.194 -687.169 2.43753
439.02 -685.207 2.43545
436.815 -683.239 2.43579
434.571 -681.315 2.43584
432.379 -679.389 2.43537
430.183 -677.498 2.43529
427.998 -675.618 2.4352
425.824 -673.721 2.43411
423.656 -671.827 2.43309
421.5 -669.921 2.43137
419.435 -668.066 2.42919
417.338 -666.237 2.43186
415.292 -664.365 2.4323
413.237 -662.586 2.435
411.156 -660.791 2.43625
409.134 -658.997 2.43899
407.137 -657.266 2.4359
405.122 -655.444 2.43623
403.128 -653.669 2.43422
401.131 -651.899 2.438
399.133 -650.19 2.43916
397.162 -648.453 2.44041
395.273 -646.759 2.44171
393.366 -645.097 2.44087
391.367 -643.404 2.44542
389.441 -641.734 2.44552
387.595 -640.097 2.44194
385.79 -638.48 2.44345
384.057 -636.925 2.4425
382.424 -635.481 2.43916
380.798 -634.07 2.43735
379.2 -632.618 2.43877
377.654 -631.263 2.43727
376.129 -629.95 2.43718
374.663 -628.615 2.43622
373.205 -627.366 2.43592
371.764 -626.136 2.43642
370.362 -624.902 2.43671
369.023 -623.685 2.43758
367.712 -622.557 2.43879
366.37 -621.477 2.43932
365.135 -620.388 2.43848
363.93 -619.399 2.43603
362.721 -618.422 2.43682
361.597 -617.42 2.43494
360.462 -616.455 2.43485
359.444 -615.535 2.43618
358.347 -614.694 2.43509
357.356 -613.892 2.43398
356.414 -613.131 2.43464
355.56 -612.381 2.43549
354.702 -611.678 2.4361
353.897 -610.973 2.43614
353.154 -610.293 2.43648
352.403 -609.647 2.4354
351.752 -609.067 2.43732
351.108 -608.533 2.4377
350.503 -608.064 2.43656
349.942 -607.65 2.43603
349.493 -607.219 2.43679
348.991 -606.854 2.43892
348.521 -606.505 2.44153
348.144 -606.212 2.44537
347.861 -605.939 2.44874
347.604 -605.727 2.4512
347.376 -605.558 2.45401
347.233 -605.467 2.45595
347.169 -605.391 2.45645
347.173 -605.336 2.45676
347.158 -605.375 2.45687
347.136 -605.387 2.45745
347.11 -605.395 2.45819
347.1 -605.38 2.45925
347.08 -605.378 2.45946
347.057 -605.346 2.46008
347.032 -605.348 2.46061
347.005 -605.345 2.46139
346.967 -605.341 2.46192
346.965 -605.308 2.46288
346.965 -605.285 2.46297
346.929 -605.288 2.46383
346.925 -605.281 2.46463
346.887 -605.274 2.4644
346.896 -605.245 2.4643
346.898 -605.252 2.46478
346.904 -605.262 2.46517
346.879 -605.271 2.46651
346.861 -605.23 2.46752
346.82 -605.209 2.46793
346.811 -605.213 2.46889
346.782 -605.201 2.47026
346.759 -605.189 2.47093
346.723 -605.203 2.47013
346.719 -605.15 2.47039
346.689 -605.171 2.47042
346.665 -605.174 2.47053
346.627 -605.211 2.47078
346.6 -605.203 2.47122
346.598 -605.164 2.46999
346.585 -605.162 2.47046
346.588 -605.166 2.46927
346.565 -605.18 2.46996
346.6 -605.163 2.47029
346.576 -605.187 2.4708
346.586 -605.156 2.46979
346.561 -605.173 2.47046
346.535 -605.171 2.47146
346.515 -605.168 2.47216
346.482 -605.158 2.4716
346.493 -605.133 2.47183
346.495 -605.133 2.47102
346.471 -605.142 2.47187
346.443 -605.138 2.47209
346.416 -605.131 2.47298
346.403 -605.118 2.47317
346.38 -605.114 2.47359
346.367 -605.113 2.47379
346.356 -605.103 2.47464
346.332 -605.119 2.47477
346.325 -605.125 2.47553
346.316 -605.119 2.47619
346.324 -605.064 2.47653
346.32 -605.033 2.47695
346.3 -605.018 2.47838
346.3 -605.012 2.47949
346.289 -604.958 2.47962
346.284 -604.952 2.4806
346.278 -604.924 2.48037
346.274 -604.878 2.48073
346.258 -604.89 2.481
346.225 -604.892 2.48127
346.231 -604.897 2.48193
346.229 -604.896 2.48343
346.21 -604.904 2.48445
346.223 -604.899 2.48508
346.229 -604.899 2.48566
346.193 -604.91 2.48573
346.195 -604.898 2.4862
346.194 -604.893 2.48656
346.199 -604.873 2.48742
346.206 -604.879 2.48778
346.219 -604.892 2.48745
346.202 -604.875 2.48794
346.194 -604.854 2.48813
346.184 -604.852 2.48865
346.188 -604.853 2.48921
346.215 -604.828 2.48955
346.21 -604.82 2.49005
346.201 -604.836 2.49069
346.19 -604.835 2.49139
346.177 -604.845 2.49211
346.156 -604.846 2.49258
346.157 -604.851 2.49359
346.153 -604.872 2.49354
346.148 -604.875 2.4948
346.126 -604.857 2.49516
346.124 -604.865 2.49567
346.127 -604.849 2.49501
346.108 -604.836 2.49611
346.104 -604.795 2.49692
346.11 -604.792 2.49602
346.118 -604.799 2.49684
346.084 -604.784 2.49765
346.083 -604.789 2.49866
346.079 -604.803 2.49919
346.047 -604.811 2.49995
346.014 -604.804 2.50065
346.004 -604.801 2.50109
346.02 -604.77 2.50103
346.003 -604.761 2.50183
345.994 -604.754 2.50261
345.985 -604.764 2.50384
345.973 -604.742 2.50486
345.958 -604.734 2.50594
345.953 -604.747 2.50641
345.953 -604.766 2.50664
345.946 -604.771 2.50709
345.936 -604.767 2.50799
345.935 -604.778 2.5083
345.928 -604.771 2.50916
345.901 -604.764 2.50972
345.906 -604.75 2.51074
345.889 -604.74 2.51146
345.872 -604.75 2.51186
345.849 -604.759 2.51214
345.842 -604.761 2.51265
345.837 -604.772 2.51326
345.823 -604.77 2.51405
345.813 -604.772 2.51471
345.821 -604.757 2.51585
345.797 -604.77 2.51644
345.793 -604.768 2.51712
345.778 -604.727 2.51719
345.758 -604.73 2.51781
345.753 -604.733 2.51876
345.748 -604.738 2.51897
345.748 -604.723 2.51967
345.736 -604.709 2.5192
345.733 -604.707 2.51964
345.708 -604.714 2.51995
345.703 -604.704 2.52045
345.685 -604.711 2.52076
345.672 -604.717 2.52141
345.67 -604.715 2.52174
345.688 -604.709 2.52225
345.687 -604.708 2.52292
345.676 -604.719 2.52359
345.675 -604.714 2.5245
345.663 -604.711 2.52545
345.649 -604.712 2.52572
345.64 -604.714 2.52679
345.632 -604.721 2.52734
345.629 -604.714 2.52839
345.62 -604.727 2.52905
345.621 -604.72 2.52996
345.611 -604.708 2.53093
345.599 -604.712 2.53161
345.602 -604.701 2.53218
345.589 -604.711 2.53286
345.585 -604.69 2.53313
345.585 -604.683 2.53391
345.556 -604.688 2.53391
345.553 -604.673 2.53448
345.543 -604.682 2.53505
345.526 -604.691 2.53507
345.516 -604.689 2.53594
345.513 -604.708 2.53622
345.504 -604.703 2.53722
345.5 -604.708 2.53779
345.493 -604.706 2.53838
345.489 -604.705 2.53901
345.48 -604.699 2.53962
345.478 -604.687 2.54018
345.474 -604.702 2.54061
345.472 -604.686 2.54103
345.458 -604.674 2.54188
345.44 -604.67 2.54264
345.436 -604.676 2.54314
345.427 -604.664 2.54413
345.406 -604.657 2.54489
345.401 -604.669 2.54538
345.386 -604.672 2.54591
345.388 -604.665 2.54673
345.385 -604.662 2.5478
345.372 -604.68 2.54835
345.369 -604.665 2.54935
345.358 -604.683 2.55004
345.354 -604.671 2.55073
345.341 -604.663 2.55174
345.329 -604.667 2.55207
345.311 -604.659 2.55264
345.294 -604.653 2.55329
345.282 -604.675 2.55386
345.273 -604.678 2.55463
345.269 -604.675 2.5554
345.256 -604.666 2.55597
345.259 -604.652 2.5566
345.242 -604.641 2.55743
345.24 -604.643 2.5576
345.233 -604.643 2.55823
345.23 -604.656 2.55881
345.232 -604.634 2.55969
345.23 -604.65 2.56044
345.234 -604.662 2.56116
345.252 -604.67 2.5603
345.293 -604.67 2.56025
345.342 -604.725 2.56087
345.378 -604.788 2.56175
345.351 -604.799 2.56208
345.306 -604.756 2.56148
345.188 -604.695 2.56172
345.069 -604.649 2.55986
344.909 -604.541 2.55963
344.674 -604.403 2.55817
344.388 -604.254 2.55626
344.015 -604.048 2.554
343.656 -603.779 2.55271
343.214 -603.504 2.55135
342.744 -603.202 2.55033
342.23 -602.838 2.54934
341.645 -602.427 2.546
340.963 -601.957 2.54244
340.312 -601.487 2.53964
339.548 -600.975 2.53793
338.84 -600.447 2.53469
337.972 -599.916 2.53308
337.107 -599.257 2.5315
336.301 -598.556 2.52901
335.439 -597.84 2.53044
334.515 -597.126 2.5322
333.51 -596.419 2.53297
332.492 -595.691 2.53375
331.477 -594.946 2.53655
330.503 -594.125 2.53599
329.452 -593.328 2.53507
328.424 -592.54 2.53547
327.322 -591.795 2.54427
326.23 -591.121 2.55162
325.144 -590.387 2.56373
324.075 -589.661 2.57968
323 -589 2.60008
321.905 -588.394 2.62584
320.857 -587.788 2.65926
319.705 -587.258 2.70017
318.567 -586.866 2.74683
317.382 -586.521 2.80699
316.151 -586.204 2.86999
314.895 -586.029 2.93736
313.547 -585.894 3.00928
312.244 -585.883 3.08167
310.828 -585.962 -3.1252
309.506 -586.188 -3.04809
308.076 -586.565 -2.96548
306.638 -587.042 -2.88737
305.228 -587.614 -2.80151
303.859 -588.333 -2.71602
302.566 -589.137 -2.64014
301.22 -590.021 -2.56341
299.993 -591.04 -2.48753
298.758 -592.165 -2.41531
297.616 -593.376 -2.345
296.426 -594.662 -2.29014
295.3 -596.085 -2.2444
294.187 -597.564 -2.20387
293.175 -599.17 -2.1613
292.202 -600.763 -2.12547
291.202 -602.478 -2.10095
290.203 -604.178 -2.08491
289.278 -605.9 -2.07617
288.298 -607.671 -2.06914
287.329 -609.52 -2.06663
286.236 -611.455 -2.06511
285.147 -613.377 -2.06803
284.053 -615.289 -2.07096
282.939 -617.285 -2.0727
281.789 -619.282 -2.07208
280.625 -621.331 -2.07297
279.481 -623.367 -2.07413
278.378 -625.457 -2.0725
277.164 -627.597 -2.06649
276.089 -629.635 -2.06493
275.014 -631.822 -2.06431
273.771 -634.032 -2.06101
272.553 -636.295 -2.05965
271.334 -638.692 -2.05984
270.185 -641.039 -2.05835
268.9 -643.421 -2.05408
267.646 -645.942 -2.05476
266.353 -648.413 -2.0502
265.078 -650.914 -2.04927
263.75 -653.447 -2.0475
262.481 -656.063 -2.04369
261.179 -658.633 -2.04288
259.866 -661.205 -2.03944
258.492 -663.878 -2.0387
257.207 -666.547 -2.03806
255.912 -669.318 -2.03556
254.573 -671.989 -2.03827
253.248 -674.732 -2.03698
251.892 -677.515 -2.03639
250.554 -680.207 -2.03867
249.242 -683.066 -2.03746
247.814 -685.866 -2.03648
246.403 -688.76 -2.03636
245.031 -691.535 -2.03907
243.697 -694.265 -2.04167
242.351 -696.992 -2.04439
240.972 -699.604 -2.04817
239.696 -702.084 -2.05405
238.355 -704.667 -2.05481
237.015 -707.31 -2.05335
235.746 -710.068 -2.04991
234.362 -712.763 -2.04862
232.947 -715.376 -2.04576
231.665 -718.097 -2.04591
230.353 -720.706 -2.04472
228.963 -723.406 -2.04399
227.652 -726.072 -2.04466
226.284 -728.68 -2.04572
224.988 -731.351 -2.04549
223.702 -734.004 -2.04666
222.355 -736.751 -2.04995
221.007 -739.383 -2.0547
219.665 -742.048 -2.0591
218.203 -744.748 -2.06162
216.782 -747.426 -2.06732
215.371 -750.098 -2.07289
213.911 -752.81 -2.07796
212.428 -755.373 -2.07868
210.921 -758.064 -2.0837
209.446 -760.665 -2.08678
207.874 -763.36 -2.0887
206.399 -766.048 -2.08994
204.905 -768.672 -2.09164
203.43 -771.315 -2.09721
201.936 -773.932 -2.0983
200.469 -776.555 -2.10769
198.899 -779.141 -2.11354
197.333 -781.737 -2.11757
195.796 -784.338 -2.12367
194.213 -786.933 -2.12991
192.649 -789.514 -2.13361
191.085 -792.066 -2.14233
189.426 -794.674 -2.14758
187.817 -797.097 -2.15815
186.175 -799.556 -2.16239
184.48 -802.055 -2.16848
182.754 -804.554 -2.17529
181.082 -807.024 -2.18026
179.404 -809.508 -2.18675
177.754 -812.019 -2.19378
176.035 -814.371 -2.20468
174.278 -816.685 -2.21613
172.544 -819.007 -2.23063
170.719 -821.352 -2.24332
169.088 -823.708 -2.2545
167.214 -825.935 -2.2748
165.354 -828.102 -2.28417
163.514 -830.216 -2.29034
161.549 -832.299 -2.28849
159.89 -834.487 -2.28313
158.224 -836.626 -2.27804
156.418 -838.779 -2.2742
154.561 -840.903 -2.26226
152.807 -843.061 -2.25445
151.17 -845.2 -2.25
149.568 -847.45 -2.24318
147.952 -849.596 -2.24111
146.328 -851.734 -2.23985
144.728 -853.748 -2.23652
143.181 -855.728 -2.23687
141.595 -857.692 -2.23869
140.076 -859.586 -2.2388
138.55 -861.53 -2.23845
136.986 -863.398 -2.24132
135.533 -865.242 -2.24284
134.003 -867.175 -2.23987
132.568 -868.988 -2.23855
131.138 -870.786 -2.24751
129.695 -872.542 -2.25881
128.307 -874.124 -2.27347
126.863 -875.683 -2.29592
125.445 -877.228 -2.32757
123.901 -878.658 -2.37521
122.277 -879.97 -2.42926
120.736 -881.124 -2.48683
119.109 -882.241 -2.54483
117.411 -883.252 -2.60151
115.717 -884.132 -2.65432
113.972 -884.794 -2.70053
112.289 -885.542 -2.73334
110.699 -886.151 -2.75677
109.214 -886.685 -2.76771
107.754 -887.213 -2.78104
106.433 -887.635 -2.7887
105.041 -888.094 -2.79568
103.664 -888.789 -2.80897
102.32 -889.162 -2.81473
101.029 -889.654 -2.8238
99.5138 -890.145 -2.82692
98.1765 -890.55 -2.83213
96.889 -890.817 -2.8405
95.4684 -891.274 -2.85024
94.0645 -891.706 -2.86868
92.7052 -892.018 -2.89106
91.2859 -892.342 -2.92181
89.8604 -892.553 -2.95615
88.4244 -892.695 -2.99474
87.0074 -892.807 -3.03269
85.5146 -892.846 -3.0774
83.9912 -892.805 -3.12381
82.5459 -892.689 3.11286
81.1004 -892.496 3.06662
79.6053 -892.272 3.02176
78.0635 -892.035 2.98048
76.6122 -891.762 2.93968
75.1111 -891.383 2.89905
73.6815 -890.923 2.85777
72.2174 -890.239 2.81245
70.8997 -889.567 2.77999
69.5154 -888.843 2.74945
68.2525 -888.135 2.72536
66.8759 -887.48 2.70418
65.5648 -886.82 2.68825
64.2669 -886.16 2.67556
63.0303 -885.47 2.66438
61.8137 -884.724 2.65651
60.6252 -884.043 2.65469
59.3064 -883.33 2.64873
58.1005 -882.654 2.64747
57.0741 -881.974 2.65157
55.993 -881.343 2.64279
54.8266 -880.588 2.64151
53.8422 -879.933 2.64258
52.7449 -879.216 2.64397
51.5492 -878.534 2.64329
50.4713 -877.824 2.64335
49.3032 -877.218 2.64305
48.2255 -876.515 2.64412
47.2171 -875.931 2.64202
46.1098 -875.257 2.64366
45.1592 -874.627 2.64733
44.2331 -874.07 2.65072
43.3689 -873.513 2.65002
42.5764 -873.12 2.65056
41.9194 -872.724 2.64917
41.3736 -872.364 2.64921
40.806 -872.086 2.64944
40.3517 -871.891 2.65015
39.8938 -871.704 2.65658
39.3921 -871.5 2.67053
38.8256 -871.286 2.69015
38.2184 -871.095 2.71318
37.6438 -870.883 2.73779
37.064 -870.761 2.76432
36.4843 -870.556 2.78916
35.921 -870.384 2.81804
35.3526 -870.322 2.84852
34.7849 -870.219 2.87814
34.2251 -870.158 2.90799
33.6657 -870.069 2.93811
33.1058 -869.939 2.96677
32.5336 -869.941 2.9968
31.9869 -869.894 3.03554
31.4665 -870.007 3.08365
30.8945 -870.059 3.13405
30.2816 -870.169 -3.08938
29.6431 -870.352 -3.02636
29.005 -870.56 -2.95555
28.2815 -870.871 -2.88591
27.5444 -871.221 -2.8165
26.817 -871.553 -2.74867
26.0368 -871.989 -2.68238
25.2482 -872.581 -2.61707
24.4303 -873.158 -2.54706
23.5939 -873.869 -2.47519
22.8185 -874.73 -2.40086
22.0612 -875.496 -2.32665
21.2653 -876.51 -2.25575
20.51 -877.624 -2.1993
19.7606 -878.81 -2.15757
19.0165 -879.989 -2.12764
18.2876 -881.192 -2.10233
17.5812 -882.507 -2.07466
16.8307 -883.794 -2.06178
16.0908 -885.146 -2.05494
15.3585 -886.481 -2.04997
14.576 -887.94 -2.05054
13.8146 -889.323 -2.04913
13.0781 -890.777 -2.04452
12.3826 -892.207 -2.03171
11.7137 -893.754 -2.01983
11.2174 -895.442 -1.99525
10.5722 -896.772 -1.98282
9.95272 -898.426 -1.96245
9.25342 -900.004 -1.94294
8.68024 -901.652 -1.91752
8.12817 -903.373 -1.88942
7.61988 -905.137 -1.86435
7.14714 -906.884 -1.84137
6.6903 -908.701 -1.81905
6.23786 -910.497 -1.79784
5.83488 -912.32 -1.77953
5.48254 -914.028 -1.76374
5.13334 -915.754 -1.74549
4.81351 -917.517 -1.72933
4.48053 -919.231 -1.71274
4.26298 -920.926 -1.69374
4.09667 -922.625 -1.67596
3.90305 -924.24 -1.65991
3.78536 -925.939 -1.64208
3.64987 -927.582 -1.63624
3.51773 -929.201 -1.64352
3.42161 -930.639 -1.66233
3.1828 -932.048 -1.69087
2.91224 -933.337 -1.73894
2.49944 -934.495 -1.79795
2.11434 -935.568 -1.86608
1.67475 -936.644 -1.94178
1.10587 -937.615 -2.02923
0.493939 -938.441 -2.1236
-0.23764 -939.227 -2.22601
-1.00124 -939.862 -2.33295
-1.88705 -940.362 -2.43444
-2.75029 -940.81 -2.53277
-3.61447 -941.175 -2.61452
-4.50073 -941.457 -2.68682
-5.44956 -941.788 -2.74305
-6.40633 -942.138 -2.77589
-7.5759 -942.376 -2.7991
-8.52452 -942.683 -2.81712
-9.49698 -942.95 -2.83458
-10.5316 -943.216 -2.85049
-11.649 -943.521 -2.86431
-12.747 -943.865 -2.87102
-13.9266 -944.123 -2.87634
-15.1176 -944.429 -2.881
-16.3205 -944.823 -2.8822
-17.5879 -945.144 -2.88443
-18.8394 -945.415 -2.88709
-20.1466 -945.704 -2.89044
-21.4618 -945.972 -2.90041
-22.7548 -946.236 -2.91393
-24.0691 -946.443 -2.92644
-25.325 -946.711 -2.93715
-26.5345 -946.964 -2.94649
-27.5885 -947.109 -2.95389
-28.6384 -947.233 -2.96038
-29.5266 -947.219 -2.9594
-30.4311 -947.307 -2.96284
-31.1195 -947.315 -2.96222
-31.8155 -947.449 -2.96743
-32.4387 -947.543 -2.97289
-32.9635 -947.601 -2.978
-33.4344 -947.698 -2.98404
-33.8958 -947.788 -2.98648
-34.3491 -947.867 -2.98682
-34.8484 -947.955 -2.98228
-35.2919 -948.054 -2.97095
-35.7276 -948.151 -2.95461
-36.147 -948.277 -2.9321
-36.6365 -948.441 -2.90354
-37.0594 -948.652 -2.8777
-37.586 -948.862 -2.84979
-38.0794 -949.043 -2.82148
-38.5321 -949.297 -2.79029
-39.103 -949.599 -2.76316
-39.7151 -949.907 -2.73865
-40.3144 -950.166 -2.72681
-40.8953 -950.43 -2.72625
-41.4865 -950.655 -2.73301
-42.0604 -950.878 -2.7501
-42.6777 -951.036 -2.77712
-43.309 -951.182 -2.81411
-43.9405 -951.258 -2.8576
-44.5349 -951.345 -2.91349
-45.1364 -951.332 -2.98136
-45.7359 -951.323 -3.06401
-46.3204 -951.204 3.13046
-46.8892 -951.058 3.03436
-47.4473 -950.875 2.93942
-47.9122 -950.566 2.84414
-48.3965 -950.241 2.74656
-48.8062 -949.82 2.65059
-49.2294 -949.432 2.55261
-49.6234 -948.963 2.45454
-49.9706 -948.458 2.35937
-50.2878 -947.898 2.26804
-50.5231 -947.368 2.18815
-50.7878 -946.686 2.11323
-51.0327 -946.044 2.0544
-51.1709 -945.419 2.00577
-51.3918 -944.772 1.96759
-51.5729 -944.087 1.93852
-51.7283 -943.393 1.91534
-51.8828 -942.737 1.90409
-52.0469 -942.04 1.8982
-52.2072 -941.411 1.89552
-52.3599 -940.792 1.89519
-52.4973 -940.319 1.8957
-52.6042 -939.879 1.89585
-52.6791 -939.517 1.89516
-52.7495 -939.214 1.89504
-52.8121 -938.979 1.89484
-52.8254 -938.797 1.89468
-52.8404 -938.681 1.89454
-52.8782 -938.631 1.89447
