-0.00711679 0.0265636 -0.000456007
-0.0186191 -0.0136528 0.000951616
-0.00352848 -0.0166664 0.000167219
-0.0159144 0.0163383 0.000410406
-0.0152998 0.0206432 -0.000486286
-0.0100859 0.00151443 -0.000769051
-0.0246434 -0.00942612 0.000277607
-0.0259933 -0.0114079 0.000508634
0.0139552 -0.00814438 0.00106606
0.0378741 -0.00130463 0.00138268
-0.0451314 -0.0229588 0.000378458
-0.0214229 -0.00575829 0.000455228
-0.0190489 0.0102406 0.00110802
-0.0195851 0.015749 0.00106606
-0.0205814 -0.026638 0.0011352
-0.0271654 -0.0108337 0.000863401
-0.0146741 0.0267315 -0.000149878
-0.0118761 0.000741959 0.00103816
-0.0476743 0.00806046 5.94537e-05
-0.0198523 -0.0242348 0.000321714
-0.0286881 0.011446 -0.00016156
0.00154495 -0.0109539 0.00120362
-0.00807822 -0.00405502 0.000917999
0.0304871 0.00291061 0.000752775
0.00346214 0.0299549 0.00168904
0.153475 -0.0202675 0.00292071
0.159028 -0.0226383 0.00345048
0.206976 0.00788116 0.00430879
0.280474 0.0065918 0.00562247
0.335079 -0.0228901 0.00571355
0.41836 -0.00165749 0.00694617
0.461997 -0.0139561 0.00319013
0.532395 -0.0148296 0.00362024
0.665222 0.0636978 0.000704853
0.690457 -0.00746918 0.000725357
0.767655 -0.0101337 -0.00145593
0.899243 0.0474701 0.0021182
0.934962 -0.010973 0.00296768
1.00815 0.0435066 0.00174746
1.09136 0.0446358 0.0025278
1.14186 -0.0277824 0.00374588
1.17008 0.0111942 0.003059
1.34188 0.0276394 0.00349006
1.40483 0.031599 0.00282463
1.4534 -0.0321865 0.001093
1.51465 0.00943184 0.00291785
1.57847 -0.0482426 -0.00106302
1.6524 -0.0203857 0.003584
1.69882 -0.0033493 -0.00230566
1.83784 -0.049778 -0.00196186
1.86397 -0.0157051 -0.00340954
1.95694 -0.0133047 -0.00251022
1.93729 -0.0500965 -0.00600019
1.9999 -0.0808764 -0.0030891
2.08658 -0.0223045 -0.00191274
2.11762 -0.00657558 -0.00245562
2.16945 -0.0383892 0.00306305
2.25721 0.0026989 0.0010961
2.3128 -0.0961514 0.00320992
2.3991 -0.015152 0.00621566
2.48119 0.0237904 0.00827369
2.52279 -0.0135365 0.00888786
2.53604 -0.0290575 0.0118013
2.62141 0.0587921 0.0103229
2.65127 0.0541592 0.0131608
2.71463 0.0136662 0.0153142
2.77388 -0.00995445 0.0143984
2.8786 0.0421 0.0103093
2.88612 -0.0218658 0.00488433
2.86548 -0.0595779 0.00414094
2.8945 -0.0554991 0.00265988
2.94683 -0.0592308 -0.00324884
3.0281 -0.126323 -0.00243011
2.94032 -0.0776672 -0.00522152
3.07549 -0.0513544 -0.00869265
3.05458 -0.0502853 -0.00534144
3.1716 -0.0403929 -0.00529829
3.14169 -0.102485 -0.00500456
3.30386 -0.0493698 -0.0018045
3.20751 -0.0309076 -0.00168577
3.20201 -0.00770378 -0.00246349
3.30456 -0.0796099 0.000577776
3.17723 -0.0423164 0.000716297
3.15433 -0.0450134 -0.00331226
3.19234 -0.0523443 -0.00283876
3.21469 0.0138407 -0.00387493
3.15908 -0.0476866 -0.00186983
3.16785 -0.0567627 0.00103506
3.1376 -0.0190458 0.00191244
3.18357 -0.0116348 0.00225648
3.15285 0.0706329 4.87248e-05
3.13292 0.0288553 -0.000109108
3.16229 -0.086771 -0.00086108
3.13026 0.0163422 -0.0014166
3.16513 -0.0743308 -0.000442656
3.12755 -0.0377026 0.00205406
3.13869 0.0251141 0.000638334
3.12892 0.00405025 -0.00255075
3.10103 -0.0010891 -0.00227347
3.11338 0.052958 0.000795452
3.13861 0.00873709 -3.90132e-05
3.16212 -0.0507322 0.000302164
3.12357 -0.0366135 0.00249275
3.0999 -0.0471042 -0.00127807
3.10741 -0.0574107 0.00242409
3.12426 -0.020776 0.00285825
3.10802 -0.0239987 0.00121602
3.11994 -0.0323887 0.00190362
3.15877 -0.000527382 0.00168833
3.10974 0.0275083 -0.00192753
3.10154 -0.0542068 -0.00042096
3.1621 -0.000360489 0.000412313
3.15765 0.0161209 2.58366e-05
3.16985 -0.0266027 0.00387272
3.1756 0.0424991 0.00278744
3.15425 0.0165977 0.00173244
3.15376 -0.0325279 0.000199644
3.20008 -0.0149917 0.00387463
3.173 -0.0477448 -0.000254544
3.12152 -0.0306395 -0.0024654
3.12576 -0.0091033 -0.0042328
3.10818 -0.00878727 -0.00496593
3.00639 -0.0244174 -0.00293842
3.02164 -0.0467846 -0.00472751
3.10275 0.0135342 -0.00363985
3.15775 0.00637174 0.00325832
3.18162 0.00918503 -0.000740679
3.09844 0.0327768 0.000965921
3.18279 0.00461864 0.000783769
3.09553 -0.0273075 0.00175556
3.17472 -0.0272529 0.00229725
3.10069 -0.030256 0.00572166
3.0927 0.0204859 0.00142392
3.11044 -0.0301669 -2.47081e-05
3.0358 -0.0596596 -0.00389329
3.04012 -0.0304337 -0.00338403
3.06688 -0.0517454 -0.00330535
3.02972 -0.0643868 -0.00241676
2.96633 -0.0174732 0.00169858
3.00753 -0.0166726 0.00190005
2.97348 -0.000761032 -0.0024561
2.94042 -0.0293245 3.87112e-05
2.91105 -0.0343285 -1.81993e-06
2.95855 -0.0344038 0.00132975
2.99393 -0.051815 -0.00101629
2.91299 0.0358982 -0.000370892
3.01662 -0.0260515 -0.000836762
2.97494 0.0016489 0.00203022
3.09178 -0.00990105 0.0016056
3.04742 -0.0730591 -0.00133887
3.11348 0.0235643 0.00106367
3.09599 -0.0659723 -0.000588568
3.13714 -0.00582123 0.00243982
3.14604 -0.0285034 0.00238427
3.17159 -0.0367975 -0.000970038
3.21008 -0.0397282 -0.000806006
3.35254 -0.0834675 -0.000606926
3.29279 -0.0156326 -0.000438364
3.34019 -0.0598698 0.000692455
3.38845 -0.0500984 0.00204834
3.30375 -0.0838385 0.000487415
3.3763 -0.0187464 0.00100741
3.39585 -0.0764084 0.000116913
3.35304 -0.0454674 0.00103435
3.51139 -0.0337486 0.00395116
3.56593 -0.056797 0.000466673
3.52806 -0.0169086 -0.000106724
3.5749 -0.0570707 0.000565855
3.55229 -0.0785837 0.000132887
3.58199 -0.0436335 -0.000809582
3.66067 -0.0381212 -0.000273617
3.6563 -0.0652895 0.00145635
3.69582 -0.109772 -0.00122729
3.76073 -0.0744801 -0.00429669
3.7128 0.0136518 0.00373778
3.73373 -0.00530148 0.00209793
3.72583 0.0385838 -0.0041689
3.63242 -0.087512 0.00553235
3.69743 -0.0169573 0.00304422
3.69426 -0.0701723 0.000543682
3.6901 -0.0811901 0.000947324
3.53646 0.00649071 -0.00105182
3.6815 -0.0397978 -0.00184599
3.55672 -0.127479 -0.00343839
3.56337 -0.0410681 -0.00182525
3.57808 -0.093854 -0.00219003
3.57071 -0.00706005 0.00182995
3.56222 -0.0463762 -0.000132712
3.63906 -0.0472202 -0.00133124
3.68725 -0.051939 -1.20719e-05
3.67851 -0.0450592 -0.000401171
3.63976 -0.0177031 -0.000786694
3.72595 -0.0337973 0.004711
3.64748 -0.0767002 0.000476686
3.62687 -0.137174 0.001443
3.73266 -0.0658541 0.00216993
3.74059 -0.0592985 1.77304e-05
3.73962 -0.0902071 7.51893e-05
3.77369 -0.141617 0.00339898
3.7709 -0.142374 0.00408062
3.77082 -0.121083 -0.00233641
3.77112 -0.00984573 0.00383886
3.68763 -0.102136 0.000779955
3.63719 -0.119875 0.00309738
3.69671 -0.056653 0.00346622
3.65878 -0.0376377 -0.00113931
3.63612 -0.06567 -0.00124017
3.59796 -0.0655422 -0.00227252
3.652 -0.095665 0.00193533
3.63798 -0.0981722 -0.00321403
3.62039 -0.000406265 -0.00042692
3.66148 -0.0809479 -0.00221673
3.65603 -0.00149822 0.00221476
3.66322 0.0334015 0.00098714
3.59966 0.0445175 0.00071582
3.64562 -0.110541 -0.00126329
3.67017 -0.057272 -0.0012323
3.64834 -0.0904427 -0.00239888
3.65151 -0.069973 4.77711e-05
3.63095 -0.0187111 -0.0013434
3.66813 -0.0555706 0.000902025
3.67581 -0.0929718 0.000547496
3.62914 -0.0854435 0.000158636
3.64347 -0.0517502 0.00192556
3.6865 -0.12133 0.00103649
3.70964 -0.0443668 0.00299486
3.69456 -0.0477352 -9.09885e-05
3.72607 -0.0861435 -0.00462547
3.74964 -0.0245705 0.00194582
3.75294 -0.0556622 -0.00323692
3.77335 -0.0935917 -0.00022498
3.72975 -0.0904675 0.00202307
3.77823 -0.0688171 0.00217399
3.73831 -0.0280638 0.00219258
3.74796 -0.0689449 0.0024918
3.77657 -0.0911341 0.000650493
3.83361 -0.129519 0.00302562
3.7991 -0.0700569 0.000988809
3.76515 -0.0501461 -0.000766428
3.81312 -0.0328093 -0.00021139
3.75178 -0.0988989 -0.00213304
3.82458 -0.0287828 -0.000990542
3.81723 -0.0331078 -0.000743779
3.80428 -0.0370798 -0.000116261
3.62241 -0.0381622 0.00203928
3.84838 -0.0950747 0.00160751
3.83201 -0.10848 0.000867693
3.75387 -0.115795 0.00306138
3.68624 -0.0964518 -0.00135103
3.73632 -0.0717068 -0.000157984
3.79994 -0.0420628 -0.00144831
3.79057 -0.0992537 -0.00155512
3.85253 -0.0975828 0.00191578
3.83125 -0.0339375 0.00141677
3.85053 -0.086525 0.000999061
3.80227 -0.0572109 -0.00286022
3.66969 -0.01194 -0.0025591
3.75857 0.0181084 -0.00184909
3.83537 -0.0969124 0.00132617
3.81898 -0.0642481 0.00127587
3.86643 -0.0082159 -0.000697048
3.68214 -0.0115662 0.00236544
3.72542 -0.0803299 -0.000324162
3.80706 -0.0563755 0.00181731
3.80799 -0.0677433 -0.00140158
3.7165 -0.101126 -0.00299445
3.78615 -0.0842514 -0.00104085
3.72497 -0.0371265 -0.00308433
3.69282 -0.111734 0.0014542
3.66801 -0.0762863 -0.000199707
3.71914 -0.126782 0.00152501
3.85797 -0.12965 0.000445453
3.69243 -0.125954 0.00133475
3.84883 -0.137596 0.000745145
3.84149 -0.131779 0.000390855
3.76039 -0.102322 -0.000326784
3.76507 -0.0923061 0.000228969
3.75757 -0.105379 0.00282034
3.81752 -0.0945168 -0.00214306
3.82272 -0.0897179 0.00128326
3.77906 -0.102419 -0.0015792
3.83319 -0.0960617 0.00200709
3.82649 -0.08848 -0.000258358
3.75682 -0.119 -0.00324336
3.82074 -0.0799389 -0.000816496
3.83836 -0.0353146 -4.04437e-05
3.81869 -0.0614624 0.00147471
3.75927 -0.0950336 -0.000449808
3.82121 -0.109924 0.000295488
3.7946 -0.101131 -0.00327984
3.77509 -0.017478 0.0032483
3.6715 -0.128445 -0.000444325
3.72018 -0.0586243 -0.00111643
3.72198 -0.0359316 0.00163302
3.75939 -0.060358 0.00335488
3.85678 -0.0620337 0.0026873
3.81394 -0.0771971 0.00142082
3.74855 -0.0843296 -0.00219003
3.81064 -0.0236521 0.000337211
3.82011 -0.0309706 -0.000752838
3.78914 -0.0703726 0.00148782
3.78194 -0.0611382 0.00262174
3.73366 -0.0138397 -0.0041689
3.71574 -0.137458 0.000124065
3.75856 -0.0473919 -0.000198515
3.70443 -0.0566711 -0.00387064
3.78216 -0.133327 -0.000530394
3.64976 -0.0335121 -0.00310436
3.74334 -0.0416965 0.0010899
3.69838 -0.0963821 0.000870077
3.68487 -0.0446129 0.000292627
3.82464 -0.0521641 0.00113568
3.70168 -0.0607405 -0.00398603
3.76392 -0.076828 -0.00010887
3.78939 -0.0601692 -0.00237742
3.72071 -0.0616121 -0.00344911
3.7241 -0.0361233 0.00218782
3.79099 -0.0609159 0.00286302
3.77193 -0.115132 0.000503627
3.8147 -0.0545712 0.00224623
3.60387 0.0106201 -0.00169364
3.62782 -0.130184 -0.00342098
3.71158 -0.0711441 -0.00170413
3.73233 -0.0757923 -0.0033938
3.66469 -0.065032 0.00137123
3.71772 -0.0898266 -0.00276509
3.71899 -0.0935345 -0.0029234
3.77087 -0.123098 -0.000895174
3.6845 -0.0494289 -0.00458518
3.66281 -0.0407944 -0.00727812
3.67178 -0.0989056 -0.00545827
3.68554 -0.0576534 -0.00547496
3.69556 -0.0502071 -0.00568357
3.64645 -0.0963669 -0.00727239
3.6865 -0.101757 -0.00700394
3.67276 -0.107941 -0.00755158
3.66135 -0.116401 -0.00900689
3.65084 -0.145437 -0.00685159
3.7002 -0.0613537 -0.00580111
3.62052 -0.0666122 0.00269851
3.71072 -0.0921793 0.00255164
3.69304 -0.0404739 0.000468103
3.65916 -0.048624 -0.00204507
3.58717 -0.0700493 -0.00545827
3.70925 -0.0976562 -0.00539199
3.62399 -0.107254 -0.00237432
3.66517 -0.0777111 -0.0030419
3.65734 -0.0443707 0.00114926
3.64266 -0.161549 0.00313148
3.65984 -0.087368 0.000872699
3.66027 -0.0386868 0.000601141
3.65585 -0.0968513 0.00186643
3.63015 -0.0536976 0.00418386
3.64237 -0.0551434 0.00341114
3.64711 -0.06917 0.00126919
3.61156 -0.0392532 0.00139317
3.62941 -0.0653095 -0.00116173
3.61209 -0.0764637 -0.00521031
3.60399 -0.0619326 -0.000495346
3.65901 -0.0722303 -0.00380007
3.61234 -0.0718193 -0.00502029
3.69388 -0.0520353 0.00162181
3.65278 -0.0599937 0.00210985
3.5737 -0.0390663 -0.000232609
3.64034 -0.0890579 0.00174913
3.62365 -0.0315418 0.00264844
3.60521 -0.0643177 0.00128779
3.6293 -0.0230312 0.00184592
3.60569 -0.0131626 -0.00179878
3.56247 -0.15382 0.00220784
3.64306 -0.0448399 -0.0014793
3.52929 -0.0626774 -0.00197545
3.56888 -0.119852 0.00141629
3.6421 -0.0615177 0.00121435
3.6392 -0.0363369 0.00166401
3.5758 -0.0713348 8.68718e-05
3.4974 -0.025692 -0.00046769
3.58192 -0.0408516 -0.00225893
3.58838 -0.0659599 -0.00307289
3.59945 -0.126394 0.000488369
3.5199 -0.0485592 -0.00119129
3.47291 -0.0250988 0.00227436
3.54963 -0.023819 0.00394639
3.52653 -0.0438042 -0.00274053
3.56439 -0.101259 -0.00294057
3.58419 -0.0970135 -0.00273314
3.71114 -0.0490627 0.00135478
3.44469 -0.109127 -0.000928553
3.58683 -0.116402 6.82751e-05
3.57952 -0.0685596 -0.00060788
3.59948 -0.104372 -0.000154885
3.45464 -0.0768547 0.00115046
3.46748 -0.0747452 0.00138148
3.52944 -0.0512371 0.000248043
3.54113 -0.067318 -0.0016481
3.41745 -0.0559425 -0.000540646
3.42608 -0.121855 0.00283322
3.3762 0.037466 -0.00245062
3.21723 -0.0496321 0.000300733
3.27226 -0.065361 -0.000747832
2.94856 -0.0580692 0.0016745
2.88272 -0.00372601 -0.00050679
2.7273 0.0178642 -0.00248233
2.60092 -0.0345831 -6.50009e-05
2.44838 0.0109148 -0.00220719
2.3897 -0.0209074 -0.00106874
2.18393 -0.0239487 -0.00263658
2.15546 -0.0430956 -0.0018107
1.94285 -0.0898724 -0.000154169
1.86188 0.0145426 -0.00115434
1.80725 -0.0344028 -0.00094858
1.67263 -0.00926018 0.00115046
1.56157 0.0148077 0.00151643
1.43219 0.00737286 -0.00189892
1.36887 -0.0187187 -0.00135222
1.34085 -0.00529861 -0.00028673
1.23729 -0.012063 -0.00169841
1.15304 0.00419235 -0.000528248
1.16522 0.00297928 0.0018135
1.09434 0.0458794 -0.000851782
1.09613 -0.00962162 0.00121292
0.99478 -0.0163975 -0.00581613
1.01636 -0.0769482 -4.42584e-05
0.930928 0.00742245 0.00051674
0.925518 -0.0115395 -0.000219735
0.865016 0.00565338 0.00174674
0.833013 -0.00858784 0.000353662
0.719296 -0.0715485 -0.000274094
0.639878 -0.00135231 -0.00113049
0.54225 -0.0222855 -9.09885e-05
0.495944 -0.0164309 0.00213656
0.367929 0.0101061 -0.00155845
0.282537 -0.0276575 -0.00135675
0.203049 0.00909901 0.0011259
0.177254 -0.0167303 -0.000752838
0.0261087 -0.0125256 -0.000485094
0.0099721 -0.0262012 -5.54641e-05
-0.00239277 0.0144005 -0.00124446
-0.0340643 0.0162973 0.000236837
-0.0197315 0.0334654 1.93993e-05
0.0128965 -0.0134258 -0.000192316
-0.00822258 0.024272 -0.00143591
-0.0133009 0.0112162 -0.00126925
-0.0105333 -0.020503 0.000609724
0.0158396 -0.00305557 -0.0011138
-0.002285 0.0114317 0.000662891
-0.00511265 0.00351524 0.000274269
-0.00819302 -0.017293 0.00111779
0.0283756 0.00981331 0.00121841
0.0412035 -0.0304737 0.00170669
0.00631428 0.00998783 0.00138101
-0.0115643 0.0407715 0.000751583
0.0389066 -0.052783 0.000801412
0.0217123 0.0294695 -0.000760706
0.0146132 0.0288506 -0.000362786
0.029191 0.0180378 -0.00131431
0.0223885 0.0367851 -0.000103863
0.0415788 0.0158939 -0.00119081
0.0388384 -0.0341988 0.000479309
0.0283608 0.0285501 -0.00105253
0.00773525 -0.0034008 0.00180921
0.0184174 -0.00594234 0.00191793
0.0245504 -0.0378094 0.00166234
0.00654697 0.0225677 0.00148639
0.0273247 -0.0111637 0.00184998
0.00799179 0.0157976 0.00169262
0.0259128 -0.0223913 0.00221666
0.00667286 -0.00816727 0.0019246
-0.0135803 0.0642424 -0.000839384
-0.0036273 0.0546131 -0.00094858
0.0224514 0.0345564 -0.000192078
0.0144348 0.0345173 -0.000285061
0.0324068 0.0277491 -0.000631483
0.0429645 0.00817585 -7.23918e-05
0.0176783 0.0238218 -0.00110951
0.0139117 -0.0104036 -0.00116244
0.0265479 0.0157003 -0.00119534
-0.00469542 0.0302563 -0.00174228
0.041594 -0.0250072 5.33263e-06
0.0538378 -0.00179005 0.000942556
0.0541191 -0.000123978 0.000580398
0.0592976 -0.0133238 0.000789968
0.0561662 -0.0187759 -0.000763329
0.0415769 -0.0011282 0.000941841
0.0731063 -0.00938988 0.000661461
0.120212 0.0145731 0.000810949
0.19814 0.0352201 -0.000608834
0.334646 -0.0139647 0.000655262
0.360267 -0.0217476 -0.0037221
0.44481 0.0174656 -0.00112549
0.54287 -0.00377655 0.00021824
0.574456 0.01651 5.08706e-05
0.688268 -0.00524235 -0.00146619
0.759664 0.0155277 -0.00145641
0.855329 -0.0165882 -0.00350252
0.997245 -0.0287256 -0.00324384
1.01753 -0.00227737 -0.00195089
1.07476 -0.0114775 -0.00405184
1.16046 0.000371933 -0.00234834
1.16745 -0.0312958 -0.000104817
1.34385 -0.0446472 0.000116436
1.32554 -0.0177565 -0.00296417
1.53792 -0.0178957 0.00519284
1.47385 -0.0228415 0.00146946
1.59948 0.0636425 9.85543e-05
1.62384 -0.0337029 0.00106987
1.72464 0.00726318 0.00253495
1.72699 -0.0285072 0.00326404
1.84822 0.00559998 0.00108346
1.85393 -0.00725269 0.0024012
1.96364 0.00976181 0.00406107
1.98502 0.00322914 0.00198111
2.02168 0.0660906 0.000478355
2.09821 -0.00107765 0.00180301
2.13937 -0.00962353 0.00131759
2.15654 -0.0155191 0.00169477
2.27632 -0.00941372 -0.00200144
2.29517 -0.0234203 0.000356046
2.31746 -0.0488205 -0.00234166
2.42128 -0.00837421 -0.00257126
2.46991 -0.0733156 -0.000141295
2.42656 -0.0101614 -0.00266877
2.55951 -0.0355339 -0.00146929
2.63262 0.0113544 -0.000706824
2.68815 -0.0370159 0.00144848
2.67492 -0.0258245 0.000528185
2.71493 -0.0419369 0.00190863
2.78566 -0.0202608 -0.00128213
2.85518 -0.00926495 -0.00124446
2.94634 -0.0692892 0.00089368
2.94218 -0.086338 -0.000968369
2.9765 -0.0563974 0.000833837
3.07238 -0.0721045 0.000736324
3.03207 -0.081459 -0.00221935
3.13277 -0.0517797 0.00495204
3.11169 -0.00614738 0.000748245
3.23308 0.0177488 -0.00150076
3.19566 0.0472345 0.00170335
3.23009 -0.0511036 -0.000522288
3.22488 -0.0607042 0.000120966
3.21616 -0.0484619 0.000156252
3.19544 -0.0260048 -0.00190345
3.22211 -0.0279427 -0.000367077
3.21511 -0.0764446 0.00169
3.1638 0.0155411 -0.00328961
3.19686 -0.0100956 -0.000358017
3.25263 0.00635624 0.00285253
3.03649 0.0192471 0.00369152
3.10062 -0.0316 4.32412e-05
2.98384 0.0380211 0.000504104
2.91235 -0.093061 -0.000692519
3.13359 -0.0166411 -0.0014998
3.11031 -0.0296431 0.00696286
3.17625 -0.0644803 -0.00369469
3.25662 -0.0422649 -0.00775162
3.29307 -0.110238 -0.00420919
3.20614 -0.0941534 -0.00859776
3.27484 -0.0423756 -0.0123071
3.2876 -0.073432 -0.013981
3.2065 -0.0358658 -0.0131144
3.19232 -0.0741239 -0.0107414
3.22547 -0.00762558 -0.00670734
3.22048 -0.0514526 0.000569431
3.15948 0.0616031 0.00121531
3.18039 0.0275474 0.009276
3.15048 -0.00897503 0.00624236
3.18157 0.0410638 0.00791463
3.15863 0.0448895 0.00739607
3.13592 -0.0104771 0.00369367
3.10467 -0.0289078 0.00320324
3.02747 -0.0119801 0.00416168
3.06676 -0.0061245 0.00383672
3.04296 -0.0670166 0.00484666
2.97901 0.0362549 0.00443539
2.96774 -0.0108309 0.0022448
2.96774 -0.0273085 0.000133602
2.97277 -0.128267 -0.00408998
2.88359 -0.0874147 -0.000138672
2.8233 -0.0839376 -0.00775781
2.83673 0.0174961 -0.004733
2.81901 -0.0826969 -0.00509802
2.72988 -0.043396 -0.00446645
2.64644 -0.0497074 -0.00281754
2.595 -0.0511618 -0.00406638
2.40124 -0.0266595 -0.00280395
2.33119 -0.041893 -0.0014011
2.29162 -0.00667715 -0.00408068
2.27891 0.00118256 -0.00307408
2.20572 0.0498295 -0.000342043
2.12404 -0.00244474 0.000600902
2.05392 0.00964212 0.00050172
2.03649 0.0211318 0.00429091
1.80097 0.0417607 -0.00226227
1.71526 -0.0518172 -0.00172296
1.72232 0.0393834 3.20355e-05
1.62877 -0.0172701 -0.00274316
1.45386 -0.0452567 -0.00060788
1.37463 -0.0190649 0.000190584
1.24284 0.0476557 -0.00180021
1.10847 -0.00968695 -0.00760189
1.09251 0.0309849 0.00935325
0.886252 0.00708282 -0.00729385
0.817808 0.00501275 -0.00367061
0.684034 0.059484 -0.00322238
0.567987 -0.0749207 -0.0140525
0.493668 -0.0772772 -0.010493
0.436113 -0.0199118 -0.0118949
0.302858 -0.0155163 -0.0124158
0.258743 -0.0216274 -0.0103206
0.161777 -0.0329461 -0.00984374
0.105537 0.00254393 -0.00423303
0.0702448 -0.0177541 -0.00256863
0.0760088 -0.000106812 -0.00330416
0.0498552 0.00221014 -0.00109163
0.0990353 0.00324631 -0.00517383
0.145342 0.0327563 -0.00713149
0.186328 0.0311942 -0.00896636
0.241958 0.0132198 -0.011285
0.265389 -0.0337133 -0.0190171
0.319862 -0.0120697 -0.0175339
0.33773 -0.0521269 -0.0200705
0.460342 0.00382805 -0.0215191
0.479111 -0.0716624 -0.0262548
0.53487 -0.0418472 -0.0297391
0.601408 -0.0137215 -0.0307249
0.645498 -0.0245247 -0.0365802
0.6726 -0.0466328 -0.0361969
0.663125 -0.081562 -0.0322372
0.732055 -0.0536289 -0.0363921
0.772674 -0.0603352 -0.0395741
0.762179 -0.0782681 -0.0400359
0.880478 -0.0838537 -0.0446819
0.886775 -0.119634 -0.0514714
0.885574 0.0170465 -0.049503
0.933743 -0.0305643 -0.0550624
0.877635 -0.0792332 -0.0539288
0.933668 -0.00803947 -0.057294
0.870558 -0.0984602 -0.0571245
0.811007 -0.100901 -0.0524518
0.808822 -0.0733252 -0.0577451
0.827383 -0.105694 -0.056672
0.836102 -0.126863 -0.0615331
0.888142 -0.116736 -0.064505
0.915917 -0.119433 -0.0651244
0.864844 -0.17384 -0.0699853
0.99498 -0.141985 -0.0823804
1.01664 -0.172108 -0.0823125
1.08588 -0.177024 -0.0871431
1.10753 -0.170111 -0.088499
1.16424 -0.213452 -0.0835756
1.25674 -0.161338 -0.0732571
1.31994 -0.148826 -0.0570265
1.37664 -0.137342 -0.0440191
1.4562 -0.0789632 -0.0399489
1.51442 -0.123804 -0.0311264
1.5948 -0.130292 -0.0196692
1.64231 -0.0391439 -0.0153665
1.70344 -0.0819163 -0.00509277
1.82444 0.0426345 0.00501618
1.80734 -0.00359035 0.00487169
1.94166 0.00759697 0.0010353
1.98435 4.76837e-07 0.00206098
2.10332 -0.01051 0.00532064
2.06503 -0.022193 4.27643e-05
2.17465 -0.0225959 0.00197276
2.25612 -0.0220098 -0.00135413
2.30167 0.00415707 0.00164065
2.30731 -0.00908637 0.00044593
2.40514 0.0526929 -0.00373069
2.4407 -0.0155414 -0.000694903
2.50774 -0.0093379 0.00235423
2.52735 -0.0565028 4.01417e-05
2.5902 -0.0090031 9.83159e-05
2.65211 -0.0185697 -0.00109783
2.71135 -0.0282584 0.0013493
2.7452 0.017683 -0.00233975
2.84493 -0.009516 -0.00508824
2.81886 -0.00788909 0.00141367
2.84237 -0.127287 -0.000333699
2.80029 -0.00762844 -0.0017201
2.7934 -0.0179467 -0.00131312
2.84173 0.00284433 -0.000982197
2.87762 0.00771165 0.0025979
2.84578 -0.0318167 -0.000145109
2.85357 -0.00253892 0.000967828
2.90894 -0.000146866 0.00299629
2.90568 0.0020957 0.000157444
2.95969 -0.0293496 0.00115594
2.96452 -0.0218296 -0.000172766
3.01106 -0.0489888 0.000945179
2.98279 -0.0381021 0.000686495
3.03538 -0.0369687 -0.000687035
3.01201 -0.0537384 -0.00121322
3.04851 0.0107665 0.000810711
3.05694 -0.0248127 -0.00089589
3.08839 -0.0267467 0.000377266
3.10559 -0.0222049 0.00136503
3.1618 0.0195966 -0.000191363
3.15969 -0.0323893 -0.00046316
3.2046 -0.00743544 0.000830976
3.19314 0.0221323 7.97192e-05
3.18644 -0.0181864 -0.00105658
3.15814 -0.0587544 0.00142726
3.18472 -0.02968 -0.000746401
3.19851 -0.0350399 -0.000740441
3.23204 0.0118254 0.00154409
3.1887 0.00210994 0.000719158
3.24379 -0.0427775 0.00338682
3.20586 -0.0242004 0.00134596
3.21815 0.0046196 0.00226673
3.27071 -0.00993729 0.00427803
3.2153 -0.0135295 -0.00540844
3.26984 0.00464702 0.00138983
3.26025 -0.0808725 0.00348791
3.27579 -0.0869379 0.00529894
3.28707 -0.0362005 0.00387224
3.26121 -0.0654888 0.00312242
3.31246 -0.024354 -0.000460776
3.31581 -0.0418293 0.00189456
3.31954 -0.0230463 0.0031074
3.30966 -0.0825274 0.00313744
3.32682 0.0227942 0.00501951
3.34012 -0.0412004 0.0006977
3.38401 -0.000371456 0.00312909
3.40461 -0.0590816 0.0010136
3.29429 -0.0100513 -0.000452431
3.30774 -0.00753784 0.00208244
3.30066 -0.0178635 0.00495514
3.27546 -0.0176234 -0.000685843
3.27115 -0.0150061 0.00254997
3.25502 -0.0340676 0.000538913
3.21225 -0.0226927 0.000487415
3.26556 -0.0228362 0.00462636
3.20156 -0.0379038 0.000204889
3.25171 -0.00330591 0.00142559
3.25149 -0.0237436 0.00195083
3.2354 -0.0128703 0.00197014
3.2975 0.032289 -0.000220211
3.22876 -0.0123487 0.00183448
3.21029 -0.0429873 -0.000681074
3.26976 -0.0440614 0.000956384
3.24043 -0.0314674 0.00021681
3.22521 -0.0681696 0.00121555
3.20815 -0.0343409 -0.000545414
3.20809 -0.0199466 -0.000750931
3.20731 -0.0757828 0.000951854
3.16462 -0.0506597 0.00296244
3.19826 -0.0567446 -0.0010294
3.18403 0.0119877 0.000387994
3.16561 -0.0877643 0.00122723
3.14644 -0.0222898 -0.000887783
3.10736 -0.0507231 -0.000396403
3.12123 -0.0333023 0.00221166
3.10223 -0.0314755 -0.00027171
3.07255 -0.038537 -0.00124327
3.07693 -0.0175085 0.000973312
3.00563 -0.00323105 -0.000755223
2.95205 -0.0371351 -0.00134984
2.99971 -0.0639634 -0.00145021
2.94386 -0.0403137 0.000140754
2.80455 -0.0381036 0.000416366
2.69018 -0.0122604 0.000268785
2.65866 -0.0764446 0.00208482
2.61759 0.0106916 0.00112256
2.50138 -0.0481963 0.0016571
2.48517 0.00527096 0.00121221
2.3555 -0.0489092 0.00232109
2.31807 0.0218201 0.00384459
2.22744 -0.0169468 0.00287303
2.14423 -0.0112634 0.00199541
2.12442 -0.0357747 0.00218543
1.90063 -0.0247788 0.0016838
1.8079 0.00309134 -0.00941053
1.6155 -0.0176859 -0.0212235
1.55648 -0.0804174 -0.0340454
1.44696 -0.0544748 -0.0506643
1.36988 -0.0949444 -0.074505
1.42591 -0.193408 -0.0875236
1.45032 -0.239517 -0.0962683
1.29731 -0.19374 -0.101782
1.38361 -0.312806 -0.103038
1.27155 -0.110453 -0.105298
1.39311 -0.329644 -0.101196
1.41363 -0.211701 -0.102467
1.41738 -0.181673 -0.0987412
1.42663 -0.181024 -0.0902835
1.50969 -0.18191 -0.0730697
1.5919 -0.141781 -0.0496697
1.63434 -0.11063 -0.0387386
1.72837 -0.0186353 -0.0252925
1.71967 -0.0545993 -0.0166401
1.93828 -0.0455289 -0.00976816
1.91506 0.0252175 -0.00607434
2.00183 0.0180268 -0.00288502
2.08598 -0.077022 0.000637857
2.15765 -0.0183574 0.00235137
2.15883 -0.0310931 0.00521907
2.23588 -0.0491791 0.00535258
2.35505 -0.0255585 0.00623998
2.42404 0.029171 0.00883254
2.43757 0.0240145 0.00881967
2.49952 0.0336218 0.0096887
2.50896 -0.0316081 0.0115159
2.67049 0.000743866 0.00979432
2.73541 0.0445232 0.00927219
2.76607 -0.0306358 0.0117865
2.79434 0.00774956 0.0113128
2.88103 -0.056963 0.00997504
2.94161 -0.00644875 0.0080305
2.94421 -0.00550652 0.00844773
2.94991 -0.0258579 0.00730213
3.01404 -0.0325184 0.00463018
2.95839 -0.0574169 0.00332936
2.95654 -0.0218449 0.000951616
2.98062 -0.0670605 0.000458805
3.00806 -0.016386 -0.00184575
3.0364 -0.0208359 -0.000297459
3.07301 -0.0535603 -0.0013322
3.0094 -0.0253944 -0.00275699
3.08346 -0.0155602 -0.000727566
3.17154 0.000673294 0.000864832
3.13696 -0.0629978 -0.000366362
3.16237 -0.0529823 -0.000996502
3.2213 -0.0403576 0.000127165
3.20162 -0.0589256 0.00085458
3.31113 -0.0436077 2.70287e-05
3.32043 -0.0653286 -0.00166336
3.32251 -0.0525951 -0.00171939
3.36521 -0.00645447 -0.00159612
3.40698 -0.000389099 -0.00106397
3.3975 -0.0641251 0.00047311
3.40732 -0.031271 -0.00287667
3.48688 -0.0475311 0.00119027
3.50546 -0.00558662 0.00049576
3.47062 -0.065752 0.00273451
3.5028 -0.0520115 -0.00121919
3.52349 -0.0141678 -0.00209823
3.59135 -0.0612316 0.0044845
3.56292 -0.0204525 0.000409929
3.56765 -0.0563679 -0.00202981
3.65292 -0.0517235 0.00403914
3.60319 -0.0411263 0.00112447
3.65363 -0.019289 0.00212988
3.64223 -0.0573826 0.00391182
3.65714 -0.0420647 0.0026699
3.65506 -0.0541515 0.00225124
3.64416 -0.0582333 0.00132331
3.6652 -0.0407944 0.00257358
3.63974 -0.0342445 0.00356516
3.6839 0.00923157 0.00318011
3.64563 -0.0343208 0.00337776
3.65884 -0.00606155 0.00638231
3.57571 -0.0527496 0.00341853
3.65894 -0.0125103 0.00216779
3.66624 -0.0344963 0.00576624
3.68879 -0.0212879 0.00531968
3.69537 0.0134964 0.00827154
3.70398 -0.0167313 0.00967845
3.78328 -0.0508194 0.00811252
3.68438 -0.00766563 0.0101405
3.68426 -0.0180244 0.0116259
3.59523 -0.0289326 0.0104025
3.65816 -0.0456104 0.00837216
3.75949 -0.0124454 0.00984368
3.71939 -0.0298138 0.00763449
3.73324 -0.0335255 0.00674781
3.77957 -0.0270157 0.00581035
3.79773 -0.0578957 0.0056692
3.79966 -0.0302448 0.00388035
3.80789 -0.0448608 0.00357541
3.86035 -0.0286884 0.00103101
3.85274 -0.0684967 0.00454029
3.97192 0.0280781 0.00337609
3.89814 -0.095953 0.00387487
3.97157 -0.0391846 0.000966398
4.01788 -0.0488377 0.00270209
4.0351 -0.0413666 0.000483839
4.03626 -0.078352 0.000223962
4.01778 -0.0392666 0.00293812
4.09182 -0.0728321 0.000761358
4.07987 -0.00111771 0.000511734
4.02235 -0.0966549 0.00417313
4.11646 -0.0654964 0.00443157
4.07751 -0.0528812 0.00451764
4.21838 -0.0206299 0.00776347
4.12434 -0.0560703 0.00645479
4.20733 -0.0982838 0.00609955
4.17073 -0.0485935 0.00925216
3.95886 -0.0727568 0.00727042
4.09169 -0.12044 0.00209126
4.16145 -0.0774727 0.00321802
4.06449 -0.0741787 -0.000901373
4.14564 -0.0830936 0.00323447
4.08825 -0.0936222 0.00378427
4.03259 0.0218925 0.00993928
4.10336 -0.0395203 0.0108877
4.13653 -0.0532589 0.00955185
4.12095 0.00528908 0.00835785
4.05077 0.0443249 0.00680503
4.1075 -0.00678253 0.00697955
4.13838 -0.0488777 0.00530585
4.14296 -0.0575838 0.00447473
4.15319 -0.0990486 0.000779001
4.22437 -0.121606 0.00345358
4.16102 -0.0463085 0.00342902
4.21642 -0.0974703 0.0022386
4.17594 -0.0342579 0.004114
4.1716 -0.0198851 0.00176772
4.12762 -0.0497971 0.00385865
4.18924 -0.0929308 0.00239095
4.22306 -0.0733337 0.000635711
4.2161 0.0248871 -0.000329645
4.17669 -0.0237999 0.00270209
4.15487 -0.0793571 0.00218829
4.08952 -0.00236702 0.002359
4.18978 -0.0529947 0.00423059
4.22209 -0.058754 0.00372156
4.14296 -0.0589914 0.00614247
4.21723 -0.0150251 0.0117796
4.20312 -0.0226116 0.00964054
4.12169 -0.0711613 0.00616368
4.05755 -0.0369587 0.00712809
4.14015 -0.0200062 0.00744876
4.00663 -0.0658112 0.0093852
4.08711 -0.0478687 0.00826749
4.03241 -0.0853329 0.00506124
4.01824 -0.0768852 0.0063909
4.13595 -0.0936127 0.00678977
4.05632 -0.0283661 0.00883183
4.06262 -0.0296097 0.00788483
4.11599 -0.0654163 0.00752672
4.1071 -0.0531864 0.0101725
4.07921 -0.0599213 0.0095478
4.21443 -0.0347195 0.0081931
4.0927 -0.0138836 0.00809225
4.16003 -0.0462284 0.00881037
4.08653 0.022707 0.00511703
4.21467 -0.0214138 0.00785908
4.05293 -0.0102272 0.0108403
4.02178 -0.0537987 0.00844177
4.21537 -0.0317612 0.00800833
4.004 -0.0987568 0.008504
4.12739 -0.0203781 0.00949797
4.05337 -0.0391273 0.00797757
4.05381 -0.0753479 0.00826272
4.03316 -0.0139275 0.0051175
4.0373 -0.0526237 0.00939998
4.23162 -0.0638466 0.00665983
4.13169 -0.0195885 0.00667915
4.06064 -0.0688972 0.0022603
4.06479 -0.0390053 0.00459441
4.24426 -0.0234528 0.00232062
4.05986 -0.0769653 0.00500235
3.96539 -0.0487328 0.00167689
4.15422 -0.102047 0.00272378
3.94687 -0.096756 -0.000389489
4.00504 -0.0783157 -0.00094715
4.03288 -0.0893002 0.000868646
4.04879 -0.0787315 0.00178656
3.94064 -0.0407486 0.00120052
4.04373 -0.0776215 0.00353774
4.10802 -0.0949268 0.00341567
4.11827 -0.0539608 0.000217525
3.94196 -0.0634632 0.00137171
3.99374 -0.0809135 -0.000155123
3.9573 -0.101509 0.00110683
4.09614 -0.0577049 0.00445542
4.128 -0.0318069 0.00155744
3.99052 -0.00621796 0.00175366
3.99731 -0.0831642 0.00135049
3.99582 -0.0537815 0.00102648
4.07973 -0.0365086 0.00101337
3.98536 -0.060194 0.000623552
4.06971 -0.0236588 0.00375804
4.09247 -0.0312824 0.00219759
4.06568 -0.106195 0.000252096
4.06206 -0.0879135 0.000794975
4.1046 -0.0750809 0.00525316
4.09815 -0.0112534 0.000367967
3.98159 -0.0672779 0.000380603
4.0435 -0.103117 0.00227985
3.95658 -0.0685749 0.00464186
4.02264 -0.0446033 0.0010558
4.03297 -0.0815277 0.00271401
3.94021 -0.131565 -0.000462206
3.88781 -0.0992279 0.000662891
3.85041 -0.106865 -0.00226203
3.87438 -0.00372887 -0.00114313
3.89712 -0.0705147 -0.000241669
3.92511 -0.0423431 0.00114092
3.84716 -0.0995178 -0.00197998
3.85877 -0.0540199 0.000298111
4.04756 -0.0563488 -0.000479611
3.96262 -0.0578995 0.000701038
3.96114 -0.0252819 0.00092229
3.93108 -0.191946 -0.000672968
3.89284 -0.0533619 -0.000963124
3.86347 -0.0871468 0.000597564
3.90082 -0.123489 -0.00123707
3.92248 -0.0272369 0.00183925
3.92424 -0.0532093 0.00293955
3.91971 -0.177973 0.00200853
3.87814 -0.140661 -0.00154272
3.93587 -0.133425 -0.00142971
3.91836 -0.133961 -0.000932129
3.8764 -0.135557 -0.00298253
3.82067 -0.107054 0.000843612
3.78184 -0.0106487 -0.000235709
3.8116 -0.0728035 0.000859825
3.70932 -0.0867424 -0.000120791
3.82285 -0.0838776 -0.00042239
3.79179 -0.101404 0.000356762
3.75238 -0.0720119 0.000339595
3.71854 -0.0568333 -1.39793e-05
3.78844 -0.0872269 -0.00129977
3.71165 -0.0866146 -0.00196234
3.69996 -0.0956783 0.000285474
3.64431 -0.0227222 -0.00138775
3.77202 -0.090292 -0.00133792
3.68365 -0.0944595 -0.00234142
3.70292 -0.100424 0.000801174
3.60773 -0.118481 0.000436155
3.63323 -0.107849 0.00211701
3.58559 -0.0947418 0.00143584
3.57482 -0.0483017 -0.000255736
3.64616 -0.00738335 0.00187596
3.65042 -0.0667477 0.00260624
3.65494 -0.0702724 0.00102243
3.62283 -0.0740795 0.000975935
3.67531 -0.106298 0.000474302
3.74231 -0.0951462 0.0024291
3.67011 -0.0915623 -0.00211564
3.63418 -0.0601425 -0.00266949
3.63428 -0.0668793 -0.00447622
3.64085 -0.0649033 -0.000884684
3.66999 -0.106295 -0.000315579
3.76129 -0.0341949 -0.00159088
3.60194 -0.0641327 6.23147e-05
3.70522 -0.0692844 -0.00477854
3.63956 -0.0761585 -0.000253113
3.59897 -0.0558891 -0.003117
3.68514 -0.0983009 -0.000820072
3.62077 -0.0488815 -0.00236026
3.68152 -0.111458 -0.00218001
3.68511 -0.091238 -0.00130311
3.64345 -0.0519695 -0.00107089
3.60428 -0.110634 -0.00178257
3.56776 -0.0908794 -0.00189534
3.52786 -0.0882339 -0.00233928
3.49409 -0.0698204 -0.00301233
3.46386 -0.0566063 -0.00169769
3.45338 -0.0794792 -0.00349894
3.49044 -0.0354767 -0.00155106
3.44968 -0.0563927 -0.00213114
3.42248 -0.0764122 -0.00306097
3.42593 -0.0891533 -0.00311008
3.31812 -0.0637894 -0.00224152
3.35386 -0.103115 -0.000725897
3.37705 -0.0823021 0.000726787
3.2844 -0.105446 -0.00292865
3.27009 -0.0867443 -0.00171462
3.26698 -0.0512047 0.00547442
3.23274 -0.010088 0.00420388
3.2041 -0.0119095 0.00859031
3.20873 -0.0366154 0.0058957
3.13455 -0.0423908 0.0039278
3.15908 -0.00564957 0.00251898
3.068 0.0291328 8.37723e-05
3.1074 -0.0946026 -0.000241192
2.98014 -0.0417747 0.00311288
3.03511 0.00945473 0.000541298
2.96211 -0.0383587 0.00327214
2.96384 -0.0134945 -0.00302568
2.80909 -0.0635376 0.00135144
2.74189 -0.0146027 -0.00173965
2.70494 -0.0344353 -0.00137702
2.60468 -0.0227146 -0.00167409
2.50475 -0.0429792 -0.00203267
2.43566 -0.00427055 -0.00192896
2.3283 -0.041728 -0.00224629
2.27221 0.00475836 -0.00902978
2.21733 -0.0308075 -0.0153052
1.99764 -0.0464873 -0.0223905
1.98401 -0.0325389 -0.0240711
1.92524 -0.151918 -0.0276047
1.92341 -0.0462646 -0.0356242
1.85095 -0.0696993 -0.0359196
1.78362 -0.104667 -0.0336637
1.77264 -0.0751762 -0.0336537
1.69444 -0.12235 -0.0379545
1.68418 -0.0889091 -0.0400201
1.64939 -0.0995178 -0.0452091
1.61341 -0.134324 -0.0507242
1.56089 -0.133423 -0.0526733
1.54058 -0.113407 -0.0547752
1.55984 -0.145686 -0.0538649
1.517 -0.130657 -0.0539085
1.52678 -0.101801 -0.0547234
1.54479 -0.126906 -0.0538339
1.57182 -0.118026 -0.0568005
1.52155 -0.136734 -0.0610952
1.55275 -0.127756 -0.0614354
1.56556 -0.162383 -0.0590483
1.58132 -0.113152 -0.0585283
1.61211 -0.13161 -0.0485655
1.65702 -0.0638895 -0.0468327
1.6589 -0.156011 -0.0449418
1.70181 -0.119451 -0.045514
1.74732 -0.135763 -0.0449864
1.75139 -0.132355 -0.0436386
1.77638 -0.1264 -0.0412425
1.78485 -0.146183 -0.0369977
1.81957 -0.155051 -0.0317818
1.88395 -0.0810857 -0.0270888
1.91068 -0.0815601 -0.0255686
1.92476 -0.0421638 -0.0251042
2.02716 -0.0135469 -0.0194234
2.01477 0.000147343 -0.0179295
2.08264 -0.0342903 -0.0171241
2.1015 -0.0300517 -0.0157181
2.16328 -0.0489841 -0.010311
2.16028 -0.0387259 -0.00385991
2.20701 -0.0620041 -0.00362793
2.2284 0.0560265 -0.00601092
2.28325 0.00843239 -0.00585476
2.30023 -0.0217781 -0.00342408
2.33712 -0.0540265 -0.00358883
2.35593 0.00307035 0.00142011
2.39963 0.0101724 0.00254831
2.45202 -0.01336 0.00221643
2.46958 0.0020138 0.00133595
2.48575 -0.0322648 -0.00159088
2.55873 -0.0308456 -0.000976475
2.55903 -0.0400703 -0.000523003
2.59526 -0.00679588 -0.00122944
2.61814 -0.0424075 0.00326022
2.68858 -0.0614002 0.00321731
2.72981 -0.0109417 0.00446924
2.70562 0.000320911 0.000933735
2.76937 -0.0283864 0.0021337
2.81819 -0.0108485 0.00388869
2.78629 -0.0614605 -0.000487717
2.87265 -0.0595827 0.000949232
2.83245 0.0182478 0.000567285
2.83416 0.00946045 0.000659076
2.81808 -0.0480585 0.00274047
2.83323 -0.0416398 0.00373968
2.82301 -0.0206165 0.00288757
2.81435 -0.0333009 -0.000429066
2.82635 -0.0556464 0.00261888
2.83689 -0.0539875 0.00275954
2.89124 -0.0124035 0.00248417
2.88481 -0.0251651 0.00203404
2.94088 -0.0217271 0.000652639
2.91962 -0.0384951 0.00101504
2.93055 0.000252247 -0.000614794
2.93356 -0.0411711 0.000983802
2.94033 0.00918055 -0.00127545
2.9615 0.0516205 -0.0038437
2.97838 -0.0835662 -0.0049378
2.94264 -0.00309038 -0.00430981
3.00253 -0.111923 -0.00207773
3.03913 -0.0513768 0.00114617
3.00352 -0.101585 0.00134429
3.00218 0.00171185 0.00189337
3.04582 0.00328159 0.000471203
3.03956 0.0190291 0.00147089
3.05972 -0.0585027 0.0025011
3.04861 -0.021893 -0.000417145
3.05455 -0.026895 0.000472633
3.06781 -0.0519872 0.000660507
3.05262 -0.0980444 0.00343331
3.02061 -0.119022 0.000792829
3.00495 -0.0367656 -0.00180498
2.99016 -0.0927379 -0.00418487
2.99627 -0.0764718 -0.000199707
2.98227 -0.0679786 -0.000211151
2.96247 -0.0628343 -5.26031e-05
2.97867 -0.0552468 -0.000343951
2.95818 -0.0923896 0.000740616
2.95615 -0.0661862 -0.000354918
2.92463 -0.0874133 0.00129184
2.94577 -0.0256295 -0.000865849
2.98153 -0.0244241 -0.00178161
2.93607 -0.0633621 0.000372259
2.90447 -0.009974 0.00230488
2.83343 -0.0590057 0.00102004
2.78467 -0.0591807 -0.000437888
2.76854 -0.0692978 0.00138315
2.67773 -0.0655653 0.000854103
2.66469 -0.0493412 -0.000229987
2.55793 -0.0475299 -0.000651987
2.48578 -0.0156858 -0.00499645
2.42132 -0.0311611 -0.0100104
2.35632 -0.0509419 -0.0157708
2.29686 -0.0258589 -0.0174157
2.11854 -0.0289898 -0.0192124
2.07206 -0.0739841 -0.0234305
2.00674 -0.0981607 -0.0232634
1.85924 -0.0540891 -0.0296771
1.7814 -0.0620251 -0.0347914
1.70282 -0.137367 -0.0398006
1.56361 -0.063549 -0.0445139
1.51445 -0.0962887 -0.0442545
1.38587 -0.0815721 -0.0471171
1.36428 -0.166214 -0.0514254
1.35897 -0.159264 -0.0539843
1.29512 -0.135809 -0.0511593
1.2502 -0.152394 -0.0554978
1.25986 -0.142675 -0.0612249
1.22919 -0.222904 -0.0635234
1.26917 -0.154848 -0.0631343
1.24347 -0.141994 -0.0661193
1.27155 -0.1337 -0.0646812
1.26979 -0.131217 -0.0646555
1.36023 -0.210342 -0.0623697
1.33937 -0.147849 -0.0622896
1.3855 -0.137623 -0.0574698
1.38434 -0.135993 -0.0512377
1.47099 -0.126408 -0.04818
1.51205 -0.128519 -0.0444635
1.49904 -0.0974159 -0.034052
1.56678 -0.100227 -0.0314693
1.56656 -0.034481 -0.0286199
1.67154 -0.119936 -0.0251936
1.66925 -0.0603709 -0.0244676
1.64613 -0.0670543 -0.0214402
1.70202 -0.0185728 -0.0177886
1.76529 -0.0687499 -0.0171355
1.75358 -0.0396042 -0.0141455
1.83542 -0.0401878 -0.0102564
1.96527 -0.0203619 -0.00332013
1.94441 -0.0902939 -0.00554124
1.99603 -0.0515008 -0.00183073
2.09537 -0.0549412 -0.000496777
2.09142 -0.0361772 0.00358137
2.14932 0.0211343 0.00195202
2.18236 -0.0462542 0.00136408
2.33801 -0.045135 -0.00908891
2.25909 -0.00182819 -0.00501433
2.34918 -0.0466022 -0.00379744
2.40066 -0.0431767 -0.00231162
2.4489 -0.0530815 0.000735132
2.46551 -0.0267754 0.00329551
2.49842 0.0115337 0.00494322
2.52811 -0.029911 0.00147542
2.57427 0.0206757 0.00363216
2.55411 0.00759315 0.00273546
2.63658 -0.0811348 -0.000461253
2.55655 -0.00418854 -0.0029048
2.50357 -0.00774002 -0.00288287
2.52696 -0.0103245 -0.00137225
2.52678 -0.020155 0.00301108
2.47657 -0.0310154 0.00135717
2.47033 0.0288391 0.00552329
2.51745 -0.0286465 0.00621947
2.6379 -0.0149803 0.00768241
2.48411 -0.00649643 0.00395331
2.57309 -0.0080471 0.0058454
2.59839 0.0116901 0.00854763
2.71327 -0.0140572 0.00764116
2.67891 -0.00556183 0.00338444
2.78714 -0.00285912 0.00519094
2.79118 -0.0480194 0.00342211
2.69719 -0.00134087 0.00176844
2.83032 -0.0398159 -0.00363103
2.82455 -0.058733 -0.0034267
2.94741 -0.0460815 -0.00373545
3.00091 -0.0663624 -0.00651899
3.00137 -0.0483131 -0.00913373
3.04034 -0.0635939 -0.00663439
3.12805 -0.0687637 -0.00809923
3.06466 -0.0496292 -0.00999847
3.21261 -0.0327406 -0.00205627
3.20294 -0.0217905 -0.00202981
3.26435 -0.0586433 0.00283989
3.28866 -0.012269 0.000379888
3.36133 -0.0459518 -0.00318065
3.51455 0.0419712 0.00594458
3.43803 -0.0299053 -0.0053114
3.584 0.0138435 0.00170049
3.57545 -0.00378799 0.00132331
3.56033 -0.0202856 0.00151309
3.67035 0.0384674 0.00153813
3.66885 -0.0431156 -0.00085512
3.67976 -0.0285292 0.00212917
3.76082 0.0129385 0.00432429
3.75366 -0.076333 0.000533668
3.76527 0.00875282 0.0023981
3.7789 -0.0209093 -0.00108686
3.88489 0.0371437 0.004958
3.90999 -0.067275 0.000657407
3.89159 -0.147184 -0.00203768
3.85679 -0.0887537 -0.00801841
3.92067 -0.0506649 -0.00243989
3.94587 0.0123816 -0.00187627
4.0122 -0.0414534 -0.00125566
4.04408 -0.0882187 0.00819406
4.04369 -0.00917912 0.00419411
3.98091 -0.0310879 0.00327691
3.95768 -0.0115499 0.00588831
3.8545 -0.123899 7.92424e-05
3.90081 -0.152294 0.00165352
3.91252 -0.161766 0.00342759
3.84562 -0.0841408 0.000384895
3.90569 -0.115545 0.00269398
3.87063 -0.097908 0.00352248
3.70054 -0.176514 0.00127372
3.66045 -0.0932503 0.000461904
3.72356 -0.00431633 0.00181755
3.70888 -0.0030365 0.00135645
3.66544 -0.007267 -0.00305978
3.7111 -0.116983 -0.000954541
3.6689 -0.109291 -0.00631967
3.66087 -0.0196705 -0.00286046
3.73093 -0.0612793 -0.00437442
3.62169 -0.0896587 -0.00368062
3.81668 -0.0402889 0.000112859
3.66099 0.00767708 0.00289282
3.68357 -0.10071 -0.00451103
3.74749 -0.104057 -0.000709208
3.69666 -0.0951538 0.0014697
3.68388 -0.0635338 0.00107822
3.68189 -0.0612335 0.000433056
3.72538 -0.0710964 0.00286826
3.76743 -0.067215 0.00401935
3.63893 -0.0840816 -0.00109568
3.75365 -0.10446 -0.000794323
3.80427 -0.0741196 -0.000458868
3.74895 -0.0907917 -0.00149694
3.77397 -0.104334 -0.00186077
3.94479 -0.0940552 0.00090584
3.81587 -0.0256557 -0.00142327
3.86865 -0.0774393 0.000349371
3.79598 -0.103154 0.00339827
3.88052 -0.0519676 0.00149092
3.85182 -0.0714321 0.00513205
3.8061 -0.00679016 -0.000971468
3.94189 -0.0679016 0.000551788
3.95789 -0.0845938 0.00192746
3.93536 -0.0684576 0.00109753
3.98948 -0.110442 0.000476209
3.92263 -0.0667715 0.000218479
3.89703 -0.113428 -0.00143519
3.99574 -0.01752 0.00141296
3.98389 -0.084259 0.000168888
3.95913 -0.0848398 0.000429956
3.92206 -0.0926123 -0.0032436
3.94682 -0.112987 -0.00209585
4.12568 -0.176916 -0.00251261
4.10366 -0.108049 0.000647632
4.01343 -0.0798254 -0.000195177
4.10785 -0.0667572 0.000913231
4.05559 -0.0703974 -0.00169769
4.15032 -0.065609 0.00197562
4.14165 -0.0132341 0.00338444
4.07104 -0.0555439 -9.2109e-06
4.08754 -0.0648375 0.00268253
3.91994 -0.0735607 0.00058159
3.9767 0.0150938 -0.00225559
3.93047 -0.117206 0.000995247
3.95603 -0.0606937 -8.86043e-05
3.94312 -0.0148134 0.00226959
3.94509 -0.085125 0.00239023
3.84118 -0.0774851 0.00115523
3.91379 -0.0258389 0.00281533
3.87265 -0.0538864 3.6637e-06
3.85434 -0.0880795 -0.000754269
3.88918 -0.114796 -0.000995787
3.84709 -0.0575848 -0.00403992
3.83175 -0.11068 -0.000428112
3.86308 -0.0876255 -0.00192633
3.91631 -0.136411 -8.24054e-05
3.89947 -0.0942955 0.000658838
3.92318 -0.0757313 0.00131663
3.97481 -0.11647 0.000741092
3.85407 -0.080822 0.00045356
3.83601 -0.116053 0.00131592
3.87506 -0.0735607 -0.00223366
3.94306 -0.0952358 0.000584928
3.89114 -0.102592 -0.00157443
3.9706 -0.146166 0.000579206
3.93335 -0.114067 0.00129232
4.05273 -0.116589 -0.00222841
3.93883 -0.0801773 -0.00180283
3.92846 -0.0982037 0.000683633
3.92697 -0.0946369 0.000514356
3.9907 -0.0934944 0.00168904
3.89068 -0.038908 -0.000525864
3.95049 -0.107028 0.000668852
4.09499 -0.138092 0.000615446
3.99919 -0.11692 0.00184616
3.91948 -0.162759 -0.001923
4.08674 -0.0857992 0.00241622
3.94427 0.0464592 0.000447599
3.97194 -0.0484591 -0.000694903
3.9976 -0.105577 0.00105914
3.98742 -0.0646276 -0.00182453
4.02583 -0.0708628 -0.00178209
4.02474 0.00820446 0.00333819
3.95876 -0.114238 -0.00198785
4.00666 -0.107728 0.00108513
4.0111 -0.0737972 -0.00226441
3.93977 -0.105857 0.00114474
3.91183 -0.039217 0.000615684
3.83842 -0.149555 0.00247845
3.98554 -0.0455265 0.00238165
3.93628 -0.0444813 -0.000551613
3.8951 -0.0561295 -0.000647219
3.84022 -0.0517445 -0.00122658
3.85681 -0.0257492 0.0014852
3.96193 -0.0787106 0.000243751
3.84335 0.0115929 -0.00121775
3.91215 -0.0927124 -0.000540884
3.77471 -0.105821 0.00282821
3.91838 -0.0295095 -0.00177232
3.88118 -0.0685482 -0.000397595
3.7812 -0.0864525 0.000297157
3.82489 -0.0643215 0.000899164
3.82481 -0.0421124 -0.000538023
3.75934 -0.0680037 -5.18878e-05
3.6724 -0.130062 -0.00527659
3.79727 -0.04879 -0.000369223
3.81623 -0.0626507 0.00110277
3.81063 -0.0386 -0.00236955
3.82839 -0.0349083 -0.000959071
3.68449 -0.0427599 -0.000178965
3.73733 -0.0743408 -0.00248066
3.79253 -0.0730057 -0.0067021
3.72829 -0.1001 -0.00413981
3.68978 -0.113577 -0.00776997
3.67979 -0.0607643 -0.00747433
3.73121 -0.0846348 -0.00661484
3.67444 -0.025383 -0.00860349
3.70007 -0.0954151 -0.006843
3.66924 -0.0883675 -0.00632015
3.65555 -0.157318 -0.00614944
3.64619 -0.0695496 -0.00597611
3.66131 -0.0562115 -0.0080823
3.66501 -0.0748854 0.00151953
3.60688 -0.0660477 -0.00156847
3.57025 -0.0783501 -0.0044972
3.61496 -0.0545845 -0.0025467
3.69501 -0.0722046 -0.000685128
3.67309 -0.0908604 -0.00226036
3.63819 -0.0810795 -0.0023264
3.65246 -0.0688381 -0.00257316
3.64651 -0.132586 -0.000622185
3.67609 -0.0934753 0.00176629
3.66524 -0.0626965 0.00127777
3.66824 -0.053093 0.00183448
3.50677 -0.1098 0.00312146
3.62175 -0.097002 0.000950185
3.58479 -0.110369 -0.00110761
3.57928 -0.0234699 0.00158152
3.60807 -0.0697021 0.000640718
3.56812 -0.0721531 0.000806657
3.62351 -0.072958 -0.000211867
3.58318 -0.0724602 -0.000451239
3.63352 -0.0307493 0.000691263
3.60257 -0.0677223 9.06865e-05
3.60492 -0.00275612 -0.00163284
3.53203 0.000413895 -0.00166646
3.58068 -0.0539837 0.000345318
3.57747 -0.0522594 -0.00214282
3.56113 -0.0653057 -0.00241819
3.62625 -0.0471439 -0.00232068
3.52941 -0.0720425 2.4883e-05
3.60496 -0.0885468 -0.000868471
3.5275 -0.0308743 0.00299057
3.58717 -0.0659504 0.00311407
3.45324 -0.0209732 0.00186094
3.53723 -0.0533123 0.000210373
3.55574 -0.086565 0.000405876
3.58081 -0.0753326 0.00500926
3.39544 -0.0418701 -0.000785979
3.58517 -0.0715923 0.00212034
3.49542 -0.0748978 -0.000610741
3.53006 -0.0355568 0.00358662
3.51622 -0.0821819 -0.00155512
3.51134 -0.164824 0.000150768
3.51317 -0.0831108 -0.000411661
3.51564 -0.0408134 -0.00251237
3.53454 -0.112408 -0.000143679
3.54838 -0.114904 0.000801412
3.63409 -0.0387859 0.00235519
3.56318 -0.0262814 -0.00689188
3.57638 -0.096983 -0.00381986
3.55831 -0.124594 -0.00254598
3.56114 -0.0574589 -0.00425235
3.53511 -0.0559082 -0.00258723
3.65393 -0.0569115 -0.0057129
3.55763 -0.0998402 -0.00114909
3.5425 -0.0461617 -0.00206724
3.52141 0.0276012 -0.000836285
3.46706 -0.0856075 -0.00332204
3.5732 -0.0380459 0.00173244
3.5295 -0.0312595 -0.00194398
3.53336 -0.0615654 0.00290188
3.57255 -0.0462284 0.00226292
3.5409 -0.0491772 -0.0035874
3.52137 -0.0493135 -0.000988158
3.47901 -0.0786076 -0.000382336
3.48189 -0.0109425 -0.00188151
3.57482 -0.112123 0.00115952
3.419 -0.0487862 -0.00166193
3.52715 -0.079463 -0.00170604
3.54147 0.0200787 0.00406131
3.44008 -0.0297585 0.00037512
3.52434 -0.0550499 0.00021228
3.51891 -0.0572577 -0.000299605
3.42872 -0.0783262 0.000586359
3.45913 -0.120826 0.00215253
3.47677 -0.0649433 0.000459758
3.57321 -0.0641422 0.00190028
3.59242 -0.0575466 0.00254091
3.60047 -0.0571375 0.000502435
3.69827 -0.0706806 0.00475964
3.48049 -0.048769 -0.00242105
3.6517 0.00744343 0.00276765
3.61264 -0.0525198 -0.00025502
3.60994 -0.0408697 -0.000968369
3.69583 -0.0407333 0.000304548
3.62424 0.0468521 0.00130304
3.61208 -0.111464 -0.00238124
3.6462 -0.0511246 0.000493852
3.68372 -0.020133 -0.00120798
3.61661 -0.0298576 -0.00143782
3.75759 -0.0396252 -0.00305239
3.69256 -0.0292854 -0.000349434
3.66985 -0.116236 0.000187961
3.69295 -0.087285 0.00043091
3.67049 -0.0850716 -0.000772389
3.70916 -0.0604687 -0.00472632
3.63427 -0.0673475 -0.00239364
3.58276 -0.0777426 0.000723449
3.59793 -0.101418 -0.00292054
3.60404 -0.0520773 -0.000294598
3.51887 -0.021595 0.00493821
3.57874 -0.0374184 -0.00121275
3.52467 -0.0209665 -0.00103441
3.45754 -0.0264177 -0.00337735
3.49268 -0.0636148 0.00284323
3.54851 0.00888824 0.00280723
3.46084 -0.0626574 0.00391421
3.49676 -0.052578 -0.00141564
3.41138 -0.0273666 -0.00267926
3.37251 -0.0445938 -0.00295797
3.5087 0.0190697 -0.00119487
3.40029 -0.0418558 0.000704853
3.36909 -0.0824728 0.000190107
3.15129 0.0094986 -0.00195423
3.42341 -0.00939083 -0.00194541
3.39394 -0.044116 -0.000950249
3.44109 -0.0185528 0.00238403
3.54815 -0.0192437 0.00356635
3.5597 -0.112019 0.000772087
3.53129 -0.0528641 -0.0025951
3.57496 -0.0441055 -0.00415626
3.47822 -0.0762334 -0.00630537
3.43114 -0.0915651 -0.00612107
3.48915 -0.0584683 -0.00342623
3.46042 -0.0730472 -0.00661841
3.56172 -0.068923 -0.00522796
3.48746 -0.026794 -0.00402561
3.48863 0.0192685 -0.00129023
3.54887 0.0478144 0.000697462
3.44148 0.0218716 0.00109395
3.4969 -0.0815916 -0.00100485
3.45943 0.0318689 0.00268778
3.43067 -0.0210915 0.00299415
3.43521 -0.095747 0.00496754
3.3477 -0.0173683 0.00483641
3.3506 -0.0387726 0.00491699
3.38758 -0.103302 0.00406655
3.36084 0.0433207 0.000312416
3.20142 0.0410404 0.00157651
3.28389 -0.0668535 0.000913707
3.25461 0.00337124 -0.00548569
3.21525 0.0110364 -0.00418249
3.17583 -0.0578814 -0.00250784
3.11714 -0.0838108 0.00194678
3.10318 0.0208602 0.00378832
3.06211 0.00071764 0.00159415
3.01587 -0.0453095 -0.00260177
2.86768 -0.0241981 0.00314173
2.80663 0.0309062 -0.000718268
2.69092 0.000761986 -0.00376454
2.73724 0.0144186 -0.00647488
2.57512 0.0412042 -0.0101644
2.58829 0.0792868 -0.02045
2.30007 -0.0591921 -0.0261916
2.16361 -0.0888383 -0.0313613
2.07696 -0.105145 -0.0356816
1.95156 -0.101477 -0.040661
1.86063 -0.175062 -0.0461842
1.79507 -0.102051 -0.0446176
1.68158 -0.129414 -0.0623542
1.6107 -0.132133 -0.0604405
1.54591 -0.0700169 -0.0577966
1.40592 -0.129605 -0.0583481
1.4118 -0.0727177 -0.0661568
1.31239 -0.136981 -0.0673408
1.24326 -0.118961 -0.0732793
1.28927 -0.143746 -0.0799483
1.20837 -0.169409 -0.087501
1.17776 -0.161148 -0.0918912
1.11924 -0.200764 -0.0983197
1.15369 -0.196595 -0.0950424
1.152 -0.194978 -0.0895242
1.16655 -0.19655 -0.0869433
1.14619 -0.169626 -0.0810436
1.20304 -0.211564 -0.0841347
1.19031 -0.180081 -0.0885655
1.22038 -0.251132 -0.089558
1.25392 -0.178036 -0.0916268
1.30961 -0.232959 -0.0851795
1.34115 -0.151402 -0.0638281
1.39854 -0.108788 -0.0453116
1.43217 -0.089304 -0.0287077
1.50173 -0.0737491 -0.0256673
1.54376 -0.0736856 -0.0143601
1.61215 -0.0513592 -0.00935403
1.67312 -0.0115883 -0.00524512
1.72724 -0.0190921 -0.000949534
1.74685 0.0382731 -0.000121268
1.82736 -0.00839233 0.0014492
1.87779 0.0092361 0.00087413
1.95932 0.011153 0.000677911
1.98261 0.0018115 0.000686971
2.09652 0.00603914 0.00110659
2.11248 0.0140441 -0.0011088
2.19093 -0.0137177 0.00106606
2.2383 -0.0501509 0.000159113
2.33049 -0.000825882 0.00412234
2.35601 0.0660284 0.00258168
2.39335 0.00533715 0.00311669
2.4321 -0.00655532 0.000772802
2.49392 0.00656772 0.00051984
2.54663 -0.0120718 -9.8141e-05
2.56565 -0.0100391 -0.00266186
2.59343 -0.0324988 -0.00162497
2.664 -0.00569582 -0.000671776
2.71705 0.00391293 -0.00285712
2.75643 -0.0143845 -0.00122658
2.80613 -0.0477705 -0.0002853
2.83756 -0.0113823 -0.000444325
2.92771 -0.0397928 -1.56482e-05
2.97183 -0.0151082 0.00130471
3.0251 0.00194645 0.00300702
3.05282 -0.00827408 0.00174126
3.10379 -0.01371 0.00241932
3.14012 -0.0105069 0.00182995
3.19612 -0.0313525 -0.000400933
3.22282 -0.0529869 -0.000145586
3.27546 -0.0389106 -0.000954064
3.31125 -0.0315702 -0.000548514
3.35029 -0.0326157 0.000413744
3.37961 -0.0340779 0.00109944
3.40847 -0.0475563 8.56797e-05
3.38721 -0.046335 0.000241367
3.47195 0.00840378 0.00162777
3.48896 -0.0337858 -0.0001978
3.48866 -0.0553029 -0.000242623
3.58399 -0.00548802 0.000834076
3.57851 -0.0662665 0.000538437
3.61803 -0.0389821 0.00374874
3.64372 -0.085686 0.0033234
3.67225 0.00397873 0.00157198
3.69544 -0.0138118 0.000910608
3.71891 -0.0235914 0.003589
3.72534 -0.0148988 0.00204238
3.69973 -0.074429 0.001165
3.64051 -0.0741239 0.0063332
3.68958 -0.0145516 -0.000454338
3.66458 -0.0600159 0.000621406
3.6713 -0.0379844 0.000452129
3.67526 -0.0381222 0.000933496
3.6587 -0.0581069 0.000517694
3.66927 -0.0342779 -0.000152262
3.67175 -0.0568447 0.000959961
3.66569 -0.0255489 0.000469295
3.68006 -0.0346742 0.000434009
3.7036 -0.0670488 0.00566539
3.70296 -0.0251293 -0.000256689
3.6788 -0.0663671 -0.0022389
3.69822 -0.0378966 0.000627605
3.63868 -0.0333853 0.000363914
3.6265 -0.0386209 0.00355252
3.6164 -0.0202994 0.00110706
3.58786 -0.0404058 0.0033265
3.55493 -0.034369 -0.000301274
3.52454 -0.0283689 0.000407068
3.55502 -0.105883 0.000175802
3.49049 0.0040617 0.0021809
3.48367 0.02021 0.00101718
3.45694 -0.0282683 0.000136463
3.4765 -0.00592136 0.00203022
3.45317 -0.0366044 -7.11997e-05
3.43833 -0.033958 0.000168888
3.41883 -0.0304117 0.000414936
3.40343 -0.0685182 0.00401053
3.38081 -0.0277245 0.00206432
3.34428 -0.0372558 0.00308713
3.31177 -0.0282764 0.00163588
3.30638 -0.0488849 0.00412711
3.3009 -0.0627654 0.00169715
3.24524 -0.0477548 0.00360593
3.26184 -0.0417733 -0.000995072
3.23256 -0.0861769 0.000704614
3.1633 -0.0438874 -0.00139275
3.20701 0.0100746 0.0039328
3.19412 -0.0602636 0.00197586
3.15351 -0.0594587 0.000891534
3.08672 -0.0388789 0.000840751
3.0535 -0.0314708 0.000228731
3.09673 -0.008461 0.00188407
3.05608 -0.0420952 0.00066909
3.03547 -0.0122967 0.00341233
2.99839 -0.0372429 0.00176105
2.92841 0.000179291 0.00471243
2.90684 -0.0239315 0.00270137
2.75546 -0.0446496 0.0006555
2.66072 -0.0857325 0.000396339
2.55425 -0.0250874 0.000719635
2.45968 -0.0210962 0.00288209
2.20775 -0.0276177 0.00632867
2.10453 0.00349522 0.00582418
2.00054 0.024581 0.00664958
1.86274 0.0257564 0.00428352
1.7424 -0.0335941 0.00386724
1.60135 -0.0114489 -0.0021545
1.5275 -0.00887299 -0.00260869
1.37825 -0.00709057 -0.0221225
1.35135 0.00321674 -0.0311143
1.33795 -0.0157557 -0.0411848
1.33023 -0.00823307 -0.0538553
1.22913 -0.0976367 -0.0652625
1.20183 -0.124691 -0.0768043
1.2032 -0.211379 -0.088122
1.20214 -0.253135 -0.0903777
1.18712 -0.0914237 -0.102786
1.15364 -0.125856 -0.105561
1.19436 -0.255917 -0.112893
1.18634 -0.303038 -0.115066
1.14276 -0.161711 -0.118128
1.20676 -0.265911 -0.109555
1.27346 -0.19314 -0.0960177
1.29516 -0.180749 -0.065432
1.41297 -0.0715737 -0.0396492
1.5322 -0.00392807 -0.0157444
1.58916 0.0195327 -0.00891176
1.70838 -0.0708046 -0.00614062
1.66275 0.01473 -0.00544587
1.86411 -0.00685215 -0.00124708
1.82768 0.0575628 0.000708667
1.97806 -0.0117013 0.00463256
2.00035 0.0318426 0.00819525
2.11768 -0.0192518 0.0124603
2.25681 -0.0265093 0.0111528
2.25083 -0.0227051 0.0156732
2.34767 -0.0252666 0.013933
2.38637 0.0482016 0.016518
2.46896 0.0281081 0.0154777
2.52595 -0.0101974 0.0146933
2.59961 -0.000867844 0.0137268
2.64489 0.0348244 0.00960883
2.74467 -0.00829315 0.00877508
2.89915 -0.0355282 0.0129765
2.82647 0.0125809 0.008782
2.95958 -0.054884 0.00626239
2.96643 -0.00231171 0.00336966
3.08471 -0.0415268 0.00346932
3.15004 -0.0336685 0.00193056
3.22439 -0.0647335 0.00479469
3.25447 -0.0440941 0.00197372
3.247 0.00399208 0.00159821
3.43356 -0.0550251 0.00321802
3.43094 -0.0331669 0.00301036
3.46982 0.022171 0.00153717
3.44621 -0.0533428 0.00308308
3.4387 -0.0195312 0.00153789
3.40467 -0.0536079 0.00120839
3.40971 -0.0530262 0.00103339
3.41719 -0.0434055 0.000264255
3.45917 -0.0685425 -0.00202123
3.44872 -0.0582123 4.34796e-05
3.52107 -0.0169392 0.00266537
3.60999 -0.0790977 -0.000530394
3.6157 -0.0429859 0.00133046
3.71596 -0.0431156 -0.000639113
3.75878 -0.0248013 0.00233397
3.79568 -0.0713634 -0.00103274
3.7876 -0.0427818 -0.000142487
3.88622 -0.0262394 0.0012196
3.87245 -0.0522327 0.00255617
3.88338 -0.0269489 0.00415596
3.9476 -0.0299873 0.00188622
3.97868 -0.0251465 -0.00147858
4.00177 -0.0543442 -0.000173243
4.01923 -0.0724945 0.00278911
4.0317 -0.0709286 -0.00181022
4.10205 -0.0900192 0.000863401
4.06536 -0.030777 0.000274984
4.10973 -0.0786438 0.0009993
4.03238 -0.0395184 0.0039595
4.11828 -0.0450497 0.00518569
4.10298 -0.0446358 0.00537452
4.09631 -0.0397377 0.00648388
4.07687 -0.0558853 0.00462398
3.98514 -0.0839748 0.00156554
4.12477 -0.05653 0.00720414
4.1386 -0.103109 0.00601014
4.05866 -0.0377178 0.00522718
4.10451 -0.0610714 0.00507435
4.10417 -0.0753155 0.0075756
4.08761 -0.0338745 0.00680288
4.10102 -0.1063 0.00806793
4.20557 -0.0481567 0.00800571
4.16025 -0.026865 0.0077084
4.12663 -0.0240879 0.0100645
4.24369 -0.059269 0.0106221
4.15827 -0.0301609 0.0096899
4.2633 -0.0521603 0.00746974
4.2686 -0.0845356 0.0066987
4.30005 -0.0474739 0.00351438
4.31491 -0.0804214 0.00316438
4.3488 -0.0425644 0.0053626
4.38136 -0.032156 0.00597986
4.45515 -0.0525074 0.0076302
4.45837 -0.0497913 0.00551972
4.38085 -0.0297871 0.00819859
4.36628 -0.00377464 0.00651392
4.43158 -0.0134315 0.00574621
4.29218 -0.100435 0.0103386
4.23521 -0.0477123 0.00411114
4.30481 -0.0456638 0.00522932
4.27845 -0.0610409 0.00549254
4.23932 -0.0544872 0.00439462
4.25129 -0.0490627 0.00458488
4.22563 -0.0823307 0.00395283
4.22267 -0.0974216 0.00731048
4.24827 -0.0486794 0.00501618
4.20268 -0.0426311 0.00580105
4.22409 -0.0445395 0.00230631
4.20936 -0.091568 0.00188049
4.16995 -0.0780773 1.36773e-05
4.19899 -0.0692806 0.00021824
4.26888 -0.080534 0.00153908
4.23671 -0.0893116 0.0051814
4.30926 -0.00689125 0.00411853
4.25145 -0.0412388 0.0047172
4.17587 -0.00752831 0.0037981
4.22101 -0.0105419 0.00299749
4.2018 -0.0140705 0.00531778
4.1318 -0.00806236 0.00677451
4.22209 -0.0929813 0.00533327
4.25828 -0.095068 0.00252637
4.22518 -0.110552 -0.00184027
4.19474 -0.0477142 -0.00129715
4.25704 -0.106272 0.00173816
4.2822 -0.0248461 0.00217971
4.15522 -0.0383186 0.00135693
4.16096 -0.0562649 0.00285896
4.17295 -0.0237484 0.00588354
4.16022 -0.0549421 -0.000669869
4.10919 -0.0932426 -0.00105635
4.16875 -0.0365849 -0.000308426
4.1014 -0.104235 -0.00202051
4.12753 -0.0325632 0.00690493
4.12706 -0.0141344 0.00536689
4.16283 -0.0469923 0.00223121
4.17848 -0.0603724 0.0050219
4.23483 -0.0583572 0.00665077
4.08391 -0.0949879 0.00290522
4.12151 -0.066288 0.00424847
4.16359 -0.00958824 0.00892648
4.15785 -0.0670033 0.0073584
4.10951 -0.0603962 0.00688729
4.10612 -0.0553818 0.00808868
4.03896 -0.0326996 0.0043796
4.02939 -0.0783749 0.00971159
4.13004 -0.0616951 0.0128013
4.0131 -0.0580158 0.0118216
4.02063 -0.0616016 0.00952634
3.99254 0.000207901 0.00458202
4.01156 -0.0530357 0.00561532
3.91762 -0.0454884 0.00774464
3.96399 -0.0289783 0.00652608
3.88994 -0.0577869 0.00706109
3.9153 -0.116703 0.00780114
3.77968 -0.0565662 0.0049797
3.99216 -0.00554466 0.0092152
3.93251 -0.0326767 0.00874862
3.90198 -0.00982857 0.00712332
3.98809 -0.0543633 0.00752672
3.92326 -0.0507011 0.00694021
4.05483 -0.0552425 0.0113347
4.02146 -0.0947742 0.00943336
4.12918 -0.0631142 0.00749573
4.07634 -0.0693283 0.00679502
4.06536 -0.0608063 0.00660857
4.11945 -0.00305557 0.00383052
4.09335 -0.0527763 0.00400933
3.99141 -0.0456581 0.00962433
4.04114 0.00131607 0.00532135
4.02713 -0.0415955 0.00672158
4.10002 -0.022583 0.0037497
4.23912 -0.102104 0.004006
4.06706 -0.0647736 -0.000670107
4.03968 -0.0690422 0.000322906
4.06573 -0.0837784 0.00373015
4.01681 -0.0972233 0.00355634
3.92954 -0.131462 0.00235304
3.95612 -0.0861359 0.000502197
3.93369 -0.0432739 0.000517933
3.89092 -0.108492 -0.000786455
3.91515 -0.0894947 -0.000379952
3.88722 -0.0808849 0.00114092
3.95475 -0.10454 0.00334653
3.88182 -0.0688057 -0.000232371
3.91387 -0.022707 -0.000302943
3.87603 -0.0449867 0.00137004
3.91938 -0.00585747 0.000566093
3.81571 -0.0306435 0.0011023
3.95943 -0.0340462 0.00545892
3.91589 -0.0533829 0.00192913
3.90559 -0.0277405 0.00696406
3.8522 -0.160315 0.00425109
3.99395 -0.0514832 0.00429568
3.92511 -0.0394478 0.00323447
3.92882 -0.0912895 0.000691024
3.92278 -0.0706425 0.00195488
3.96449 -0.114082 0.00107536
4.04285 -0.018959 -0.00281444
3.99961 -0.0491085 -0.000771912
4.02458 -0.082571 0.000551311
4.01928 -0.0090847 0.00102624
4.10538 -0.0658131 0.00359162
4.07676 -0.111546 0.00480398
4.06785 -0.0534821 -0.0033373
4.12074 -0.0526581 -0.0020093
4.12746 -0.108982 -0.00298634
4.12492 -0.0205956 -0.00106374
4.05596 -0.039032 -0.00306288
4.08138 -0.141277 0.0047234
4.10632 -0.0319099 0.00139817
4.1209 -0.0503483 0.00236138
4.12672 -0.0565567 0.00130543
3.97682 -0.125355 0.00465902
4.03553 -0.050396 0.00220975
3.95084 -0.111559 0.002745
4.1023 -0.0471344 0.00194391
4.09301 -0.121656 0.00067052
3.9804 -0.144226 0.0012556
3.91123 -0.0485897 0.000438539
3.8465 -0.110947 -0.00212494
4.02228 -0.102953 -0.00176659
3.97461 -0.126204 0.0067881
3.9311 -0.0914726 0.000641195
3.96453 -0.000505447 0.00132379
3.95856 -0.0501003 0.00119981
3.8693 0.0245094 0.00139007
3.90288 -0.111336 0.00173387
3.87912 -0.131266 0.00111851
3.89526 -0.0328407 -0.00031987
3.87175 -0.0391273 0.00335821
3.97867 -0.114813 0.00156173
3.80825 -0.0799675 -0.000553759
3.97785 -0.0750809 0.000374405
3.73901 -0.0823498 -0.00318495
3.87181 -0.0132294 0.00157031
3.78142 -0.075367 -0.000394495
3.76155 -0.101864 -0.000637921
3.72184 -0.0938015 -0.000144156
3.83465 -0.0737667 -0.000668915
3.8234 -0.122286 0.000209657
3.67325 -0.222383 -0.000120314
3.72007 -0.0478745 0.00186881
3.69961 -0.123045 -0.00551048
3.68335 -0.16383 0.00167045
3.75074 -0.100426 -0.00268951
3.71478 -0.0546761 -0.00207988
3.70709 -0.118216 -0.000151547
3.67541 -0.074049 0.00176415
3.6696 -0.146557 0.000264494
3.67164 -0.0639648 -0.000423344
3.63051 -0.0438213 -0.00319424
3.69072 -0.0415859 -0.0001103
3.7005 -0.0748711 -0.00354043
3.73341 -0.0563793 -0.00292269
3.72236 -0.0907078 -0.00216976
3.78039 -0.107769 0.000347225
3.74755 -0.083334 -0.00126663
3.7896 -0.109617 -0.00194517
3.71869 -0.0510101 -0.00241605
3.74616 -0.119226 -0.00300423
3.79608 -0.0357094 -0.00176469
3.69924 -0.124733 -0.00364009
3.79518 -0.100918 -0.00499907
3.75785 -0.0600452 -0.00611654
3.66461 -0.160591 -0.0065004
3.76774 -0.105122 -0.00704518
3.72362 -0.118544 -0.00509468
3.81813 -0.10091 -0.00399152
3.77476 -0.0915222 0.00062236
3.7757 -0.0577354 0.000363676
3.76537 -0.0530319 0.00216493
3.77001 -0.0873299 0.00289592
3.74829 -0.0717697 0.0030261
3.74046 -0.07658 0.00417098
3.69922 -0.085247 0.00313672
3.65219 -0.0778027 0.0021902
3.67591 -0.0703354 0.00326738
3.65484 -0.0777283 0.00104031
3.62221 -0.0817623 0.000173656
3.61049 -0.0934029 0.00120386
3.5151 -0.0822067 -0.000664385
3.53262 -0.0400276 0.00025448
3.43452 -0.0855312 -0.000705632
3.46842 -0.0481434 -0.000749262
3.39305 0.0124302 -0.00470057
3.27294 -0.00405693 -0.00183192
3.23724 -0.0149002 -0.00355354
3.10407 -0.0501938 -0.00192347
2.99028 -0.119062 0.0011445
2.96957 0.0334167 0.00139054
2.85108 -0.00677395 0.000490514
2.80993 -0.0463333 0.0024651
2.7048 0.0254879 0.000562755
2.63061 -0.0122166 -0.00491825
2.52113 -0.0511112 -0.0101837
2.52131 -0.0194101 -0.0123622
2.40104 0.0132966 -0.0168859
2.21785 -0.0348215 -0.0215346
2.3053 -0.0276887 -0.0281457
2.19639 -0.043046 -0.0316846
2.08889 -0.154752 -0.034341
2.02345 -0.136276 -0.0377604
1.96883 -0.150848 -0.0439407
1.89831 -0.107193 -0.0513734
1.85407 -0.167051 -0.0587377
1.78803 -0.178907 -0.0600566
1.77458 -0.156698 -0.0573386
1.79649 -0.121268 -0.0557469
1.78722 -0.155492 -0.0581433
1.76228 -0.134363 -0.057315
1.76113 -0.145168 -0.0599698
1.76928 -0.13152 -0.0607232
1.73727 -0.14981 -0.0640861
1.74573 -0.181518 -0.0704116
1.79194 -0.181824 -0.0678114
1.78193 -0.231456 -0.0732011
1.8564 -0.191209 -0.0643455
1.8888 -0.171578 -0.0603623
1.89444 -0.184881 -0.056625
1.92385 -0.125858 -0.0475802
2.01163 -0.0978928 -0.0458545
2.01147 -0.105816 -0.0449509
2.0556 -0.132606 -0.0430602
2.08318 -0.124261 -0.0383588
2.17906 -0.138754 -0.0319697
2.22742 -0.0466862 -0.0239798
2.27969 -0.064744 -0.0222768
2.31712 -0.0721827 -0.0216676
2.39047 -0.048944 -0.0171813
2.44594 -0.0547113 -0.0153741
2.49101 -0.0454164 -0.0136305
2.54763 -0.112079 -0.0060679
2.61733 -0.0344968 -0.00307289
2.61383 0.0527592 0.000667659
2.65735 0.00304365 0.00231203
2.70834 -0.0432587 0.00180229
2.79196 -0.0306218 -0.00136796
2.81588 -0.00654459 -0.00265756
2.85195 -0.0378499 8.94944e-05
2.90418 -0.0793508 -0.00246516
3.0115 -0.037931 0.00256285
2.97954 0.0330803 -0.00291077
3.06237 -0.0449176 0.00309285
3.0829 0.0163147 4.94401e-05
3.12008 -0.0485561 -0.000342997
3.19597 -0.00716901 0.0021244
3.25146 0.0101211 0.00150761
3.29128 -0.0629778 0.00371894
3.33123 -0.0476565 0.00350031
3.3972 -0.0498595 0.00260624
3.42005 -0.0475979 0.00281176
3.43251 -0.0207386 0.00211391
3.49676 0.0128083 0.00385603
3.53858 -0.0841632 0.00362238
3.52141 -0.0755296 0.000246374
3.52302 -0.0350666 -0.000374945
3.46893 -0.0536666 -2.54234e-05
3.51642 -0.0484843 0.000112144
3.52721 -0.0359468 -0.000595482
3.49534 -0.0101628 0.00174078
3.54107 -0.124933 0.00114378
3.55749 -0.0316396 -0.000436695
3.5519 -0.0294371 0.000176756
3.56909 -0.0411496 0.000481931
3.55905 0.0150542 -0.00154057
3.59904 -0.0327506 -0.000100287
3.56855 -0.0435734 9.68854e-05
3.52557 -0.0414629 0.000902025
3.51696 -0.0107012 0.00227102
3.5335 -0.00182247 0.0013431
3.51165 0.000593662 -0.00125089
3.49735 -0.0768251 -0.00114528
3.49102 0.0301633 -0.000244053
3.481 -0.0813003 9.2117e-05
3.48231 -0.0559676 -0.000838192
3.4408 -0.0754867 -0.000142487
3.42179 -0.0452204 0.000493137
3.42185 -0.0611169 0.00108465
3.3255 -0.0443244 0.00554713
3.27192 -0.143704 0.0020543
3.26254 -0.115545 0.000893442
3.18244 -0.0576687 0.00231513
3.12788 -0.0670176 -4.18742e-05
3.07967 -0.0448852 0.00228676
3.02406 -0.00948191 0.00184569
3.00931 -0.0986094 0.00360331
3.01215 -0.0606446 -0.000546845
2.99148 -0.0723987 0.00324949
2.93237 -0.0245397 -0.000326069
2.85957 -0.0523465 0.000283806
2.82857 -0.048061 0.000240652
2.78844 -0.0565391 0.00126514
2.68544 -0.0444758 0.0010241
2.58443 -0.0558709 -0.00419656
2.51941 -0.0548615 -0.00599399
2.35801 -0.0667615 -0.0109114
2.24109 -0.0950046 -0.0135609
2.14408 -0.0503578 -0.0226096
2.06763 -0.0427934 -0.0247521
1.93101 -0.0717878 -0.0351221
1.88746 -0.067421 -0.0409316
1.78205 -0.130218 -0.0482055
1.65985 -0.143201 -0.0534395
1.64496 -0.132186 -0.0592875
1.62594 -0.153843 -0.0650934
1.55158 -0.209471 -0.067706
1.5809 -0.176826 -0.0706317
1.48602 -0.21472 -0.0748214
1.52465 -0.196792 -0.076671
1.57783 -0.188567 -0.079101
1.60193 -0.213446 -0.0788807
1.61515 -0.181198 -0.0776981
1.66811 -0.212852 -0.0741128
1.72933 -0.168146 -0.0669214
1.71054 -0.144784 -0.0565259
1.83264 -0.135525 -0.0467702
1.8365 -0.137025 -0.0506538
1.90133 -0.135339 -0.0518879
1.91596 -0.163979 -0.0467686
1.93087 -0.140302 -0.0473456
1.98007 -0.146706 -0.042194
2.0268 -0.118059 -0.0380751
2.10584 -0.156531 -0.0270759
2.02459 -0.0545516 -0.0273167
2.11184 -0.0921469 -0.0143322
2.11334 -0.0829067 -0.0138752
2.10873 -0.0661983 -0.0085918
2.04982 -0.0416536 -0.00190798
2.04172 0.0255085 0.00422796
2.06787 -0.0354548 0.00500855
2.05523 -0.0043807 0.00295743
1.99465 0.0599048 0.000623075
2.07448 -0.0210772 -0.00051585
1.95863 0.0564871 0.00207647
1.96272 0.0335865 0.00116262
1.95221 -0.0522881 0.00279626
1.93998 -0.0413952 -0.00025812
1.91278 -0.00569153 -0.00265447
1.90247 -0.00699234 -0.000268133
1.86842 0.0207691 -0.00413504
1.87005 -0.0378799 -0.000480088
1.79866 -0.0337887 -0.00280538
1.82126 -0.0464268 0.000913946
1.75426 0.000234604 -0.00298587
1.67401 0.0020237 -0.000512513
1.61882 -0.0794048 0.000553695
1.58811 0.0180187 0.000137417
1.58658 0.0157642 0.00410017
1.42082 -0.0292931 0.00171003
1.40434 -0.0139141 0.00180825
1.21262 -0.0118237 -0.00238148
1.25254 -0.0144711 0.00285539
1.08529 -0.0435066 -0.0011715
0.883759 0.0372868 0.000300495
0.839479 0.0178871 0.00138673
0.854887 -0.0319672 0.00183996
0.612273 -0.0354195 0.00106916
0.596492 0.0140648 -0.00260225
0.375229 0.00210953 -0.000456484
0.336059 -0.00271416 -0.000927599
0.251172 -0.00404549 -0.000995549
0.119266 0.00263977 -0.00061384
0.0303848 -0.0241089 -0.00119797
-0.0202351 -0.0038166 0.000579683
-0.0287685 -0.00235748 2.0353e-05
-0.0508714 0.0305538 0.000104992
-0.0053916 -0.00429344 -0.000690134
0.00103998 -0.0251446 -0.00107137
0.000206947 0.00742149 0.00121793
-0.00993729 0.00602913 0.00100192
0.00239468 -0.0123405 0.00119504
-0.00226402 -0.0164089 0.00132689
-0.0598726 0.0287571 -0.000514897
-0.0426407 0.0124168 0.000238983
-0.0394969 0.0209179 7.61429e-05
-0.0127077 0.011652 0.000731317
0.018374 -0.000411987 0.00170955
